1 0.8222659999999999 0.8875780000000001 0.81875 0.886016 0.8109379999999999 0.8835940000000001 0.803125 0.8835940000000001 0.799219 0.8820309999999999 0.792969 0.8765620000000001 0.785156 0.8757809999999999 0.777344 0.871875 0.775 0.871875 0.7671870000000001 0.8757809999999999 0.759375 0.8765620000000001 0.7625 0.8804690000000001 0.763281 0.884375 0.7671870000000001 0.884375 0.771094 0.8882809999999999 0.778906 0.890625 0.782031 0.89375 0.786719 0.895312 0.794531 0.89375 0.7984370000000001 0.895312 0.823437 0.8976559999999999 0.839844 0.8929690000000001 0.8421879999999999 0.8898440000000001 0.846875 0.8898440000000001 0.846875 0.8882809999999999 0.8265629999999999 0.8882809999999999 0.8222659999999999 0.8875780000000001
2 0.816406 0.502344 0.815625 0.49921899999999997 0.807812 0.49218799999999996 0.7953129999999999 0.485938 0.784375 0.485938 0.775 0.489844 0.772656 0.494531 0.778906 0.496094 0.782031 0.498437 0.7875 0.49921899999999997 0.792969 0.503906 0.79375 0.50625 0.7953129999999999 0.50625 0.801563 0.5125 0.8070309999999999 0.528906 0.8109379999999999 0.530469 0.8132809999999999 0.521875 0.8132809999999999 0.509375 0.816406 0.502344
1 0.146094 0.93125 0.145312 0.934375 0.142188 0.9375 0.135156 0.9617190000000001 0.135938 0.972656 0.13828100000000002 0.9789059999999999 0.14296899999999998 0.9773440000000001 0.146875 0.973438 0.150781 0.965625 0.15390600000000002 0.953125 0.160937 0.9476559999999999 0.164844 0.9398440000000001 0.16406199999999999 0.9367190000000001 0.15390600000000002 0.9367190000000001 0.150781 0.9320309999999999 0.146094 0.93125
1 0.084375 1 0.084375 0.9976559999999999 0.073438 0.9789059999999999 0.06875 0.973047 0.063203 0.9698439999999999 0.0625 0.957812 0.058594 0.957812 0.055469000000000004 0.9632809999999999 0.054688 0.975 0.057813 0.980469 0.0625 1 0.084375 1
1 0.23281200000000002 0.707813 0.23046899999999998 0.701562 0.23281200000000002 0.7 0.23906200000000002 0.699219 0.242969 0.694531 0.242188 0.692188 0.2375 0.690625 0.23125 0.6900000000000001 0.220078 0.689766 0.20078100000000002 0.6875 0.196875 0.688281 0.19375 0.690625 0.192969 0.697656 0.196875 0.699219 0.208594 0.7 0.211719 0.701562 0.22343700000000002 0.716406 0.228906 0.728125 0.23203100000000002 0.730469 0.23593799999999998 0.728906 0.23593799999999998 0.720313 0.23281200000000002 0.7125 0.23281200000000002 0.707813
2 0.505469 0.725 0.504688 0.728906 0.508594 0.733594 0.5125 0.735938 0.540625 0.736719 0.547656 0.735156 0.55 0.732812 0.548438 0.728906 0.532813 0.725781 0.505469 0.725
1 0.739063 0.20546899999999998 0.7375 0.20156200000000002 0.741406 0.197656 0.744297 0.18992199999999998 0.744609 0.180469 0.738281 0.192969 0.733594 0.196875 0.732812 0.19921899999999998 0.728125 0.20078100000000002 0.725 0.20546899999999998 0.716406 0.203125 0.715625 0.21718700000000002 0.724219 0.226562 0.735156 0.225 0.760937 0.217969 0.767969 0.2125 0.769531 0.20703100000000002 0.767969 0.20468799999999998 0.760937 0.20156200000000002 0.739063 0.20546899999999998
1 0.542969 0.16015600000000002 0.53125 0.16406199999999999 0.528906 0.16875 0.513281 0.170312 0.507031 0.172656 0.501563 0.172656 0.498437 0.16796899999999998 0.495313 0.16796899999999998 0.484375 0.177344 0.480469 0.182813 0.471094 0.18984399999999998 0.464063 0.18984399999999998 0.457031 0.1875 0.444531 0.17968800000000001 0.439063 0.178906 0.43671899999999997 0.177344 0.432031 0.177344 0.430469 0.178906 0.430469 0.182031 0.454688 0.203906 0.460156 0.20546899999999998 0.46796899999999997 0.20546899999999998 0.480469 0.202344 0.485938 0.197656 0.489844 0.196094 0.504688 0.196094 0.529687 0.18515600000000002 0.552344 0.171094 0.561719 0.161719 0.563281 0.157813 0.560937 0.155469 0.547656 0.157031 0.542969 0.16015600000000002
1 0.37421899999999997 0.334375 0.377344 0.330469 0.378125 0.325 0.377344 0.310937 0.372656 0.31171899999999997 0.370313 0.314063 0.370313 0.319531 0.366406 0.32734399999999997 0.35859399999999997 0.332812 0.35625 0.3375 0.35859399999999997 0.342187 0.375 0.346875 0.380469 0.346875 0.388281 0.34453100000000003 0.392969 0.339844 0.392188 0.336719 0.376563 0.3375 0.37421899999999997 0.334375
1 0.363281 0.31328100000000003 0.346094 0.314844 0.338281 0.319531 0.325781 0.310156 0.317969 0.307813 0.314844 0.310156 0.315625 0.314844 0.317969 0.317969 0.322656 0.321094 0.32734399999999997 0.326562 0.332812 0.32890600000000003 0.3375 0.32890600000000003 0.342187 0.33125 0.35 0.330469 0.3625 0.324219 0.366406 0.323438 0.370313 0.319531 0.370313 0.317187 0.36875 0.315625 0.363281 0.31328100000000003
1 0.071094 0.364844 0.070312 0.366406 0.060156 0.371875 0.054688 0.372656 0.053905999999999996 0.376563 0.052344 0.377344 0.045312000000000005 0.363281 0.041406 0.35859399999999997 0.036719 0.357031 0.033202999999999996 0.354141 0.026796999999999998 0.349688 0.015703 0.348828 0.025 0.357031 0.028125 0.366406 0.032031 0.36875 0.032812999999999995 0.372656 0.035937000000000004 0.37578100000000003 0.035937000000000004 0.377344 0.039844000000000004 0.380469 0.042187999999999996 0.385156 0.042187999999999996 0.388281 0.038280999999999996 0.395312 0.038280999999999996 0.397656 0.039844000000000004 0.399219 0.045312000000000005 0.396875 0.046094 0.394531 0.049219 0.392969 0.055469000000000004 0.385938 0.060156 0.384375 0.07656199999999999 0.37421899999999997 0.080469 0.37578100000000003 0.086719 0.373437 0.096094 0.37421899999999997 0.098437 0.371875 0.098437 0.36875 0.09375 0.366406 0.071094 0.364844
1 0.219531 0.28203100000000003 0.210156 0.271094 0.20703100000000002 0.269531 0.20156200000000002 0.263281 0.198438 0.2625 0.196094 0.260156 0.196094 0.258594 0.20625 0.249219 0.209375 0.240625 0.209375 0.228125 0.20468799999999998 0.225781 0.203125 0.228125 0.202344 0.23593799999999998 0.19921899999999998 0.24375 0.19375 0.24765600000000002 0.182031 0.260938 0.178125 0.263281 0.178125 0.26875 0.176562 0.270312 0.171875 0.271094 0.171875 0.27343799999999996 0.16953100000000002 0.274219 0.16953100000000002 0.275781 0.178125 0.272656 0.182813 0.275781 0.18984399999999998 0.276563 0.203125 0.288281 0.20703100000000002 0.29375 0.2125 0.29765600000000003 0.217969 0.298438 0.22265600000000002 0.29609399999999997 0.22265600000000002 0.290625 0.219531 0.28203100000000003
2 0.715625 0.366406 0.717187 0.367969 0.716406 0.38125 0.708594 0.401563 0.707813 0.4125 0.713281 0.415625 0.71875 0.415625 0.724219 0.4125 0.729687 0.396094 0.73125 0.367969 0.729687 0.360938 0.725781 0.357031 0.725 0.352344 0.720313 0.353906 0.715625 0.364062 0.715625 0.366406
1 0.976562 0.680469 0.9773440000000001 0.677344 0.972656 0.673438 0.9710940000000001 0.670312 0.9664059999999999 0.671094 0.9625 0.667187 0.967187 0.657813 0.970313 0.659375 0.971875 0.658594 0.9695309999999999 0.657031 0.970313 0.646875 0.973438 0.639844 0.973438 0.634375 0.96875 0.634375 0.964844 0.639062 0.9632809999999999 0.639062 0.953125 0.651562 0.951562 0.657031 0.9476559999999999 0.6625 0.94375 0.671875 0.9445309999999999 0.678125 0.957031 0.675781 0.9742190000000001 0.68125 0.976562 0.680469
2 0.90625 0.64375 0.903125 0.648438 0.902344 0.666406 0.9039059999999999 0.669531 0.9085940000000001 0.66875 0.9085940000000001 0.666406 0.915625 0.657031 0.9210940000000001 0.642969 0.9210940000000001 0.634375 0.91875 0.634375 0.9132809999999999 0.6375 0.90625 0.64375
1 0.7984370000000001 0.646094 0.7953129999999999 0.649219 0.791406 0.65 0.790625 0.646094 0.792187 0.64375 0.792187 0.635937 0.7875 0.626563 0.775 0.619531 0.763281 0.617188 0.763281 0.623437 0.7828120000000001 0.653125 0.790625 0.652344 0.794531 0.654687 0.8070309999999999 0.655469 0.8140620000000001 0.659375 0.8182029999999999 0.660312 0.8260160000000001 0.662578 0.8326560000000001 0.6630469999999999 0.828125 0.658594 0.816406 0.65 0.807812 0.646875 0.7984370000000001 0.646094
2 0.4625 0.721094 0.458594 0.724219 0.45625 0.724219 0.439844 0.732812 0.435156 0.732812 0.427344 0.735156 0.424219 0.7375 0.41867200000000004 0.740703 0.407813 0.745312 0.40304700000000004 0.745312 0.4 0.746094 0.396094 0.747656 0.39375 0.750781 0.380469 0.752344 0.383594 0.753125 0.385938 0.75625 0.392969 0.757031 0.396094 0.760937 0.4 0.763281 0.413281 0.7640629999999999 0.423438 0.760156 0.451562 0.74375 0.461719 0.736719 0.471875 0.726562 0.475781 0.725 0.477344 0.720313 0.475 0.71875 0.46953100000000003 0.71875 0.4625 0.721094
2 0.435156 0.46796899999999997 0.425781 0.496875 0.423438 0.511719 0.42109399999999997 0.517969 0.420312 0.527344 0.41875 0.53125 0.41406200000000004 0.536719 0.415625 0.538281 0.420312 0.5375 0.423438 0.532813 0.428906 0.529687 0.439063 0.528125 0.446094 0.528125 0.44226599999999994 0.520937 0.449219 0.509375 0.45234399999999997 0.488281 0.45234399999999997 0.473437 0.450781 0.459375 0.447656 0.454688 0.44375 0.455469 0.440625 0.458594 0.435156 0.46796899999999997
2 0.182031 0.725781 0.178906 0.724219 0.154687 0.723438 0.151563 0.724219 0.15 0.726562 0.15 0.730469 0.151563 0.732812 0.161719 0.733594 0.164844 0.735156 0.192187 0.735938 0.20156200000000002 0.735156 0.20546899999999998 0.733594 0.20546899999999998 0.73125 0.202344 0.728906 0.182031 0.725781
2 0.305469 0.41406200000000004 0.29609399999999997 0.41406200000000004 0.286719 0.417188 0.285156 0.41875 0.285156 0.423438 0.2875 0.425781 0.30468799999999996 0.427344 0.31328100000000003 0.425781 0.314844 0.424219 0.328125 0.423438 0.329688 0.419531 0.32734399999999997 0.417969 0.317969 0.417188 0.305469 0.41406200000000004
2 0.553125 0.505469 0.548438 0.497656 0.546875 0.4875 0.54375 0.48125 0.541406 0.472656 0.536719 0.471875 0.533594 0.485938 0.530469 0.489844 0.53125 0.498437 0.528906 0.501563 0.528906 0.504688 0.532031 0.508594 0.532813 0.513281 0.548438 0.54375 0.551563 0.546094 0.557812 0.546875 0.561719 0.541406 0.560937 0.53125 0.553125 0.505469
2 0.949219 0.717969 0.9289059999999999 0.717187 0.910156 0.720313 0.910156 0.721875 0.917969 0.725 0.940625 0.729687 0.9539059999999999 0.735938 0.967187 0.735156 0.96875 0.733594 0.9679690000000001 0.727344 0.9632809999999999 0.723438 0.949219 0.717969
1 0.832813 0.279687 0.825 0.285937 0.8117190000000001 0.302344 0.8117190000000001 0.307031 0.8132809999999999 0.308594 0.81875 0.308594 0.8265629999999999 0.314063 0.832031 0.322656 0.8351559999999999 0.33125 0.840625 0.339063 0.8453120000000001 0.34296899999999997 0.85 0.342187 0.846719 0.331406 0.8453120000000001 0.317734 0.842422 0.309844 0.8382809999999999 0.301562 0.828125 0.297031 0.8523440000000001 0.275 0.859375 0.263281 0.8609370000000001 0.25078100000000003 0.85625 0.251563 0.8507809999999999 0.260938 0.832813 0.279687
1 0.650781 0.902344 0.648438 0.8976559999999999 0.640625 0.8882809999999999 0.640625 0.8851559999999999 0.650781 0.8726559999999999 0.648438 0.86875 0.64375 0.8679690000000001 0.635937 0.8757809999999999 0.625781 0.88125 0.61875 0.8820309999999999 0.614844 0.8851559999999999 0.620312 0.886719 0.627344 0.8914059999999999 0.636719 0.903125 0.64375 0.915625 0.646094 0.917969 0.650781 0.91875 0.652344 0.9148440000000001 0.652344 0.910156 0.650781 0.902344
1 0.9664059999999999 0.757812 0.960938 0.75625 0.957031 0.753125 0.9507809999999999 0.752344 0.9476559999999999 0.754688 0.9367190000000001 0.755469 0.934375 0.758594 0.93125 0.773438 0.9210940000000001 0.79375 0.9210940000000001 0.796875 0.9234370000000001 0.7984370000000001 0.9273440000000001 0.797656 0.9359379999999999 0.792969 0.941406 0.7875 0.946875 0.777344 0.9476559999999999 0.770313 0.9460940000000001 0.763281 0.9476559999999999 0.760156 0.95625 0.761719 0.972656 0.770313 0.9773440000000001 0.769531 0.9773440000000001 0.765625 0.975 0.7640629999999999 0.9710940000000001 0.7640629999999999 0.9664059999999999 0.757812