1 0.407813 0.833594 0.409375 0.839063 0.414844 0.8445310000000001 0.41875 0.8460940000000001 0.428125 0.846875 0.435937 0.864844 0.44375 0.867188 0.45 0.871094 0.455469 0.871875 0.45625 0.864844 0.45390600000000003 0.8601560000000001 0.4375 0.838281 0.434375 0.8367190000000001 0.430469 0.8367190000000001 0.427344 0.839063 0.421875 0.839063 0.416406 0.835938 0.413281 0.832031 0.409375 0.832031
2 0.314844 0.346094 0.310156 0.350781 0.303906 0.361719 0.300781 0.371875 0.300781 0.377344 0.302344 0.378906 0.30625 0.377344 0.309375 0.374219 0.311719 0.367188 0.317969 0.357812 0.317969 0.349219
1 0.252344 0.271094 0.24765600000000002 0.271094 0.250781 0.292187 0.252344 0.295312 0.250781 0.296875 0.23906299999999997 0.296875 0.23125 0.300781 0.221875 0.307031 0.221875 0.3125 0.225781 0.313281 0.235156 0.310156 0.24531200000000003 0.309375 0.252344 0.30625 0.25625 0.303125 0.257812 0.3 0.263281 0.297656 0.263281 0.292969 0.257812 0.28125 0.257812 0.278906
1 0.157031 0.127344 0.153906 0.127344 0.149219 0.130469 0.141406 0.138281 0.136719 0.145313 0.135156 0.149219 0.135156 0.154688 0.138281 0.158594 0.139063 0.161719 0.136719 0.163281 0.130469 0.164062 0.127422 0.166641 0.123672 0.169844 0.121719 0.172891 0.11875 0.175703 0.117422 0.178594 0.115391 0.181797 0.113281 0.184375 0.1125 0.190625 0.115625 0.190625 0.119609 0.187344 0.121719 0.184375 0.12382800000000001 0.181328 0.125703 0.176719 0.127344 0.175781 0.132031 0.171875 0.135937 0.171094 0.139063 0.167969 0.140625 0.1625 0.145313 0.161719 0.149219 0.158594 0.157812 0.1375 0.158594 0.128906
1 0.228906 0.153125 0.22343799999999997 0.153125 0.217969 0.157812 0.20625 0.163281 0.197656 0.172656 0.18125 0.173437 0.178906 0.175 0.178125 0.178125 0.192188 0.18125 0.199219 0.178906 0.2125 0.178906 0.226562 0.164844 0.228906 0.160156
1 0.764844 0.403906 0.761719 0.403906 0.75625 0.40156200000000003 0.739062 0.384375 0.733594 0.383594 0.716406 0.39375 0.703906 0.397656 0.691406 0.403906 0.6875 0.408594 0.689063 0.41093799999999997 0.69375 0.4125 0.704688 0.4125 0.726562 0.408594 0.739062 0.40156200000000003 0.742969 0.404687 0.74375 0.407813 0.747656 0.40625 0.752344 0.408594 0.757812 0.408594
1 0.602344 0.310156 0.6 0.308594 0.596094 0.309375 0.572656 0.321094 0.564063 0.320312 0.5625 0.321875 0.563281 0.333594 0.566406 0.335938 0.583594 0.335156 0.585938 0.330469 0.600781 0.314844
2 0.721875 0.279687 0.721094 0.285156 0.725781 0.299219 0.730469 0.303125 0.735156 0.304688 0.739062 0.303906 0.739844 0.302344 0.736719 0.296094 0.736719 0.286719 0.734375 0.280469 0.725781 0.278906
1 0.402344 0.36875 0.403906 0.375 0.407813 0.378906 0.415625 0.380469 0.42265600000000003 0.383594 0.42968799999999996 0.385156 0.441406 0.385156 0.45625 0.38125 0.441406 0.372656 0.42656299999999997 0.371094 0.42109399999999997 0.367969 0.416406 0.367969 0.411719 0.370312
1 0.903125 0.297656 0.901563 0.299219 0.9 0.305469 0.9 0.328906 0.9054689999999999 0.338281 0.9132809999999999 0.346094 0.920312 0.349219 0.925781 0.349219 0.9289059999999999 0.346875 0.9289059999999999 0.345313 0.925 0.342187 0.921875 0.333594 0.917969 0.327344 0.9085940000000001 0.319531 0.9070310000000001 0.314063 0.9070310000000001 0.301563 0.9054689999999999 0.298438
1 1 0.780469 0.990625 0.782813 0.9880470000000001 0.795391 0.981016 0.8000779999999998 0.976328 0.803125 0.96875 0.807813 0.9625 0.8132810000000001 0.9617190000000001 0.81875 0.96875 0.8210940000000001 0.985938 0.8210940000000001 0.989844 0.824219 0.989844 0.8257809999999999 0.994531 0.826562 0.996094 0.8125 0.9976559999999999 0.810937 1 0.810937
2 0.785156 0.911719 0.789062 0.915625 0.790625 0.9195309999999999 0.797656 0.9242190000000001 0.799219 0.928125 0.814063 0.933594 0.8257809999999999 0.932031 0.8257809999999999 0.927344 0.809375 0.921875 0.802344 0.917188 0.796094 0.909375 0.789062 0.909375
1 0.383594 0.505469 0.382812 0.510156 0.384375 0.514062 0.391406 0.517969 0.396875 0.51875 0.400781 0.521875 0.403906 0.521875 0.41406200000000004 0.527344 0.421875 0.526563 0.435937 0.521875 0.435156 0.517188 0.414844 0.516406 0.411719 0.5125 0.400781 0.507031 0.389844 0.504687
1 0.05625 0.8273439999999999 0.053125 0.829688 0.052344 0.833594 0.045312 0.845313 0.0375 0.8523440000000001 0.038281 0.857812 0.041406 0.860938 0.046094 0.8617190000000001 0.057031 0.853906 0.071875 0.867188 0.082031 0.867188 0.083594 0.864844 0.071875 0.845313 0.066406 0.829688 0.066406 0.8257809999999999 0.064062 0.825 0.060937 0.8273439999999999