1 0.2125 0.8367190000000001 0.2125 0.8429690000000001 0.209375 0.855469 0.209375 0.8585940000000001 0.210938 0.860938 0.21484399999999998 0.8617190000000001 0.219531 0.857812 0.22109399999999998 0.857812 0.234375 0.8726559999999999 0.23671899999999998 0.879687 0.24375 0.879687 0.255469 0.8851559999999999 0.263281 0.8851559999999999 0.264062 0.8804690000000001 0.25781200000000004 0.8726559999999999 0.25625 0.86875 0.246875 0.8570309999999999 0.233594 0.845313 0.22914099999999998 0.8435159999999999 0.225547 0.841094 0.22312500000000002 0.839063 0.220312 0.835938 0.21875 0.834375 0.219531 0.8289059999999999 0.21640600000000002 0.826562 0.21484399999999998 0.834375 0.2125 0.8367190000000001
1 0.16953100000000002 0.026562000000000002 0.16875 0.064844 0.177344 0.07421900000000001 0.18125 0.07421900000000001 0.18359399999999998 0.076563 0.1875 0.076563 0.188281 0.071875 0.17968800000000001 0.060937 0.17968800000000001 0.05625 0.182031 0.051562 0.182031 0.04375 0.17968800000000001 0.032031 0.176563 0.025 0.172656 0.022656000000000003 0.170313 0.024218999999999997 0.16953100000000002 0.026562000000000002
1 0.086719 0.227344 0.082812 0.228125 0.075781 0.226562 0.071875 0.22968700000000003 0.06875 0.22968700000000003 0.064844 0.23203100000000002 0.059375 0.23203100000000002 0.059375 0.233594 0.063281 0.234375 0.065625 0.2375 0.071875 0.239844 0.079687 0.24531200000000003 0.084375 0.24531200000000003 0.086719 0.241406 0.095312 0.2375 0.10390600000000001 0.23046899999999998 0.108594 0.224219 0.11171899999999998 0.215625 0.10703100000000002 0.21484399999999998 0.086719 0.227344
1 0.217969 0.27031299999999997 0.18359399999999998 0.27031299999999997 0.151562 0.274219 0.142187 0.278125 0.126562 0.28125 0.124219 0.282813 0.123438 0.2875 0.12734399999999998 0.291406 0.139063 0.291406 0.146094 0.295312 0.165625 0.295312 0.203125 0.2875 0.217969 0.28125 0.22265600000000002 0.275781 0.22265600000000002 0.274219 0.220312 0.271094 0.217969 0.27031299999999997
1 0.161719 0.408594 0.15390600000000002 0.41718700000000003 0.146094 0.419531 0.145313 0.421875 0.145313 0.43828100000000003 0.146875 0.44375 0.147656 0.459375 0.15 0.46953100000000003 0.157812 0.48515600000000003 0.1625 0.486719 0.165625 0.478906 0.166406 0.45234399999999997 0.1625 0.43125 0.159375 0.427344 0.170313 0.410156 0.171875 0.404687 0.171094 0.403125 0.16796899999999998 0.403906 0.161719 0.408594
1 0.557813 0.932813 0.560937 0.9375 0.5625 0.9429690000000001 0.579688 0.9710940000000001 0.585156 0.9835940000000001 0.591406 0.9898440000000001 0.596094 0.9898440000000001 0.596875 0.979688 0.594531 0.9664059999999999 0.589844 0.9507809999999999 0.583594 0.940625 0.579375 0.9350780000000001 0.576016 0.9309369999999999 0.585547 0.9304690000000001 0.596328 0.9285159999999999 0.612656 0.9210160000000001 0.596875 0.923438 0.592969 0.923438 0.588281 0.925781 0.579688 0.925 0.576562 0.926562 0.574219 0.923438 0.566406 0.917969 0.555469 0.915625 0.555469 0.9226559999999999 0.557813 0.932813
1 0.40625 0.9164059999999999 0.43125 0.9164059999999999 0.44531200000000004 0.9125 0.451562 0.9085940000000001 0.454219 0.910547 0.457266 0.9128130000000001 0.459766 0.914297 0.461719 0.9164059999999999 0.470313 0.9210940000000001 0.480859 0.922813 0.491172 0.925156 0.502734 0.925156 0.494531 0.921875 0.49039099999999997 0.919922 0.48359399999999997 0.917188 0.477344 0.915625 0.474219 0.9125 0.46796899999999997 0.909375 0.462109 0.907578 0.458594 0.9054690000000001 0.455469 0.8976559999999999 0.45234399999999997 0.894531 0.446875 0.894531 0.44531200000000004 0.896875 0.439063 0.8992190000000001 0.435156 0.903125 0.42968799999999996 0.903125 0.41406200000000004 0.9085940000000001 0.40546899999999997 0.909375 0.40156200000000003 0.9117190000000001 0.4 0.9164059999999999 0.403906 0.917969 0.40625 0.9164059999999999
1 0.24765600000000002 0.228906 0.24765600000000002 0.25078100000000003 0.25078100000000003 0.259375 0.253906 0.2625 0.25781200000000004 0.264062 0.263281 0.264062 0.265625 0.265625 0.265625 0.271875 0.263281 0.275781 0.2625 0.2875 0.26484399999999997 0.29375 0.267969 0.29609399999999997 0.272656 0.291406 0.271094 0.284375 0.271875 0.265625 0.27031299999999997 0.264062 0.272656 0.259375 0.269531 0.257031 0.26875 0.251563 0.26640600000000003 0.248438 0.265625 0.227344 0.2625 0.220312 0.263281 0.21640600000000002 0.255469 0.21484399999999998 0.251563 0.21640600000000002 0.24765600000000002 0.228906
1 0.310156 0.10234399999999999 0.3125 0.110156 0.314063 0.11171899999999998 0.324219 0.11171899999999998 0.35156200000000004 0.121875 0.365625 0.129688 0.37578100000000003 0.133594 0.38125 0.134375 0.38281200000000004 0.13281199999999999 0.38281200000000004 0.129688 0.369531 0.11640600000000001 0.359375 0.110156 0.35 0.10625 0.335156 0.10234399999999999 0.328125 0.10234399999999999 0.321094 0.105469 0.319531 0.10390600000000001 0.321094 0.098437 0.321094 0.0875 0.31875 0.08203099999999999 0.314844 0.078125 0.30781200000000003 0.076563 0.303906 0.07421900000000001 0.300781 0.07421900000000001 0.299219 0.075781 0.309375 0.091406 0.310156 0.10234399999999999
2 0.678906 0.457031 0.684375 0.465625 0.692969 0.474219 0.697656 0.475 0.696875 0.470313 0.6875 0.455469 0.675781 0.42109399999999997 0.673438 0.417969 0.671094 0.41718700000000003 0.665625 0.417969 0.665625 0.425781 0.678906 0.457031
2 0.701562 0.36406299999999997 0.694531 0.373437 0.682813 0.385156 0.674219 0.38984399999999997 0.667188 0.390625 0.659375 0.38593700000000003 0.653906 0.386719 0.651563 0.392969 0.653906 0.399219 0.657031 0.403125 0.660156 0.403125 0.6625 0.40156200000000003 0.677344 0.403125 0.689063 0.399219 0.696875 0.399219 0.705469 0.39531299999999997 0.707812 0.392969 0.7125 0.38125 0.713281 0.372656 0.709375 0.357031 0.704688 0.357031 0.701562 0.36406299999999997
1 0.565625 0.399219 0.58125 0.399219 0.583594 0.400781 0.585156 0.404687 0.592187 0.40703100000000003 0.598437 0.41093799999999997 0.615625 0.415625 0.621875 0.419531 0.639062 0.419531 0.645312 0.417969 0.6875 0.416406 0.686719 0.411719 0.667188 0.40625 0.638281 0.402344 0.628125 0.399219 0.610156 0.396094 0.584375 0.394531 0.560937 0.396094 0.561719 0.397656 0.565625 0.399219
1 0.357031 0.535937 0.349219 0.548438 0.347656 0.557031 0.347656 0.5625 0.349219 0.567187 0.35859399999999997 0.567187 0.373437 0.569531 0.399219 0.56875 0.400781 0.564063 0.39375 0.560937 0.385156 0.552344 0.371094 0.550781 0.364844 0.549219 0.361719 0.546875 0.363281 0.534375 0.3625 0.528906 0.360938 0.528125 0.359375 0.534375 0.357031 0.535937
1 0.33593799999999996 0.652344 0.339844 0.660937 0.340625 0.674219 0.345313 0.68125 0.346875 0.685937 0.359375 0.701562 0.373437 0.713281 0.378906 0.714844 0.384375 0.719531 0.3875 0.720313 0.38984399999999997 0.725 0.392188 0.725 0.403125 0.730469 0.409375 0.730469 0.411719 0.728906 0.4125 0.724219 0.408594 0.721875 0.40546899999999997 0.715625 0.403125 0.714844 0.397656 0.708594 0.38593700000000003 0.700781 0.3625 0.678906 0.353906 0.672656 0.35156200000000004 0.666406 0.35156200000000004 0.660937 0.345313 0.653906 0.34296899999999997 0.649219 0.342187 0.641406 0.3375 0.641406 0.33593799999999996 0.644531 0.33593799999999996 0.652344
1 0.569531 0.723437 0.564063 0.727344 0.551562 0.721094 0.547656 0.721094 0.546094 0.723437 0.546875 0.728906 0.550781 0.733594 0.553125 0.740625 0.557031 0.746094 0.563281 0.746094 0.564063 0.7375 0.570312 0.733594 0.577344 0.725781 0.578906 0.719531 0.576562 0.716406 0.571875 0.71875 0.569531 0.723437
1 0.345391 0.753594 0.353125 0.765625 0.35859399999999997 0.775 0.3625 0.785937 0.363281 0.796875 0.366406 0.810937 0.36875 0.814063 0.37031200000000003 0.814063 0.373437 0.8117190000000001 0.37421899999999997 0.804688 0.372656 0.784375 0.367969 0.771094 0.36312500000000003 0.761953 0.35945299999999997 0.757578 0.37031200000000003 0.75 0.367969 0.747656 0.3625 0.747656 0.357031 0.749219 0.345391 0.753594
1 0.067969 0.560156 0.0625 0.560156 0.057031 0.564844 0.042969 0.571094 0.033594 0.574219 0.028905999999999998 0.573438 0.026562000000000002 0.575781 0.026562000000000002 0.580469 0.024218999999999997 0.583594 0.014844 0.586719 0.010936999999999999 0.586719 0.008594000000000001 0.588281 0.017188000000000002 0.591406 0.033594 0.591406 0.044531 0.588281 0.050781 0.585156 0.075 0.564063 0.076563 0.560156 0.072656 0.558594 0.067969 0.560156
1 0.0875 0.514062 0.10078100000000001 0.514844 0.10390600000000001 0.516406 0.12265600000000002 0.519531 0.134375 0.514844 0.151562 0.514062 0.15859399999999998 0.515625 0.16015600000000002 0.514062 0.157031 0.507812 0.15234399999999998 0.504687 0.11875 0.504687 0.1 0.49921899999999997 0.095312 0.502344 0.085156 0.504687 0.083594 0.507031 0.083594 0.510938 0.0875 0.514062
1 0.791406 0.167187 0.789844 0.170313 0.785937 0.173437 0.785937 0.178125 0.8023440000000001 0.1875 0.810937 0.197656 0.8226559999999999 0.21875 0.828125 0.24375 0.829688 0.24531200000000003 0.834375 0.24531200000000003 0.839844 0.23125 0.840625 0.225 0.8375 0.210156 0.8289059999999999 0.19531199999999999 0.81875 0.182812 0.803125 0.177344 0.796094 0.173437 0.799219 0.170313 0.799219 0.160938 0.796875 0.157031 0.789844 0.15625 0.788281 0.159375 0.791406 0.167187
2 0.847656 0.030469000000000003 0.8539059999999999 0.035156 0.8617190000000001 0.044531 0.8695309999999999 0.045312000000000005 0.873437 0.049219 0.871875 0.032812999999999995 0.867188 0.025781 0.8648440000000001 0.024218999999999997 0.8585940000000001 0.014844 0.85 0.011719 0.845313 0.011719 0.8445309999999999 0.021093999999999998 0.847656 0.030469000000000003
2 0.925 0.023438 0.903125 0.0375 0.896875 0.039844000000000004 0.878906 0.040625 0.876563 0.045312000000000005 0.884375 0.046094 0.890625 0.048437999999999995 0.9070309999999999 0.048437999999999995 0.9117190000000001 0.046875 0.920312 0.040625 0.929688 0.030469000000000003 0.9304690000000001 0.025 0.9289059999999999 0.023438 0.925 0.023438
1 0.578906 0.10625 0.589063 0.11484399999999999 0.599219 0.130469 0.603125 0.13281199999999999 0.605469 0.13281199999999999 0.60625 0.126562 0.600781 0.107813 0.6071869999999999 0.10070300000000001 0.6161719999999999 0.09476599999999999 0.5869530000000001 0.099297 0.578125 0.101562 0.578906 0.10625
1 0.696094 0.926562 0.710938 0.9242190000000001 0.7141409999999999 0.913047 0.719766 0.9160159999999999 0.726562 0.921875 0.741406 0.928125 0.748437 0.928125 0.750781 0.926562 0.751563 0.9242190000000001 0.750781 0.921875 0.748437 0.920312 0.744531 0.9210940000000001 0.7375 0.9195309999999999 0.728125 0.9148440000000001 0.717187 0.902344 0.713281 0.902344 0.705469 0.898438 0.696875 0.898438 0.696094 0.901563 0.699219 0.907813 0.696875 0.909375 0.685156 0.9117190000000001 0.684375 0.9148440000000001 0.6875 0.921875 0.696094 0.926562
1 0.246875 0.892188 0.24609399999999998 0.9 0.24375 0.9039059999999999 0.24375 0.910156 0.23828100000000002 0.915625 0.225937 0.921406 0.234922 0.9242190000000001 0.239844 0.9264060000000001 0.243203 0.926172 0.247578 0.926641 0.25242200000000004 0.920625 0.258125 0.912266 0.259922 0.903125 0.260625 0.896172 0.260156 0.889062 0.255469 0.889062 0.246875 0.892188
0 0.384375 0.269531 0.388281 0.275781 0.403125 0.2875 0.408281 0.28312499999999996 0.397031 0.267969 0.405625 0.271719 0.41890599999999995 0.277344 0.435156 0.28125 0.439844 0.282813 0.440625 0.284375 0.446875 0.283594 0.447656 0.278125 0.439844 0.26484399999999997 0.425 0.257031 0.416406 0.255469 0.402109 0.250937 0.39281299999999997 0.25109400000000004 0.382734 0.246563 0.384375 0.22968700000000003 0.378906 0.209375 0.375 0.203906 0.37421899999999997 0.2 0.37031200000000003 0.2 0.37031200000000003 0.234375 0.384375 0.269531
2 0.703594 0.9400000000000001 0.704688 0.9429690000000001 0.709375 0.945312 0.720313 0.957031 0.725781 0.9601559999999999 0.728125 0.9632809999999999 0.73125 0.964063 0.732812 0.967187 0.735938 0.9695309999999999 0.741406 0.96875 0.751563 0.972656 0.760156 0.9710940000000001 0.767969 0.972656 0.767969 0.9710940000000001 0.771875 0.9679690000000001 0.772656 0.9617190000000001 0.770312 0.9585940000000001 0.755469 0.959375 0.742188 0.957031 0.736719 0.9523440000000001 0.728125 0.949219 0.720313 0.9429690000000001 0.709375 0.93125 0.705703 0.9277340000000001 0.700781 0.925781 0.698438 0.9273440000000001 0.700781 0.9375 0.703594 0.9400000000000001
2 0.653906 0.47343799999999997 0.653125 0.480469 0.650781 0.482812 0.645312 0.482812 0.64375 0.484375 0.64375 0.4875 0.646094 0.490625 0.649219 0.49218799999999996 0.65625 0.491406 0.664844 0.482812 0.664844 0.471094 0.657813 0.46093799999999996 0.65 0.45390600000000003 0.645312 0.451562 0.642969 0.44843700000000003 0.638281 0.446875 0.635156 0.451562 0.653906 0.47343799999999997
2 0.771875 0.451562 0.778906 0.454688 0.799219 0.46875 0.809375 0.47343799999999997 0.816406 0.472656 0.816406 0.470313 0.8125 0.466406 0.801562 0.459375 0.788281 0.44843700000000003 0.771094 0.44218799999999997 0.758594 0.442969 0.766406 0.451562 0.771875 0.451562
2 0.446875 0.196875 0.417969 0.21875 0.389062 0.2375 0.382031 0.24375 0.38281200000000004 0.24609399999999998 0.3875 0.25 0.399219 0.249219 0.415625 0.240625 0.427344 0.23125 0.442969 0.21484399999999998 0.451562 0.203125 0.453125 0.196875 0.451562 0.19531199999999999 0.446875 0.196875
2 0.423438 0.160938 0.41875 0.165625 0.415625 0.166406 0.409375 0.173437 0.396875 0.18359399999999998 0.378125 0.196094 0.375 0.20078100000000002 0.376563 0.204687 0.380469 0.20625 0.38593700000000003 0.20546899999999998 0.40156200000000003 0.19921899999999998 0.421875 0.176563 0.430469 0.161719 0.428906 0.16015600000000002 0.423438 0.160938
2 0.484375 0.324219 0.494531 0.32343700000000003 0.5125 0.31875 0.517969 0.315625 0.529687 0.3125 0.53125 0.310937 0.53125 0.309375 0.528125 0.30781200000000003 0.517188 0.307031 0.5125 0.310937 0.5 0.308594 0.48906299999999997 0.308594 0.48359399999999997 0.30625 0.4625 0.307031 0.458594 0.308594 0.45781299999999997 0.310156 0.471094 0.321875 0.484375 0.324219
1 0.501719 0.8096880000000001 0.504219 0.813125 0.505781 0.8157030000000001 0.508672 0.8155469999999999 0.509375 0.8125 0.509375 0.8070309999999999 0.510938 0.80625 0.517188 0.8101559999999999 0.521094 0.8101559999999999 0.524219 0.814063 0.528906 0.814063 0.539844 0.817187 0.544531 0.816406 0.550781 0.8179690000000001 0.560156 0.8179690000000001 0.578125 0.826562 0.597109 0.830156 0.587812 0.818516 0.582656 0.814531 0.575781 0.810937 0.565625 0.8070309999999999 0.55 0.799219 0.524219 0.789844 0.516641 0.786875 0.510625 0.7837500000000001 0.503906 0.7825 0.497109 0.783281 0.49531200000000003 0.789844 0.5 0.8054690000000001 0.501719 0.8096880000000001
1 0.532031 0.650781 0.544531 0.635156 0.549219 0.623437 0.554688 0.625 0.567969 0.633594 0.573438 0.634375 0.579688 0.6375 0.592187 0.636719 0.6 0.633594 0.602344 0.63125 0.602344 0.628125 0.6 0.626563 0.580469 0.626563 0.575 0.625 0.564844 0.617969 0.55625 0.617188 0.550781 0.614844 0.547656 0.614844 0.544531 0.617969 0.540625 0.615625 0.539062 0.621875 0.535156 0.627344 0.529687 0.63125 0.527344 0.635156 0.521875 0.639844 0.517969 0.65 0.51875 0.653906 0.526563 0.654687 0.532031 0.650781
1 0.902344 0.667969 0.898438 0.670312 0.892188 0.671094 0.889062 0.66875 0.886719 0.66875 0.8820309999999999 0.672656 0.88125 0.678125 0.884375 0.685937 0.896875 0.696094 0.9 0.704688 0.9039059999999999 0.707031 0.907813 0.714063 0.9148440000000001 0.722656 0.923438 0.73125 0.9289059999999999 0.732812 0.9304690000000001 0.730469 0.9304690000000001 0.727344 0.928125 0.719531 0.915625 0.699219 0.9148440000000001 0.696094 0.9117190000000001 0.692969 0.910937 0.689844 0.903125 0.682031 0.904687 0.678906 0.910156 0.677344 0.914062 0.672656 0.921875 0.667188 0.926562 0.659375 0.926562 0.657031 0.925 0.655469 0.9226559999999999 0.655469 0.9054690000000001 0.664062 0.902344 0.667969