1 0.110156 0.153125 0.110156 0.157812 0.10703100000000002 0.160156 0.10234400000000002 0.176563 0.104688 0.201563 0.10625 0.20546899999999998 0.104688 0.213281 0.10625 0.217969 0.109375 0.22109399999999998 0.11171899999999998 0.228906 0.115625 0.232813 0.115625 0.23671899999999998 0.11953100000000001 0.2375 0.123438 0.240625 0.124219 0.232813 0.128125 0.225 0.128125 0.22265600000000002 0.124219 0.21484399999999998 0.123438 0.20703100000000002 0.11796900000000002 0.20078100000000002 0.11640599999999998 0.196875 0.11640599999999998 0.189062 0.113984 0.18125 0.112422 0.177734 0.11171899999999998 0.173437 0.11171899999999998 0.153125
2 0.46953100000000003 0.189062 0.471094 0.192969 0.4875 0.198437 0.49375 0.204687 0.49375 0.20625 0.496094 0.20703100000000002 0.500781 0.2125 0.501563 0.217969 0.503906 0.22109399999999998 0.505469 0.227344 0.510156 0.225 0.514062 0.215625 0.514062 0.204687 0.507812 0.192188 0.500781 0.184375 0.497656 0.183594 0.490625 0.186719 0.478125 0.186719
1 0.063281 0.835938 0.060156 0.8351559999999999 0.052344 0.839063 0.046875 0.8460940000000001 0.034375 0.849219 0.026561999999999995 0.853125 0.022656 0.8570309999999999 0.021094 0.8617190000000001 0.027344 0.864062 0.038281 0.864844 0.0625 0.857812 0.065625 0.854688 0.06875 0.853906 0.067969 0.849219 0.063281 0.8460940000000001
1 0 0.915625 0 0.9375 0.019531 0.942187 0.025 0.945312 0.036719 0.9445309999999999 0.042188 0.941406 0.042188 0.9375 0.030156 0.936797 0.026952999999999998 0.93125 0.021094 0.926562 0.002344 0.915625
1 0.271094 0.764062 0.269531 0.767969 0.271875 0.771094 0.283594 0.776563 0.298438 0.788281 0.3 0.791406 0.300781 0.803125 0.302344 0.807031 0.309375 0.80625 0.311719 0.803125 0.3125 0.799219 0.310234 0.779922 0.31 0.76875 0.309375 0.7625 0.307812 0.757812 0.305469 0.757031 0.300781 0.760938 0.3 0.767188 0.298438 0.769531 0.292187 0.767188 0.2875 0.767188 0.279687 0.764062
2 0.267188 0.45 0.264844 0.45234399999999997 0.263281 0.459375 0.264062 0.4875 0.266406 0.491406 0.271094 0.49531200000000003 0.275 0.494531 0.274219 0.467187 0.271094 0.451562
1 0.792969 0.23046899999999998 0.7875 0.23203100000000002 0.782031 0.23906299999999997 0.775 0.264844 0.773438 0.275781 0.782813 0.284375 0.796875 0.283594 0.794531 0.275 0.799219 0.271875 0.800781 0.267188 0.803125 0.266406 0.807031 0.261719 0.8195309999999999 0.255391 0.8100780000000001 0.255703 0.802344 0.258594 0.798438 0.2625 0.794531 0.260937 0.798438 0.23906299999999997 0.795312 0.23203100000000002
1 0.842187 0.43671899999999997 0.838281 0.43828100000000003 0.8289060000000001 0.447656 0.8148440000000001 0.470313 0.8039059999999999 0.49531200000000003 0.8039059999999999 0.510156 0.802344 0.514062 0.797656 0.519531 0.794531 0.532031 0.794531 0.539844 0.796094 0.545312 0.817969 0.569531 0.8210940000000001 0.569531 0.822656 0.567969 0.822656 0.563281 0.8210940000000001 0.560937 0.820312 0.555469 0.8125 0.542969 0.8101559999999999 0.535937 0.8101559999999999 0.528906 0.817187 0.519531 0.822656 0.515625 0.832031 0.504687 0.832031 0.501563 0.8273439999999999 0.498437 0.8273439999999999 0.492969 0.829688 0.486719 0.83125 0.471094 0.835938 0.46875 0.839844 0.457031 0.8429689999999999 0.45234399999999997 0.8445310000000001 0.439063
1 0.660156 0.607031 0.655469 0.611719 0.653125 0.619531 0.653125 0.625 0.657813 0.641406 0.6625 0.64375 0.667188 0.641406 0.672656 0.633594 0.680469 0.629687 0.685937 0.629687 0.688281 0.627344 0.689063 0.622656 0.675 0.621875 0.669531 0.622656 0.665625 0.625781 0.6625 0.623437 0.663281 0.607812
1 0.680469 0.629687 0.676562 0.633594 0.675781 0.6375 0.669531 0.65 0.66875 0.657813 0.671094 0.6625 0.671094 0.667188 0.673438 0.672656 0.678906 0.677344 0.682031 0.682031 0.685156 0.684375 0.689844 0.685156 0.692187 0.682031 0.689844 0.674219 0.680469 0.661719 0.685156 0.653906 0.686719 0.636719 0.684375 0.63125 0.682813 0.629687
1 0.628125 0.901563 0.625781 0.9039059999999999 0.626563 0.9132809999999999 0.624219 0.9195309999999999 0.625781 0.923438 0.615625 0.9398440000000001 0.614062 0.9445309999999999 0.607031 0.9507809999999999 0.605469 0.9539060000000001 0.603125 0.954688 0.600781 0.9601559999999999 0.602344 0.9617190000000001 0.604688 0.9617190000000001 0.611719 0.957812 0.614844 0.957812 0.619531 0.9601559999999999 0.622656 0.964063 0.624219 0.964063 0.627344 0.967187 0.63125 0.9679689999999999 0.633594 0.971875 0.642969 0.975 0.651172 0.984297 0.650312 0.973203 0.645859 0.966797 0.642969 0.963281 0.641406 0.958594 0.636719 0.954688 0.622656 0.947656 0.623437 0.9460940000000001 0.627344 0.945312 0.628125 0.9398440000000001 0.633594 0.929688 0.635156 0.9289059999999999 0.633594 0.90625 0.63125 0.901563
1 0.701562 0.782031 0.702344 0.7875 0.70625 0.792969 0.711719 0.796875 0.723437 0.8101559999999999 0.724219 0.817187 0.727344 0.821875 0.724219 0.8304690000000001 0.725781 0.8304690000000001 0.726562 0.828125 0.728906 0.828125 0.729688 0.823438 0.73125 0.821875 0.736719 0.821875 0.739062 0.817969 0.752344 0.80625 0.75625 0.800781 0.764062 0.797656 0.771875 0.796875 0.774219 0.795312 0.771875 0.790625 0.759375 0.790625 0.750781 0.79375 0.741406 0.8039059999999999 0.739844 0.8039059999999999 0.7375 0.801562 0.736719 0.798438 0.730469 0.792969 0.728906 0.789844 0.717969 0.780469 0.709375 0.777344 0.703906 0.777344
2 0.647656 0.275 0.642969 0.274219 0.639062 0.270313 0.632031 0.26875 0.603906 0.270313 0.5875 0.275781 0.584375 0.28125 0.584375 0.286719 0.5875 0.292187 0.598437 0.291406 0.61875 0.283594 0.632031 0.282813 0.633594 0.284375 0.635938 0.284375 0.646094 0.279687
1 0.321875 0.055469000000000004 0.328125 0.05625 0.3375 0.052344 0.342969 0.048438 0.348438 0.046875 0.360938 0.036719 0.360938 0.035156 0.365625 0.03125 0.365625 0.026561999999999995 0.360156 0.026561999999999995 0.353125 0.029687 0.342969 0.030469000000000003 0.341406 0.028125 0.340625 0.029687 0.342187 0.032813 0.332813 0.0375 0.328906 0.033594 0.329688 0.028905999999999998 0.326562 0.027344 0.322656 0.022656 0.319531 0.023438 0.31875 0.025781 0.324219 0.042969
2 0.365625 0.078906 0.357031 0.078906 0.342969 0.084375 0.333594 0.091406 0.33125 0.091406 0.330469 0.096094 0.333594 0.097656 0.351562 0.096875 0.35625 0.09375 0.3625 0.086719 0.365625 0.08125
1 0.341406 0.171875 0.336953 0.167344 0.337422 0.173984 0.339688 0.181797 0.340625 0.185938 0.344531 0.192969 0.345313 0.20546899999999998 0.347656 0.209375 0.346875 0.217188 0.376563 0.23671899999999998 0.382812 0.23671899999999998 0.380469 0.225 0.373437 0.2125 0.364063 0.20781299999999997 0.35625 0.20781299999999997 0.353906 0.209375 0.35 0.208594 0.350781 0.204687 0.353906 0.201563 0.353125 0.192188 0.35 0.183594
2 0.279687 0.522656 0.275 0.524219 0.273438 0.528125 0.263281 0.538281 0.25625 0.548438 0.239844 0.576562 0.235937 0.586719 0.23671899999999998 0.6 0.23906299999999997 0.603906 0.242969 0.607031 0.24375 0.614062 0.246875 0.616406 0.24765600000000002 0.619531 0.249219 0.60625 0.252344 0.603906 0.253906 0.6 0.254688 0.596953 0.254688 0.592187 0.259297 0.581328 0.2625 0.575781 0.264844 0.572656 0.267188 0.564844 0.267188 0.560156 0.275781 0.54375 0.275781 0.541406 0.278906 0.5375 0.28125 0.530469 0.28125 0.525
2 0.545312 0.552344 0.540625 0.549219 0.526563 0.547656 0.511719 0.547656 0.490625 0.550781 0.479063 0.557734 0.471875 0.553906 0.471875 0.560937 0.470313 0.571094 0.467187 0.576562 0.4625 0.579688 0.461719 0.584375 0.463281 0.585938 0.46875 0.58125 0.472656 0.579688 0.482031 0.578906 0.488281 0.576562 0.503125 0.574219 0.532031 0.564844 0.541406 0.559375 0.544531 0.55625
2 0.266406 0.794531 0.264844 0.798438 0.264062 0.807813 0.264844 0.8351559999999999 0.266406 0.838281 0.267188 0.848437 0.269531 0.85 0.273438 0.85 0.275781 0.848437 0.276562 0.845313 0.275781 0.8210940000000001 0.274219 0.817969 0.271094 0.797656 0.26875 0.794531
2 0.580469 0.670312 0.576562 0.671875 0.575781 0.685156 0.574219 0.686719 0.572656 0.695312 0.574219 0.7125 0.576562 0.714844 0.58125 0.714844 0.582812 0.713281 0.585938 0.703906 0.585938 0.694531 0.582812 0.682031 0.582031 0.672656
2 0.453125 0.44218799999999997 0.45390600000000003 0.44843700000000003 0.45625 0.451562 0.486719 0.467187 0.491406 0.46796899999999997 0.49531200000000003 0.471094 0.498437 0.471094 0.501563 0.46875 0.510156 0.46953100000000003 0.514062 0.466406 0.528125 0.463281 0.527344 0.458594 0.51875 0.45625 0.5125 0.453125 0.502344 0.451562 0.494531 0.446875 0.46875 0.439063 0.458594 0.43828100000000003
2 0.266406 0.03125 0.264844 0.032813 0.264062 0.046094 0.270313 0.059375 0.275 0.082031 0.278125 0.089844 0.279687 0.089844 0.282813 0.071094 0.282031 0.050781 0.276562 0.036719 0.272656 0.032031
1 0.749219 0.139063 0.736719 0.140625 0.725 0.147656 0.702969 0.171875 0.698438 0.161719 0.690156 0.157578 0.682266 0.154688 0.668594 0.153281 0.657813 0.15 0.657031 0.154688 0.660937 0.159375 0.66875 0.164844 0.677344 0.167969 0.685937 0.173437 0.691406 0.18125 0.691406 0.186719 0.692969 0.188281 0.697656 0.188281 0.714063 0.175 0.720313 0.167187 0.739062 0.149219 0.748437 0.14375
1 0.08125 0.349219 0.082031 0.353906 0.084375 0.35625 0.096875 0.363281 0.108594 0.372656 0.113281 0.379688 0.11484399999999999 0.385156 0.11796900000000002 0.38125 0.11875 0.374219 0.124219 0.364063 0.132031 0.35625 0.13125 0.351562 0.127344 0.349219 0.11484399999999999 0.359375 0.11171899999999998 0.359375 0.10234400000000002 0.351562 0.097656 0.349219 0.089844 0.347656 0.085156 0.347656
1 0.234375 0.022656 0.23046899999999998 0.022656 0.22968700000000003 0.027344 0.23828100000000002 0.04375 0.239844 0.052344 0.23671899999999998 0.053905999999999996 0.22968700000000003 0.052344 0.22265600000000002 0.053125 0.2125 0.058594 0.20703100000000002 0.064062 0.202344 0.072656 0.201563 0.076563 0.203125 0.078906 0.20625 0.078906 0.226562 0.06875 0.241406 0.065625 0.244531 0.063281 0.24531200000000003 0.052344 0.24765600000000002 0.049219 0.246875 0.042969 0.24375 0.039062 0.242188 0.033594 0.235937 0.028905999999999998 0.235937 0.025