1 0.835938 0.416406 0.839063 0.421875 0.839063 0.427344 0.8367190000000001 0.430469 0.8367190000000001 0.434375 0.8382809999999999 0.4375 0.8601559999999999 0.45390600000000003 0.8648440000000001 0.45625 0.871875 0.455469 0.871094 0.45 0.867188 0.44375 0.8648440000000001 0.435937 0.846875 0.428125 0.8460940000000001 0.41875 0.8445309999999999 0.414844 0.839063 0.409375 0.8335940000000001 0.407813 0.832031 0.409375 0.832031 0.413281 0.835938 0.416406
2 0.36718799999999996 0.31171899999999997 0.37421899999999997 0.309375 0.377344 0.30625 0.378906 0.302344 0.377344 0.300781 0.371875 0.300781 0.361719 0.303906 0.350781 0.310156 0.346094 0.314844 0.349219 0.317969 0.357812 0.317969 0.36718799999999996 0.31171899999999997
1 0.292969 0.263281 0.29765600000000003 0.263281 0.3 0.25781200000000004 0.303125 0.25625 0.30625 0.252344 0.309375 0.24531200000000003 0.310156 0.235156 0.31328100000000003 0.225781 0.3125 0.221875 0.307031 0.221875 0.300781 0.23125 0.296875 0.23906299999999997 0.296875 0.25078100000000003 0.295312 0.252344 0.29218700000000003 0.25078100000000003 0.271094 0.24765600000000002 0.271094 0.252344 0.278906 0.25781200000000004 0.28125 0.25781200000000004 0.292969 0.263281
1 0.15859399999999998 0.149219 0.161719 0.145313 0.1625 0.140625 0.16796899999999998 0.139063 0.171094 0.135937 0.171875 0.132031 0.17578100000000002 0.12734399999999998 0.17671900000000001 0.125703 0.181328 0.12382800000000001 0.184375 0.121719 0.187344 0.11960900000000001 0.190625 0.115625 0.190625 0.1125 0.184375 0.113281 0.18179700000000001 0.115391 0.178594 0.117422 0.175703 0.11875 0.172891 0.121719 0.169844 0.123672 0.16664099999999998 0.12742199999999998 0.16406199999999999 0.130469 0.163281 0.13671899999999998 0.161719 0.139063 0.15859399999999998 0.13828100000000002 0.154688 0.135156 0.149219 0.135156 0.145313 0.13671899999999998 0.13828100000000002 0.141406 0.130469 0.149219 0.12734399999999998 0.15390600000000002 0.12734399999999998 0.157031 0.12890600000000002 0.15859399999999998 0.1375 0.157812 0.15859399999999998 0.149219
1 0.178906 0.2125 0.178906 0.19921899999999998 0.18125 0.192188 0.178125 0.178125 0.175 0.178906 0.173437 0.18125 0.172656 0.197656 0.163281 0.20625 0.157812 0.217969 0.153125 0.22343799999999997 0.153125 0.228906 0.16015600000000002 0.228906 0.164844 0.226562 0.178906 0.2125
1 0.40625 0.747656 0.407813 0.74375 0.404687 0.742969 0.40156200000000003 0.739062 0.408594 0.726562 0.4125 0.704688 0.4125 0.69375 0.41093799999999997 0.689063 0.408594 0.6875 0.403906 0.691406 0.397656 0.703906 0.39375 0.716406 0.383594 0.733594 0.384375 0.739062 0.40156200000000003 0.75625 0.403906 0.761719 0.403906 0.764844 0.408594 0.757812 0.408594 0.752344 0.40625 0.747656
1 0.335156 0.583594 0.33593799999999996 0.566406 0.333594 0.563281 0.321875 0.5625 0.32031200000000004 0.564063 0.321094 0.572656 0.309375 0.596094 0.308594 0.6 0.310156 0.602344 0.314844 0.600781 0.330469 0.585938 0.335156 0.583594
2 0.286719 0.736719 0.29609399999999997 0.736719 0.302344 0.739844 0.303906 0.739062 0.30468799999999996 0.735156 0.303125 0.730469 0.299219 0.725781 0.285156 0.721094 0.279687 0.721875 0.278906 0.725781 0.28046899999999997 0.734375 0.286719 0.736719
1 0.367969 0.42109399999999997 0.371094 0.42656299999999997 0.372656 0.441406 0.38125 0.45625 0.385156 0.441406 0.385156 0.42968799999999996 0.383594 0.42265600000000003 0.380469 0.415625 0.378906 0.407813 0.375 0.403906 0.36875 0.402344 0.37031200000000003 0.411719 0.367969 0.416406 0.367969 0.42109399999999997
1 0.314063 0.9070309999999999 0.319531 0.9085940000000001 0.32734399999999997 0.917969 0.333594 0.921875 0.342187 0.925 0.345313 0.9289059999999999 0.346875 0.9289059999999999 0.349219 0.925781 0.349219 0.920312 0.346094 0.9132809999999999 0.338281 0.9054690000000001 0.32890600000000003 0.9 0.305469 0.9 0.299219 0.901563 0.29765600000000003 0.903125 0.298438 0.9054690000000001 0.30156299999999997 0.9070309999999999 0.314063 0.9070309999999999
1 0.810937 1 0.810937 0.9976559999999999 0.8125 0.996094 0.826562 0.9945309999999999 0.8257809999999999 0.9898440000000001 0.824219 0.9898440000000001 0.8210940000000001 0.985938 0.8210940000000001 0.96875 0.81875 0.9617190000000001 0.8132809999999999 0.9625 0.807813 0.96875 0.803125 0.976328 0.8000780000000001 0.981016 0.795391 0.9880470000000001 0.782813 0.990625 0.780469 1 0.810937 1
2 0.917188 0.8023440000000001 0.921875 0.809375 0.9273440000000001 0.8257809999999999 0.9320309999999999 0.8257809999999999 0.933594 0.814063 0.928125 0.799219 0.9242190000000001 0.797656 0.9195309999999999 0.790625 0.915625 0.789062 0.9117190000000001 0.785156 0.909375 0.789062 0.909375 0.796094 0.917188 0.8023440000000001
1 0.5125 0.411719 0.516406 0.414844 0.517188 0.435156 0.521875 0.435937 0.526563 0.421875 0.527344 0.41406200000000004 0.521875 0.403906 0.521875 0.400781 0.51875 0.396875 0.517969 0.39140600000000003 0.514062 0.384375 0.510156 0.38281200000000004 0.505469 0.383594 0.504687 0.38984399999999997 0.507031 0.400781 0.5125 0.411719
1 0.8257809999999999 0.06640599999999999 0.829688 0.06640599999999999 0.845313 0.071875 0.8648440000000001 0.083594 0.867188 0.08203099999999999 0.867188 0.071875 0.8539059999999999 0.057031 0.8617190000000001 0.046094 0.860938 0.041406 0.857812 0.038280999999999996 0.8523440000000001 0.0375 0.845313 0.045312000000000005 0.8335940000000001 0.052344 0.829688 0.053125 0.8273440000000001 0.05625 0.8273440000000001 0.060937 0.825 0.064062 0.8257809999999999 0.06640599999999999