1 0.086719 0.22109399999999998 0.071094 0.19140600000000002 0.068203 0.18687499999999999 0.063125 0.184453 0.062734 0.17968800000000001 0.060156 0.176562 0.05625 0.180469 0.05625 0.18515600000000002 0.053905999999999996 0.19375 0.057813 0.198438 0.061719 0.21718700000000002 0.07968800000000001 0.242188 0.088281 0.25078100000000003 0.09218699999999999 0.252344 0.094531 0.249219 0.09375 0.240625 0.086719 0.22109399999999998
2 0.490625 0.573437 0.489062 0.572656 0.4875 0.56875 0.4875 0.564844 0.484375 0.554688 0.470313 0.527344 0.467187 0.511719 0.463281 0.504688 0.455469 0.504688 0.453125 0.50625 0.449219 0.521875 0.450781 0.523438 0.457812 0.544531 0.461719 0.549219 0.4625 0.553125 0.465625 0.555469 0.467187 0.560937 0.471875 0.56875 0.478125 0.574219 0.478906 0.576562 0.484375 0.580469 0.485938 0.585156 0.491406 0.586719 0.49375 0.585156 0.49375 0.582813 0.490625 0.573437
1 1 0.22968799999999998 0.995313 0.22968799999999998 0.978125 0.225781 0.95 0.209375 0.946875 0.20468799999999998 0.94375 0.203906 0.941406 0.20546899999999998 0.945312 0.208594 0.945312 0.213281 0.915625 0.22343700000000002 0.902344 0.23203100000000002 0.902344 0.23671899999999998 0.9078120000000001 0.23906200000000002 0.9367190000000001 0.23906200000000002 0.946875 0.23671899999999998 0.95 0.234375 0.953125 0.228906 0.953125 0.22265600000000002 0.9554690000000001 0.221875 0.96875 0.23281200000000002 0.9820309999999999 0.23906200000000002 0.995313 0.239844 1 0.23828100000000002 1 0.22968799999999998
2 0 0.401563 0.003125 0.401563 0.005469 0.4 0.00625 0.400781 0.00625 0.408594 0.0078119999999999995 0.4125 0.017969 0.428906 0.022656000000000003 0.433594 0.0375 0.44375 0.044531 0.446875 0.047656 0.446094 0.048437999999999995 0.439063 0.044531 0.430469 0.0375 0.42109399999999997 0.033594 0.417969 0.024218999999999997 0.403125 0.01875 0.39843799999999996 0.011719 0.395312 0.010156 0.392188 0.005469 0.392969 0.0039059999999999997 0.397656 0.0023439999999999997 0.399219 0 0.399219 0 0.401563
1 0.300781 0.23906200000000002 0.2875 0.22968799999999998 0.283594 0.225 0.275 0.22265600000000002 0.271094 0.228125 0.270312 0.233594 0.267188 0.23593799999999998 0.26875 0.239844 0.267969 0.260156 0.272656 0.260938 0.279687 0.252344 0.279766 0.24976600000000002 0.279453 0.24679700000000002 0.28132799999999997 0.244844 0.285547 0.247891 0.286719 0.252344 0.296875 0.260156 0.317969 0.271875 0.321094 0.275 0.329688 0.276563 0.332031 0.275781 0.332031 0.271094 0.329688 0.267188 0.300781 0.23906200000000002
1 0.73125 0.305469 0.732031 0.342187 0.735938 0.346094 0.744531 0.345313 0.746875 0.341406 0.748437 0.330469 0.747656 0.31875 0.746094 0.31328100000000003 0.74375 0.310156 0.746875 0.307813 0.752344 0.307813 0.758594 0.302344 0.763281 0.295312 0.760937 0.292188 0.746094 0.29765600000000003 0.735156 0.298438 0.73125 0.305469
1 0.711719 0.35 0.704688 0.352344 0.692188 0.35156200000000004 0.6923440000000001 0.372266 0.696875 0.394531 0.701562 0.388281 0.703906 0.377344 0.703594 0.368359 0.7077340000000001 0.365547 0.724219 0.366406 0.728125 0.363281 0.732812 0.361719 0.746094 0.35 0.745312 0.345313 0.730469 0.345313 0.724219 0.348437 0.711719 0.35
2 0.644531 0.508594 0.64375 0.519531 0.639844 0.525 0.639062 0.530469 0.641328 0.537734 0.640313 0.542578 0.637422 0.545156 0.635937 0.5493750000000001 0.634297 0.553906 0.633281 0.556641 0.629688 0.561719 0.633594 0.564063 0.638281 0.564063 0.641406 0.560156 0.649219 0.544531 0.655469 0.535156 0.657031 0.525781 0.660156 0.520313 0.661719 0.5125 0.659375 0.505469 0.659375 0.501563 0.654687 0.5 0.651562 0.496875 0.649219 0.496875 0.648438 0.505469 0.644531 0.508594
2 0.646094 0.35156200000000004 0.645313 0.346875 0.635156 0.325781 0.628125 0.314844 0.61875 0.315625 0.616406 0.317969 0.615625 0.322656 0.625 0.34453100000000003 0.639844 0.361719 0.64375 0.367969 0.65 0.373437 0.652344 0.372656 0.653125 0.367969 0.650781 0.35859399999999997 0.646094 0.35156200000000004
2 0.58125 0.29609399999999997 0.572656 0.292188 0.56875 0.29375 0.567969 0.299219 0.571875 0.305469 0.575 0.307813 0.582813 0.307813 0.595313 0.303125 0.595313 0.299219 0.592187 0.296875 0.58125 0.29609399999999997
1 0.642969 0.10703100000000002 0.647656 0.096875 0.647656 0.094531 0.65 0.09218699999999999 0.647656 0.086719 0.642188 0.086719 0.636719 0.09375 0.626563 0.099219 0.613281 0.099219 0.609375 0.101562 0.609375 0.10390600000000001 0.620312 0.10625 0.626563 0.110156 0.638281 0.12234400000000001 0.648438 0.137891 0.6527339999999999 0.136875 0.653516 0.132734 0.65 0.121094 0.642969 0.10703100000000002
1 0.8179690000000001 0.1375 0.8070309999999999 0.12734399999999998 0.794531 0.121094 0.782031 0.110156 0.778125 0.09218699999999999 0.775 0.088281 0.7625 0.084375 0.753125 0.083594 0.749219 0.07968800000000001 0.746094 0.07968800000000001 0.740625 0.083594 0.742188 0.085938 0.747656 0.088281 0.757812 0.096875 0.760156 0.10078100000000001 0.760156 0.10390600000000001 0.763281 0.10781199999999999 0.763281 0.11171899999999998 0.792187 0.133594 0.8 0.13671899999999998 0.8179690000000001 0.146875 0.8226559999999999 0.146875 0.8210940000000001 0.14453100000000002 0.820312 0.13828100000000002 0.8179690000000001 0.1375
1 0.9476559999999999 0.673438 0.9164059999999999 0.673438 0.8875 0.670312 0.8742190000000001 0.672656 0.871875 0.678125 0.8804690000000001 0.692969 0.8804690000000001 0.697656 0.881953 0.7 0.882812 0.703906 0.8774219999999999 0.721016 0.886719 0.713281 0.8898440000000001 0.710156 0.890625 0.704688 0.8890629999999999 0.702344 0.8889060000000001 0.700781 0.8897660000000001 0.696016 0.8881249999999999 0.69375 0.886719 0.6883589999999999 0.89375 0.692188 0.896875 0.694531 0.9070309999999999 0.696875 0.9117190000000001 0.695312 0.928125 0.69375 0.94375 0.689844 0.9585940000000001 0.682031 0.9617190000000001 0.678906 0.9632809999999999 0.673438 0.960938 0.671875 0.9539059999999999 0.671875 0.9476559999999999 0.673438
1 0.8765620000000001 0.8492190000000001 0.867188 0.848438 0.8585940000000001 0.84375 0.853125 0.84375 0.85 0.8453120000000001 0.85 0.854687 0.848438 0.8617190000000001 0.8507809999999999 0.867188 0.8507809999999999 0.8851559999999999 0.8539059999999999 0.886719 0.8578129999999999 0.8835940000000001 0.859375 0.8804690000000001 0.8609370000000001 0.859375 0.8664059999999999 0.8625 0.8757809999999999 0.8648440000000001 0.8976559999999999 0.8617190000000001 0.90625 0.85 0.9070309999999999 0.84375 0.9046879999999999 0.8414059999999999 0.9 0.8414059999999999 0.8765620000000001 0.8492190000000001
1 0.807812 0.9585940000000001 0.8023440000000001 0.954688 0.7875 0.9539059999999999 0.7796879999999999 0.951562 0.775 0.9539059999999999 0.775 0.9554690000000001 0.78125 0.9617190000000001 0.7828120000000001 0.965625 0.7828120000000001 0.9710940000000001 0.784375 0.9742190000000001 0.784375 0.9898440000000001 0.786719 0.9914059999999999 0.791406 0.9898440000000001 0.796875 0.982812 0.796875 0.96875 0.799219 0.965625 0.8125 0.9679690000000001 0.8210940000000001 0.967187 0.8210940000000001 0.965625 0.8179690000000001 0.9625 0.807812 0.9585940000000001
2 1 0.774219 0.9976559999999999 0.773438 0.9976559999999999 0.770313 0.995313 0.7671870000000001 0.995313 0.7625 0.990625 0.754688 0.9898440000000001 0.759375 0.9835940000000001 0.774219 0.971875 0.786719 0.9664059999999999 0.797656 0.9664059999999999 0.8070309999999999 0.971875 0.8070309999999999 0.9859370000000001 0.799219 0.990625 0.7953129999999999 0.996094 0.7875 0.9976559999999999 0.776562 1 0.775781 1 0.774219
2 0.400781 0.90625 0.397656 0.9007809999999999 0.382031 0.8875 0.377344 0.8851559999999999 0.372656 0.8851559999999999 0.36875 0.8890629999999999 0.375 0.8960940000000001 0.378906 0.9054690000000001 0.39140600000000003 0.9234370000000001 0.38984399999999997 0.93125 0.38984399999999997 0.940625 0.392188 0.945312 0.396875 0.945312 0.402344 0.925781 0.402344 0.9117190000000001 0.400781 0.90625
1 0.244531 0.8578129999999999 0.21875 0.8335940000000001 0.21640600000000002 0.8296870000000001 0.209844 0.8142189999999999 0.20140600000000003 0.812969 0.19867200000000002 0.822734 0.19789099999999998 0.832813 0.198438 0.8445309999999999 0.197656 0.8492190000000001 0.2 0.8539059999999999 0.20593699999999998 0.868125 0.20703100000000002 0.8601559999999999 0.207422 0.8439840000000001 0.21484399999999998 0.855469 0.228125 0.8648440000000001 0.23593799999999998 0.86875 0.251563 0.8734379999999999 0.271563 0.8760939999999999 0.2625 0.86875 0.257031 0.863281 0.244531 0.8578129999999999
1 0.14296899999999998 0.488281 0.135156 0.479688 0.13125 0.479688 0.12890600000000002 0.477344 0.125781 0.477344 0.124219 0.482031 0.12265600000000002 0.482812 0.11640600000000001 0.492969 0.108594 0.509375 0.108594 0.513281 0.094531 0.548438 0.089063 0.555469 0.089063 0.564063 0.091406 0.56875 0.092969 0.567969 0.092969 0.565625 0.10703100000000002 0.552344 0.114062 0.542969 0.125781 0.511719 0.128125 0.491406 0.130469 0.488281 0.145312 0.5 0.15859399999999998 0.507031 0.17421899999999998 0.510937 0.175 0.509375 0.172656 0.505469 0.16796899999999998 0.503906 0.160937 0.498437 0.14296899999999998 0.488281
1 0.411719 0.725 0.415625 0.740625 0.415625 0.752344 0.41875 0.759375 0.420312 0.771094 0.42265600000000003 0.775781 0.423438 0.7875 0.428125 0.792578 0.42929700000000004 0.786562 0.432031 0.780469 0.434375 0.770313 0.434375 0.7515620000000001 0.43125 0.746875 0.430469 0.739063 0.429375 0.730156 0.43828100000000003 0.728125 0.432031 0.720313 0.426094 0.72 0.417734 0.715859 0.406719 0.714062 0.409375 0.721094 0.411719 0.725
1 0.557812 0.808594 0.55625 0.8101559999999999 0.548438 0.8117190000000001 0.549219 0.81875 0.552344 0.825 0.55625 0.8265629999999999 0.55625 0.83125 0.560937 0.840625 0.564844 0.8648440000000001 0.564063 0.8734379999999999 0.564297 0.878828 0.567969 0.8882809999999999 0.569531 0.8851559999999999 0.569531 0.88125 0.573437 0.8742190000000001 0.572656 0.855469 0.56875 0.8367190000000001 0.563281 0.83125 0.561719 0.825 0.564063 0.821875 0.574219 0.8210940000000001 0.575781 0.81875 0.578125 0.799219 0.578125 0.789062 0.576562 0.785938 0.570312 0.785938 0.563281 0.7953129999999999 0.557812 0.808594
2 0.732812 0.689063 0.727344 0.686719 0.723438 0.68125 0.71875 0.678125 0.716406 0.671875 0.713281 0.66875 0.705469 0.66875 0.704688 0.665625 0.69375 0.654687 0.689063 0.654687 0.686719 0.651562 0.678125 0.648438 0.675 0.65 0.675781 0.657031 0.678125 0.658594 0.678906 0.663281 0.684375 0.66875 0.688281 0.678125 0.702344 0.685156 0.705469 0.689063 0.714062 0.692969 0.720313 0.697656 0.728125 0.7 0.739063 0.705469 0.749219 0.705469 0.744531 0.703906 0.740625 0.696875 0.732812 0.689063
1 0.426562 0.478906 0.426562 0.474219 0.425 0.472656 0.423438 0.466406 0.420312 0.4625 0.41875 0.45625 0.404687 0.44375 0.400781 0.434375 0.396094 0.435937 0.395312 0.444531 0.39843799999999996 0.458594 0.403906 0.46796899999999997 0.41875 0.482031 0.425 0.490625 0.434375 0.498437 0.435937 0.498437 0.435937 0.49375 0.432031 0.48515600000000003 0.426562 0.478906
1 0.533594 0.525 0.528125 0.5375 0.521094 0.54375 0.521094 0.546094 0.522656 0.547656 0.521875 0.557031 0.524219 0.560156 0.524219 0.565625 0.521875 0.575781 0.519531 0.578906 0.521875 0.595313 0.525781 0.596094 0.533594 0.586719 0.535156 0.579688 0.541406 0.565625 0.539844 0.560937 0.539844 0.545312 0.547656 0.536719 0.548438 0.533594 0.554688 0.525781 0.555469 0.521094 0.553906 0.520313 0.547656 0.521094 0.538281 0.525 0.533594 0.525