1 0.565625 0 0.564844 0.0023439999999999997 0.560156 0.0023439999999999997 0.559375 0.00625 0.551562 0.014062 0.547656 0.014844 0.540625 0.021875 0.5375 0.028125 0.532813 0.03125 0.532031 0.041406 0.536719 0.042187999999999996 0.544531 0.039844000000000004 0.549219 0.035937000000000004 0.560937 0.029687 0.567969 0.028125 0.574219 0.022656000000000003 0.576562 0.017969 0.576562 0.014062 0.580469 0.010938 0.585156 0.009375 0.596094 0.010938 0.599219 0.003125 0.599219 0 0.565625 0
2 0.14375 0.776562 0.146094 0.794531 0.15859399999999998 0.820312 0.165625 0.8289059999999999 0.170313 0.8304690000000001 0.16875 0.81875 0.163281 0.809375 0.159375 0.790625 0.159375 0.7796879999999999 0.157031 0.773438 0.154688 0.771094 0.15390600000000002 0.7671870000000001 0.15 0.764844 0.146875 0.7671870000000001 0.14375 0.776562
0 0.478125 0.105469 0.482812 0.1125 0.488281 0.125 0.491406 0.128125 0.494531 0.135938 0.498437 0.139844 0.503125 0.147656 0.504687 0.15390600000000002 0.501563 0.154687 0.49921899999999997 0.157813 0.49718799999999996 0.164844 0.49375 0.172656 0.49257799999999996 0.176406 0.49179700000000004 0.17882800000000001 0.490625 0.18125 0.48976600000000003 0.188906 0.496875 0.185937 0.500781 0.17968800000000001 0.502969 0.174844 0.506641 0.169922 0.5088280000000001 0.163359 0.511094 0.158281 0.513594 0.161797 0.5167189999999999 0.16664099999999998 0.534375 0.18984399999999998 0.539062 0.198438 0.548438 0.210938 0.564844 0.225781 0.571875 0.23046899999999998 0.576562 0.23046899999999998 0.578125 0.228906 0.578125 0.22265600000000002 0.571875 0.20468799999999998 0.561719 0.182813 0.54375 0.153125 0.536719 0.146094 0.528906 0.142188 0.524219 0.141406 0.517969 0.135156 0.510938 0.124219 0.496094 0.105469 0.48359399999999997 0.085938 0.478906 0.08125 0.474219 0.078906 0.47343799999999997 0.08984400000000001 0.478125 0.105469
1 0.752344 0.310937 0.752344 0.307813 0.755469 0.300781 0.758594 0.288281 0.760156 0.271875 0.763281 0.26875 0.778125 0.278125 0.788281 0.28203100000000003 0.8023440000000001 0.284375 0.825 0.284375 0.8289059999999999 0.282813 0.8382809999999999 0.28203100000000003 0.840625 0.28046899999999997 0.840625 0.278906 0.8382809999999999 0.275781 0.8351559999999999 0.274219 0.792969 0.264062 0.763281 0.24765600000000002 0.760156 0.25078100000000003 0.757812 0.25625 0.750781 0.261719 0.749219 0.26640600000000003 0.747656 0.285937 0.749219 0.292188 0.749219 0.30625 0.750781 0.310156 0.752344 0.310937
1 0 0.50625 0.010156 0.508594 0.011719 0.510156 0.033594 0.511719 0.046875 0.507812 0.054688 0.498437 0.057813 0.497656 0.071094 0.507812 0.076563 0.509375 0.08984400000000001 0.510156 0.1 0.504688 0.10390600000000001 0.498437 0.10390600000000001 0.49218799999999996 0.101562 0.492969 0.09375 0.5 0.082812 0.5 0.067969 0.49375 0.061719 0.492969 0.057813 0.489844 0.00625 0.489062 0 0.490625 0 0.50625
1 0.147656 0.14296899999999998 0.155469 0.134375 0.163281 0.121094 0.165625 0.114062 0.171094 0.10625 0.173437 0.10078100000000001 0.173437 0.09765599999999999 0.180469 0.085156 0.184375 0.073438 0.182812 0.058594 0.17968800000000001 0.052344 0.175 0.046875 0.172656 0.046875 0.171094 0.048437999999999995 0.170313 0.061719 0.157031 0.082812 0.149219 0.098437 0.147656 0.104688 0.142187 0.11640600000000001 0.142187 0.121094 0.139844 0.12734399999999998 0.140625 0.146875 0.142187 0.149219 0.146875 0.147656 0.147656 0.14296899999999998
1 0.340625 0.314063 0.340625 0.31875 0.351562 0.321875 0.357812 0.325781 0.360938 0.329688 0.357812 0.3382810000000001 0.359375 0.35 0.358594 0.361719 0.360938 0.3695310000000001 0.360156 0.382031 0.361719 0.384375 0.361719 0.401563 0.365625 0.4007810000000001 0.367969 0.38984399999999997 0.370312 0.3851560000000001 0.369531 0.379687 0.371094 0.376563 0.371094 0.3695310000000001 0.369531 0.365625 0.371875 0.361719 0.371094 0.357812 0.373437 0.3476559999999999 0.373437 0.335156 0.375 0.329688 0.369531 0.319531 0.358594 0.314844 0.355469 0.31171899999999997 0.346094 0.310937 0.340625 0.314063
2 0.24375 0.9320309999999999 0.240625 0.9226559999999999 0.239844 0.910937 0.23726600000000003 0.907578 0.23726600000000003 0.903594 0.239844 0.8992190000000001 0.2375 0.8898440000000001 0.235937 0.8890629999999999 0.23203100000000002 0.8757809999999999 0.225781 0.898438 0.225 0.917969 0.23203100000000002 0.94375 0.235937 0.948438 0.240625 0.949219 0.242969 0.945312 0.24375 0.9320309999999999
1 0.115625 0.12734399999999998 0.11875 0.13828100000000002 0.12265600000000002 0.14453100000000002 0.125781 0.146094 0.132031 0.146094 0.135156 0.14453100000000002 0.13671899999999998 0.146875 0.1375 0.157813 0.135937 0.163281 0.135937 0.17421899999999998 0.1375 0.178906 0.13828100000000002 0.190625 0.146094 0.21640600000000002 0.150781 0.225 0.155469 0.227344 0.159375 0.203906 0.15390600000000002 0.19140600000000002 0.15234399999999998 0.153125 0.150781 0.15 0.146875 0.147656 0.142187 0.147656 0.139844 0.145312 0.139063 0.142188 0.132031 0.139062 0.130469 0.1375 0.129688 0.133594 0.123438 0.12734399999999998 0.123438 0.125 0.11875 0.12265600000000002 0.11640600000000001 0.124219 0.115625 0.12734399999999998
1 0.067187 0.227344 0.06875 0.23281200000000002 0.075 0.235156 0.080469 0.235156 0.083594 0.2375 0.089063 0.2375 0.09375 0.23593799999999998 0.095312 0.233594 0.096094 0.234375 0.095312 0.249219 0.10078100000000001 0.263281 0.11484399999999999 0.278125 0.134375 0.291406 0.139063 0.292188 0.139844 0.2875 0.135937 0.278906 0.128125 0.267188 0.110156 0.24531299999999998 0.10703100000000002 0.2375 0.107813 0.23203100000000002 0.10390600000000001 0.22968799999999998 0.096094 0.23203100000000002 0.092188 0.227344 0.082812 0.226562 0.076563 0.224219 0.071875 0.219531 0.064062 0.21484399999999998 0.0625 0.22109399999999998 0.067187 0.227344
1 0.153125 0.32890600000000003 0.167187 0.30625 0.16796899999999998 0.302344 0.178125 0.284375 0.180469 0.275781 0.182812 0.271875 0.192969 0.240625 0.19531199999999999 0.228125 0.192969 0.228125 0.18984399999999998 0.23046899999999998 0.180469 0.241406 0.176563 0.249219 0.171875 0.253906 0.16875 0.2625 0.15234399999999998 0.285156 0.14453100000000002 0.301562 0.141406 0.3125 0.140625 0.32734399999999997 0.142187 0.330469 0.146875 0.332031 0.153125 0.32890600000000003
1 0.029687 0.446875 0.042969 0.439844 0.049219 0.433594 0.054688 0.430469 0.063281 0.419531 0.06875 0.408594 0.072656 0.409375 0.082812 0.416406 0.095312 0.417969 0.096875 0.417188 0.096875 0.415625 0.092969 0.411719 0.080469 0.40703100000000003 0.067969 0.396094 0.064062 0.395312 0.055469000000000004 0.4 0.049219 0.40625 0.035156 0.425781 0.030469000000000003 0.430469 0.024218999999999997 0.44375 0.025781 0.446094 0.029687 0.446875
1 0.65 0.18125 0.646094 0.17968800000000001 0.642188 0.184375 0.646094 0.20078100000000002 0.65 0.20781200000000002 0.65 0.226562 0.647656 0.23906200000000002 0.645312 0.244531 0.646094 0.25 0.651563 0.24843700000000002 0.658594 0.242969 0.6625 0.234375 0.663281 0.224219 0.658594 0.21406299999999998 0.655469 0.210938 0.654687 0.203125 0.667188 0.19140600000000002 0.671875 0.184375 0.672656 0.175 0.669531 0.171875 0.661719 0.172656 0.65 0.18125
1 0.673438 0.13671899999999998 0.688281 0.153125 0.692187 0.16015600000000002 0.707812 0.17968800000000001 0.710938 0.17968800000000001 0.7125 0.178125 0.7125 0.171875 0.710156 0.1625 0.702344 0.151563 0.699219 0.14453100000000002 0.692969 0.13828100000000002 0.697656 0.135156 0.700781 0.135156 0.708594 0.12343699999999999 0.707031 0.11875 0.703125 0.11875 0.701562 0.126563 0.696875 0.130469 0.69375 0.13125 0.689063 0.129687 0.682813 0.13281199999999999 0.672656 0.13281199999999999 0.666406 0.134375 0.66875 0.13671899999999998 0.673438 0.13671899999999998
1 0.876563 0.089063 0.8804690000000001 0.098437 0.8820309999999999 0.098437 0.8835940000000001 0.096094 0.8820309999999999 0.088281 0.886719 0.085156 0.9273440000000001 0.072656 0.933594 0.06875 0.9367190000000001 0.06406300000000001 0.933594 0.060937 0.91875 0.060937 0.895312 0.065625 0.867188 0.067969 0.8570309999999999 0.071875 0.85 0.078906 0.85 0.08125 0.864062 0.0875 0.876563 0.089063
1 1 0.147656 0.978125 0.151563 0.9632809999999999 0.15625 0.957812 0.15625 0.951562 0.166406 0.957031 0.171875 0.9664059999999999 0.17421899999999998 0.9875 0.171875 1 0.167188 1 0.147656
1 0.764844 0.529687 0.776563 0.527344 0.784375 0.522656 0.796094 0.529687 0.808594 0.534375 0.8273440000000001 0.5375 0.8445309999999999 0.5375 0.842187 0.532813 0.839063 0.530469 0.8367190000000001 0.525 0.832812 0.523438 0.81875 0.513281 0.8148440000000001 0.513281 0.8117190000000001 0.510156 0.792188 0.503906 0.788281 0.503906 0.785156 0.505469 0.780469 0.511719 0.753125 0.51875 0.730469 0.521875 0.728125 0.525 0.736719 0.528906 0.764844 0.529687
1 0.8882809999999999 0.70625 0.889062 0.709375 0.901563 0.721328 0.906172 0.725312 0.910313 0.728437 0.9141410000000001 0.731797 0.920312 0.732578 0.922578 0.734297 0.926484 0.735781 0.926562 0.735938 0.9289059999999999 0.735938 0.93125 0.739063 0.9304690000000001 0.744531 0.933594 0.7515620000000001 0.940625 0.760156 0.9429690000000001 0.760937 0.9523440000000001 0.771094 0.961875 0.782266 0.967812 0.786562 0.964844 0.778906 0.9554690000000001 0.7640629999999999 0.9494529999999999 0.763594 0.9467969999999999 0.760234 0.948906 0.755781 0.940625 0.745312 0.9398440000000001 0.742969 0.9320309999999999 0.735156 0.929688 0.734375 0.929688 0.732031 0.9226559999999999 0.724219 0.920312 0.717187 0.9125 0.708594 0.8929690000000001 0.695312 0.884375 0.692969 0.882812 0.697656 0.8882809999999999 0.70625
1 1 0.738281 0.9851559999999999 0.736719 0.978125 0.734375 0.975 0.732031 0.9664059999999999 0.732031 0.967187 0.739844 0.964063 0.742969 0.9632809999999999 0.747656 0.9507809999999999 0.754688 0.9460940000000001 0.760156 0.95 0.7640629999999999 0.964063 0.761719 0.972656 0.754688 0.975 0.747656 0.9773440000000001 0.747656 0.9835940000000001 0.7515620000000001 0.9929690000000001 0.753125 1 0.752344 1 0.738281
2 0.625781 0.801563 0.626563 0.804688 0.634375 0.8125 0.647656 0.8195309999999999 0.653906 0.825 0.664844 0.8289059999999999 0.669531 0.8289059999999999 0.671094 0.8273440000000001 0.671094 0.8257809999999999 0.666406 0.821875 0.659375 0.8125 0.645312 0.80625 0.636719 0.796875 0.624219 0.796875 0.623437 0.799219 0.625781 0.801563
1 0.69375 0.8289059999999999 0.703906 0.8367190000000001 0.7125 0.840625 0.720313 0.840625 0.723437 0.8382809999999999 0.717187 0.8296870000000001 0.713281 0.8289059999999999 0.710938 0.8265629999999999 0.708594 0.8210940000000001 0.703125 0.8140620000000001 0.700781 0.8070309999999999 0.698438 0.8054690000000001 0.695312 0.8054690000000001 0.691406 0.808594 0.686719 0.820312 0.680469 0.8257809999999999 0.680469 0.8304690000000001 0.69375 0.8289059999999999
1 0.5125 0.863281 0.517188 0.8695309999999999 0.517188 0.8734379999999999 0.525 0.88125 0.527344 0.895312 0.526328 0.900234 0.525547 0.906719 0.523984 0.9099220000000001 0.523438 0.9132809999999999 0.522656 0.9210940000000001 0.521094 0.9234370000000001 0.521094 0.928125 0.522656 0.928125 0.530469 0.9195309999999999 0.534375 0.9039059999999999 0.533594 0.8875 0.529687 0.88125 0.528906 0.8773440000000001 0.522656 0.8734379999999999 0.521094 0.86875 0.521875 0.865625 0.526563 0.8625 0.526563 0.848438 0.524219 0.8375 0.517969 0.824219 0.513281 0.821875 0.511719 0.824219 0.5125 0.863281
1 0.427344 0.8617190000000001 0.433594 0.8539059999999999 0.435156 0.846875 0.439844 0.8445309999999999 0.44218799999999997 0.8414059999999999 0.442969 0.828125 0.439844 0.8179690000000001 0.434375 0.817188 0.43125 0.8210940000000001 0.428906 0.821875 0.42656299999999997 0.8296870000000001 0.427344 0.8421879999999999 0.423438 0.8453120000000001 0.42265600000000003 0.8523440000000001 0.41718700000000003 0.8625 0.41093799999999997 0.882812 0.411719 0.8921870000000001 0.41718700000000003 0.8898440000000001 0.427344 0.8617190000000001
1 0.28046899999999997 0.573437 0.29375 0.571875 0.31171899999999997 0.565625 0.319531 0.560937 0.324219 0.55625 0.325781 0.551563 0.334375 0.544531 0.339844 0.5375 0.33906200000000003 0.534375 0.326562 0.539062 0.31718799999999997 0.538281 0.310937 0.539844 0.28203100000000003 0.555469 0.271875 0.564844 0.27031299999999997 0.56875 0.274219 0.572656 0.28046899999999997 0.573437
1 0.259375 0.463281 0.253906 0.46875 0.255469 0.475 0.260156 0.478906 0.27343799999999996 0.480469 0.275781 0.482812 0.27656200000000003 0.494531 0.278906 0.504688 0.282813 0.508594 0.2875 0.510156 0.288281 0.505469 0.284375 0.5 0.282813 0.490625 0.286719 0.489844 0.290625 0.49218799999999996 0.294531 0.491406 0.298438 0.486719 0.3 0.48125 0.303125 0.478125 0.29765600000000003 0.474219 0.29765600000000003 0.471094 0.29609399999999997 0.46953100000000003 0.289844 0.467187 0.283594 0.460156 0.275 0.46093799999999996 0.267969 0.457812 0.264062 0.45390600000000003 0.259375 0.454688 0.25781200000000004 0.457812 0.259375 0.463281
1 0.39140600000000003 0.595313 0.392969 0.607812 0.39843799999999996 0.616406 0.4 0.621094 0.408594 0.632031 0.4125 0.639844 0.415625 0.650781 0.420312 0.654687 0.421875 0.649219 0.420312 0.639844 0.41718700000000003 0.632812 0.419531 0.625781 0.420312 0.614844 0.416406 0.603125 0.411719 0.596094 0.400781 0.5875 0.396094 0.5875 0.39375 0.589062 0.39140600000000003 0.595313
1 0.517188 0.733594 0.525 0.735938 0.546875 0.738281 0.549219 0.741406 0.549219 0.753125 0.553906 0.763281 0.554688 0.778125 0.552344 0.782031 0.551562 0.786719 0.546875 0.792187 0.546875 0.796875 0.553125 0.796875 0.560937 0.791406 0.559375 0.786719 0.560937 0.783594 0.560156 0.778906 0.5625 0.771875 0.5625 0.7625 0.557813 0.753125 0.554688 0.728125 0.549219 0.721094 0.533594 0.720313 0.525 0.721875 0.516406 0.728125 0.517188 0.733594
0 0.22109399999999998 0.260156 0.240625 0.272656 0.246875 0.275 0.25625 0.275 0.259375 0.278906 0.259375 0.282813 0.263281 0.285156 0.272656 0.285937 0.275 0.2875 0.2875 0.2875 0.290625 0.283594 0.28906200000000004 0.28125 0.284375 0.278906 0.283594 0.275781 0.286719 0.274219 0.28906200000000004 0.271094 0.2875 0.26875 0.282813 0.26640600000000003 0.275 0.265625 0.267969 0.260938 0.260156 0.259375 0.242188 0.25078100000000003 0.22265600000000002 0.24609399999999998 0.215625 0.24609399999999998 0.213281 0.24765600000000002 0.21406200000000003 0.252344 0.22109399999999998 0.260156
0 0.454688 0.32031200000000004 0.454688 0.296875 0.458594 0.291406 0.458594 0.28906200000000004 0.45625 0.283594 0.45234399999999997 0.279687 0.453125 0.26484399999999997 0.44843700000000003 0.253906 0.444531 0.249219 0.442969 0.249219 0.440625 0.252344 0.439063 0.261719 0.435937 0.270312 0.435156 0.279687 0.43828100000000003 0.288281 0.435156 0.296875 0.433594 0.307031 0.43828100000000003 0.317187 0.439844 0.32890600000000003 0.442969 0.335156 0.447656 0.335156 0.45234399999999997 0.32734399999999997 0.454688 0.32031200000000004