1 0.958594 0.532031 0.957812 0.536719 0.9601559999999999 0.544531 0.964063 0.549219 0.970313 0.560937 0.971875 0.567969 0.9773440000000001 0.574219 0.9820309999999999 0.576562 0.985938 0.576562 0.989062 0.580469 0.990625 0.585156 0.989062 0.596094 0.996875 0.599219 1 0.599219 1 0.565625 0.9976559999999999 0.564844 0.9976559999999999 0.560156 0.99375 0.559375 0.985938 0.551562 0.9851560000000001 0.547656 0.978125 0.540625 0.971875 0.5375 0.96875 0.532813
2 0.235156 0.15 0.232813 0.146875 0.22343799999999997 0.14375 0.20546899999999998 0.146094 0.179688 0.158594 0.171094 0.165625 0.169531 0.170313 0.18125 0.16875 0.190625 0.163281 0.209375 0.159375 0.220312 0.159375 0.226562 0.157031 0.228906 0.154688 0.232813 0.153906
0 0.9210939999999999 0.474219 0.910156 0.47343799999999997 0.894531 0.478125 0.8875 0.482812 0.875 0.488281 0.871875 0.491406 0.864062 0.494531 0.8601560000000001 0.498437 0.8523440000000001 0.503125 0.8460940000000001 0.504687 0.845313 0.501563 0.842187 0.49921899999999997 0.8351559999999999 0.4971880000000001 0.8273439999999999 0.49375 0.8235940000000002 0.49257800000000007 0.821172 0.49179699999999993 0.81875 0.490625 0.811094 0.48976600000000003 0.814063 0.496875 0.820312 0.500781 0.825156 0.502969 0.830078 0.506641 0.836641 0.508828 0.841719 0.511094 0.838203 0.513594 0.833359 0.516719 0.8101559999999999 0.534375 0.801562 0.539062 0.789062 0.548438 0.774219 0.564844 0.769531 0.571875 0.769531 0.576562 0.771094 0.578125 0.777344 0.578125 0.795312 0.571875 0.817187 0.561719 0.846875 0.54375 0.853906 0.536719 0.857812 0.528906 0.8585939999999999 0.524219 0.864844 0.517969 0.8757810000000001 0.510938 0.894531 0.496094 0.914062 0.48359399999999997 0.91875 0.478906
1 0.69375 0.749219 0.689844 0.750781 0.689063 0.752344 0.692187 0.752344 0.699219 0.755469 0.711719 0.758594 0.728125 0.760156 0.73125 0.763281 0.721875 0.778125 0.717969 0.788281 0.715625 0.802344 0.715625 0.825 0.717187 0.8289060000000001 0.717969 0.838281 0.719531 0.840625 0.721094 0.840625 0.724219 0.838281 0.725781 0.8351559999999999 0.735938 0.792969 0.752344 0.763281 0.749219 0.760156 0.74375 0.757812 0.738281 0.750781 0.733594 0.749219 0.714063 0.747656 0.707812 0.749219
1 0.49375 0 0.491406 0.010156 0.489844 0.011719 0.488281 0.033594 0.49218799999999996 0.046875 0.501563 0.054688 0.502344 0.057813 0.49218799999999996 0.071094 0.490625 0.076563 0.489844 0.089844 0.49531200000000003 0.1 0.501563 0.10390600000000001 0.507812 0.10390600000000001 0.507031 0.101562 0.5 0.09375 0.5 0.082812 0.50625 0.067969 0.507031 0.061719 0.510156 0.057813 0.510938 0.00625 0.509375 0
1 0.8507809999999999 0.142187 0.8523440000000001 0.146875 0.8570309999999999 0.147656 0.865625 0.155469 0.878906 0.163281 0.885938 0.165625 0.89375 0.171094 0.8992190000000001 0.173437 0.902344 0.173437 0.9148440000000001 0.180469 0.926562 0.184375 0.941406 0.182812 0.947656 0.179688 0.953125 0.175 0.953125 0.172656 0.951562 0.171094 0.9382810000000001 0.170313 0.917188 0.157031 0.901563 0.149219 0.895312 0.147656 0.8835940000000001 0.142187 0.878906 0.142187 0.8726559999999999 0.139844 0.853125 0.140625
1 0.689063 0.346094 0.685937 0.340625 0.68125 0.340625 0.678125 0.351562 0.674219 0.357812 0.670312 0.360938 0.661719 0.357812 0.65 0.359375 0.638281 0.358594 0.630469 0.360938 0.617969 0.360156 0.615625 0.361719 0.594531 0.361719 0.598437 0.361719 0.599219 0.365625 0.610156 0.367969 0.614844 0.370312 0.620313 0.369531 0.623437 0.371094 0.630469 0.371094 0.634375 0.369531 0.638281 0.371875 0.642188 0.371094 0.652344 0.373437 0.664844 0.373437 0.670312 0.375 0.680469 0.369531 0.685156 0.358594 0.688281 0.355469
2 0.050781 0.240625 0.054688 0.242969 0.067969 0.24375 0.077344 0.240625 0.089063 0.239844 0.092422 0.23726600000000003 0.096406 0.23726600000000003 0.10078099999999998 0.239844 0.110156 0.2375 0.110937 0.235937 0.124219 0.23203100000000002 0.101562 0.225781 0.082031 0.225 0.05625 0.23203100000000002 0.051562 0.235937
1 0.8773440000000001 0.11875 0.8757810000000001 0.11640599999999998 0.8726559999999999 0.115625 0.8617190000000001 0.11875 0.855469 0.12265600000000002 0.853906 0.125781 0.853906 0.132031 0.855469 0.135156 0.853125 0.136719 0.842187 0.1375 0.8367190000000001 0.135937 0.8257809999999999 0.135937 0.8210940000000001 0.1375 0.809375 0.138281 0.783594 0.146094 0.775 0.150781 0.772656 0.155469 0.796094 0.159375 0.808594 0.153906 0.846875 0.152344 0.85 0.150781 0.8523440000000001 0.146875 0.8523440000000001 0.142187 0.854688 0.139844 0.857812 0.139063 0.860938 0.132031 0.8625 0.130469 0.8664059999999999 0.129688 0.8726559999999999 0.123438 0.875 0.123438
1 0.785156 0.064062 0.778906 0.0625 0.772656 0.067187 0.767188 0.06875 0.764844 0.075 0.764844 0.080469 0.7625 0.083594 0.7625 0.089063 0.764062 0.09375 0.766406 0.095312 0.765625 0.096094 0.750781 0.095312 0.736719 0.10078099999999998 0.721875 0.11484399999999999 0.708594 0.134375 0.707812 0.139063 0.7125 0.139844 0.721094 0.135937 0.732812 0.128125 0.754687 0.110156 0.7625 0.10703100000000002 0.767969 0.107813 0.770312 0.10390600000000001 0.767969 0.096094 0.772656 0.092188 0.773438 0.082812 0.775781 0.076563 0.780469 0.071875
1 0.669531 0.142187 0.667969 0.146875 0.671094 0.153125 0.69375 0.167187 0.697656 0.167969 0.715625 0.178125 0.724219 0.180469 0.728125 0.182812 0.759375 0.192969 0.771875 0.195312 0.771875 0.192969 0.769531 0.189844 0.758594 0.180469 0.750781 0.176563 0.746094 0.171875 0.7375 0.16875 0.714844 0.152344 0.698438 0.144531 0.6875 0.141406 0.672656 0.140625
1 0.55625 0.024219 0.553906 0.025781 0.553125 0.029687 0.560156 0.042969 0.566406 0.049219 0.569531 0.054688 0.580469 0.063281 0.591406 0.06875 0.590625 0.072656 0.583594 0.082812 0.582031 0.095312 0.582812 0.096875 0.584375 0.096875 0.588281 0.092969 0.592969 0.080469 0.603906 0.067969 0.604688 0.064062 0.6 0.055469000000000004 0.59375 0.049219 0.574219 0.035156 0.569531 0.030469000000000003
1 0.828125 0.669531 0.8273439999999999 0.661719 0.81875 0.65 0.820312 0.646094 0.815625 0.642188 0.799219 0.646094 0.792188 0.65 0.773438 0.65 0.760938 0.647656 0.755469 0.645312 0.75 0.646094 0.751563 0.651563 0.757031 0.658594 0.765625 0.6625 0.775781 0.663281 0.785937 0.658594 0.789062 0.655469 0.796875 0.654687 0.808594 0.667188 0.815625 0.671875 0.825 0.672656
1 0.865625 0.666406 0.863281 0.66875 0.863281 0.673438 0.846875 0.688281 0.839844 0.692187 0.820312 0.707812 0.820312 0.710938 0.821875 0.7125 0.828125 0.7125 0.8375 0.710156 0.848437 0.702344 0.855469 0.699219 0.8617190000000001 0.692969 0.864844 0.697656 0.864844 0.700781 0.876563 0.708594 0.88125 0.707031 0.88125 0.703125 0.873437 0.701562 0.869531 0.696875 0.86875 0.69375 0.870313 0.689063 0.867188 0.682813 0.867188 0.672656
1 0.91875 0.85 0.9125 0.864062 0.910937 0.876563 0.901563 0.880469 0.901563 0.8820309999999999 0.9039059999999999 0.8835940000000001 0.911719 0.8820309999999999 0.9148440000000001 0.886719 0.927344 0.927344 0.93125 0.933594 0.935937 0.9367189999999999 0.939063 0.933594 0.939063 0.91875 0.934375 0.895312 0.932031 0.867188 0.928125 0.8570309999999999 0.9210939999999999 0.85
1 0.833594 0.951562 0.828125 0.957031 0.8257809999999999 0.9664059999999999 0.828125 0.9875 0.832812 1 0.8523440000000001 1 0.848437 0.978125 0.84375 0.963281 0.84375 0.957812
1 0.475 0.728125 0.471094 0.736719 0.470313 0.764844 0.472656 0.776563 0.477344 0.784375 0.470313 0.796094 0.465625 0.808594 0.4625 0.8273439999999999 0.4625 0.8445310000000001 0.467187 0.842187 0.46953100000000003 0.839063 0.475 0.8367190000000001 0.47656200000000004 0.832812 0.486719 0.81875 0.486719 0.8148440000000001 0.489844 0.8117189999999999 0.496094 0.792188 0.496094 0.788281 0.494531 0.785156 0.488281 0.780469 0.48125 0.753125 0.478125 0.730469
1 0.307031 0.884375 0.302344 0.882812 0.29375 0.8882809999999999 0.290625 0.889062 0.278672 0.901563 0.274688 0.906172 0.271563 0.910313 0.268203 0.9141410000000001 0.267422 0.920312 0.265703 0.922578 0.264219 0.926484 0.264062 0.926562 0.264062 0.9289059999999999 0.260937 0.93125 0.255469 0.9304690000000001 0.248438 0.933594 0.239844 0.940625 0.23906299999999997 0.942969 0.228906 0.9523439999999999 0.217734 0.961875 0.21343799999999996 0.967812 0.22109399999999998 0.964844 0.235937 0.9554690000000001 0.23640600000000003 0.9494529999999999 0.239766 0.9467969999999999 0.24421900000000002 0.948906 0.254688 0.940625 0.257031 0.9398440000000001 0.264844 0.932031 0.265625 0.929688 0.267969 0.929688 0.275781 0.9226560000000001 0.282813 0.920312 0.291406 0.9125 0.304688 0.8929690000000001
1 0.239844 0.9460940000000001 0.235937 0.95 0.23828100000000002 0.964063 0.24531200000000003 0.972656 0.252344 0.975 0.252344 0.9773440000000001 0.248438 0.9835939999999999 0.246875 0.9929690000000001 0.24765600000000002 1 0.261719 1 0.263281 0.9851560000000001 0.265625 0.978125 0.267969 0.975 0.267969 0.9664059999999999 0.260156 0.967187 0.257031 0.964063 0.252344 0.963281 0.24531200000000003 0.9507809999999999
2 0.203125 0.624219 0.20078100000000002 0.623437 0.198437 0.625781 0.195312 0.626563 0.1875 0.634375 0.180469 0.647656 0.175 0.653906 0.171094 0.664844 0.171094 0.669531 0.172656 0.671094 0.174219 0.671094 0.178125 0.666406 0.1875 0.659375 0.19375 0.645312 0.203125 0.636719
1 0.174219 0.680469 0.169531 0.680469 0.171094 0.69375 0.163281 0.703906 0.159375 0.7125 0.159375 0.720313 0.161719 0.723437 0.170313 0.717187 0.171094 0.713281 0.173437 0.710938 0.178906 0.708594 0.185938 0.703125 0.192969 0.700781 0.194531 0.698438 0.194531 0.695312 0.191406 0.691406 0.179688 0.686719
1 0.178125 0.513281 0.175781 0.511719 0.136719 0.5125 0.130469 0.517188 0.126562 0.517188 0.11875 0.525 0.104688 0.527344 0.099766 0.526328 0.093281 0.525547 0.090078 0.523984 0.086719 0.523438 0.078906 0.522656 0.076563 0.521094 0.071875 0.521094 0.071875 0.522656 0.080469 0.530469 0.096094 0.534375 0.1125 0.533594 0.11875 0.529687 0.12265600000000002 0.528906 0.126562 0.522656 0.13125 0.521094 0.134375 0.521875 0.1375 0.526563 0.151562 0.526563 0.1625 0.524219 0.175781 0.517969
1 0.107813 0.411719 0.110156 0.41718700000000003 0.138281 0.427344 0.146094 0.433594 0.153125 0.435156 0.155469 0.439844 0.158594 0.44218799999999997 0.171875 0.442969 0.182031 0.439844 0.182812 0.434375 0.178906 0.43125 0.178125 0.428906 0.170313 0.42656299999999997 0.157812 0.427344 0.154688 0.423438 0.147656 0.42265600000000003 0.1375 0.41718700000000003 0.117188 0.41093799999999997
1 0.43125 0.270313 0.427344 0.274219 0.42656299999999997 0.280469 0.428125 0.29375 0.434375 0.311719 0.439063 0.319531 0.44375 0.324219 0.44843700000000003 0.325781 0.455469 0.334375 0.4625 0.339844 0.465625 0.339062 0.46093799999999996 0.326562 0.461719 0.317188 0.460156 0.310937 0.444531 0.282031 0.435156 0.271875
1 0.545312 0.259375 0.542188 0.257812 0.536719 0.259375 0.53125 0.253906 0.525 0.255469 0.521094 0.260156 0.519531 0.273438 0.517188 0.275781 0.505469 0.276562 0.49531200000000003 0.278906 0.491406 0.282813 0.489844 0.2875 0.494531 0.288281 0.5 0.284375 0.509375 0.282813 0.510156 0.286719 0.507812 0.290625 0.508594 0.294531 0.513281 0.298438 0.51875 0.3 0.521875 0.303125 0.525781 0.297656 0.528906 0.297656 0.530469 0.296094 0.532813 0.289844 0.539844 0.283594 0.539062 0.275 0.542188 0.267969 0.546094 0.264062
1 0.4125 0.396094 0.41093799999999997 0.39375 0.404687 0.391406 0.392188 0.392969 0.383594 0.398438 0.378906 0.4 0.367969 0.408594 0.360156 0.4125 0.349219 0.415625 0.345313 0.420312 0.350781 0.421875 0.360156 0.420312 0.367188 0.41718700000000003 0.374219 0.419531 0.385156 0.420312 0.396875 0.416406 0.403906 0.411719 0.4125 0.400781
1 0.278125 0.525 0.271875 0.516406 0.266406 0.517188 0.264062 0.525 0.261719 0.546875 0.258594 0.549219 0.246875 0.549219 0.23671899999999998 0.553906 0.221875 0.554688 0.217969 0.552344 0.213281 0.551562 0.20781299999999997 0.546875 0.203125 0.546875 0.203125 0.553125 0.208594 0.560937 0.213281 0.559375 0.21640600000000002 0.560937 0.22109399999999998 0.560156 0.228125 0.5625 0.2375 0.5625 0.246875 0.557813 0.271875 0.554688 0.278906 0.549219 0.279687 0.533594
0 0.752344 0.213281 0.747656 0.21406200000000003 0.739844 0.22109399999999998 0.727344 0.240625 0.725 0.246875 0.725 0.25625 0.721094 0.259375 0.717187 0.259375 0.714844 0.263281 0.714063 0.272656 0.7125 0.275 0.7125 0.2875 0.716406 0.290625 0.71875 0.289062 0.721094 0.284375 0.724219 0.283594 0.725781 0.286719 0.728906 0.289062 0.73125 0.2875 0.733594 0.282813 0.734375 0.275 0.739062 0.267969 0.740625 0.260156 0.749219 0.242188 0.753906 0.22265600000000002 0.753906 0.215625
0 0.664844 0.447656 0.672656 0.45234399999999997 0.679688 0.454688 0.703125 0.454688 0.708594 0.458594 0.710938 0.458594 0.716406 0.45625 0.720313 0.45234399999999997 0.735156 0.453125 0.746094 0.44843700000000003 0.750781 0.444531 0.750781 0.442969 0.747656 0.440625 0.738281 0.439063 0.729688 0.435937 0.720313 0.435156 0.711719 0.43828100000000003 0.703125 0.435156 0.692969 0.433594 0.682813 0.43828100000000003 0.671094 0.439844 0.664844 0.442969