1 0.16406199999999999 0.583594 0.160937 0.578125 0.160937 0.572656 0.163281 0.569531 0.163281 0.565625 0.161719 0.5625 0.139844 0.546094 0.135156 0.54375 0.128125 0.544531 0.12890600000000002 0.55 0.13281199999999999 0.55625 0.135156 0.564063 0.153125 0.571875 0.15390600000000002 0.58125 0.155469 0.585156 0.160937 0.590625 0.166406 0.592187 0.16796899999999998 0.590625 0.16796899999999998 0.586719 0.16406199999999999 0.583594
2 0.632812 0.688281 0.625781 0.690625 0.622656 0.69375 0.621094 0.697656 0.622656 0.699219 0.628125 0.699219 0.638281 0.696094 0.649219 0.689844 0.653906 0.685156 0.650781 0.682031 0.642188 0.682031 0.632812 0.688281
1 0.707031 0.736719 0.702344 0.736719 0.7 0.742188 0.696875 0.74375 0.69375 0.747656 0.690625 0.754688 0.689844 0.764844 0.686719 0.774219 0.6875 0.778125 0.692969 0.778125 0.699219 0.76875 0.703125 0.760937 0.703125 0.749219 0.704688 0.747656 0.707813 0.749219 0.728906 0.752344 0.728906 0.747656 0.721094 0.742188 0.71875 0.742188 0.707031 0.736719
1 0.8414059999999999 0.8507809999999999 0.8382809999999999 0.854687 0.8375 0.859375 0.832031 0.8609370000000001 0.8289059999999999 0.864063 0.828125 0.8679690000000001 0.824219 0.8726559999999999 0.823281 0.874297 0.818672 0.8761720000000001 0.815625 0.878281 0.8126559999999999 0.880391 0.809375 0.884375 0.809375 0.8875 0.815625 0.886719 0.8182029999999999 0.884609 0.821406 0.882578 0.824297 0.88125 0.8271089999999999 0.878281 0.830156 0.876328 0.833359 0.8725780000000001 0.835938 0.8695309999999999 0.8367190000000001 0.863281 0.8382809999999999 0.8609370000000001 0.8414059999999999 0.8617190000000001 0.8453120000000001 0.8648440000000001 0.8507809999999999 0.8648440000000001 0.854687 0.863281 0.8617190000000001 0.8585940000000001 0.8695309999999999 0.8507809999999999 0.8726559999999999 0.8460940000000001 0.8726559999999999 0.8429690000000001 0.871094 0.8414059999999999 0.8625 0.8421879999999999 0.8414059999999999 0.8507809999999999
1 0.8210940000000001 0.7875 0.8210940000000001 0.800781 0.81875 0.807812 0.821875 0.821875 0.825 0.8210940000000001 0.8265629999999999 0.81875 0.8273440000000001 0.8023440000000001 0.8367190000000001 0.79375 0.8421879999999999 0.782031 0.846875 0.776562 0.846875 0.771094 0.839844 0.771094 0.8351559999999999 0.773438 0.8210940000000001 0.7875
1 0.59375 0.252344 0.592187 0.25625 0.595313 0.257031 0.598438 0.260938 0.591406 0.27343799999999996 0.5875 0.295312 0.5875 0.30625 0.589062 0.310937 0.591406 0.3125 0.596094 0.308594 0.602344 0.29609399999999997 0.60625 0.283594 0.616406 0.26640600000000003 0.615625 0.260938 0.598438 0.24375 0.596094 0.23828100000000002 0.596094 0.235156 0.591406 0.242188 0.591406 0.24765600000000002 0.59375 0.252344
1 0.664844 0.416406 0.664062 0.433594 0.666406 0.43671899999999997 0.678125 0.4375 0.679688 0.435937 0.678906 0.427344 0.690625 0.403906 0.691406 0.4 0.689844 0.397656 0.685156 0.399219 0.669531 0.41406200000000004 0.664844 0.416406
2 0.713281 0.263281 0.703906 0.263281 0.697656 0.260156 0.696094 0.260938 0.695312 0.26484399999999997 0.696875 0.269531 0.700781 0.274219 0.714844 0.278906 0.720313 0.278125 0.721094 0.274219 0.719531 0.265625 0.713281 0.263281
1 0.632031 0.578906 0.628906 0.573437 0.627344 0.558594 0.61875 0.54375 0.614844 0.558594 0.614844 0.570312 0.616406 0.577344 0.619531 0.584375 0.621094 0.592187 0.625 0.596094 0.63125 0.597656 0.629688 0.588281 0.632031 0.583594 0.632031 0.578906
1 0.685937 0.092969 0.680469 0.091406 0.672656 0.08203099999999999 0.666406 0.078125 0.657813 0.075 0.654687 0.071094 0.653125 0.071094 0.650781 0.07421900000000001 0.650781 0.07968800000000001 0.653906 0.086719 0.661719 0.094531 0.671094 0.1 0.694531 0.1 0.700781 0.098437 0.702344 0.096875 0.701562 0.094531 0.698437 0.092969 0.685937 0.092969
1 0.189063 0 0.189063 0.0023439999999999997 0.1875 0.0039059999999999997 0.173438 0.005469 0.17421899999999998 0.010156 0.17578100000000002 0.010156 0.178906 0.014062 0.178906 0.03125 0.18125 0.038280999999999996 0.186719 0.0375 0.192187 0.03125 0.196875 0.023672000000000002 0.199922 0.018984 0.20460899999999999 0.011953 0.21718700000000002 0.009375 0.219531 0 0.189063 0
2 0.082812 0.197656 0.078125 0.190625 0.072656 0.17421899999999998 0.067969 0.17421899999999998 0.06640599999999999 0.185937 0.071875 0.20078100000000002 0.075781 0.202344 0.080469 0.209375 0.084375 0.210938 0.088281 0.21484399999999998 0.090625 0.210938 0.090625 0.203906 0.082812 0.197656
1 0.4875 0.588281 0.48359399999999997 0.585156 0.482812 0.564844 0.478125 0.564063 0.473437 0.578125 0.472656 0.585938 0.478125 0.596094 0.478125 0.599219 0.48125 0.603125 0.482031 0.608594 0.485938 0.615625 0.489844 0.617188 0.494531 0.616406 0.495313 0.610156 0.492969 0.599219 0.4875 0.588281
1 0.17421899999999998 0.933594 0.170312 0.933594 0.154687 0.928125 0.135156 0.9164059999999999 0.13281199999999999 0.917969 0.13281199999999999 0.928125 0.146094 0.9429690000000001 0.13828100000000002 0.9539059999999999 0.139062 0.9585940000000001 0.142188 0.9617190000000001 0.147656 0.9625 0.154687 0.954688 0.166406 0.9476559999999999 0.170312 0.946875 0.172656 0.94375 0.172656 0.939063 0.175 0.9359379999999999 0.17421899999999998 0.933594