1 0.747656 0.907813 0.749219 0.911719 0.757812 0.920312 0.782813 0.9382810000000001 0.801562 0.942187 0.80625 0.9460940000000001 0.8148440000000001 0.94375 0.8195309999999999 0.94375 0.823438 0.9398440000000001 0.820312 0.9372659999999999 0.8155470000000001 0.936875 0.813125 0.9317969999999999 0.808594 0.9289059999999999 0.778906 0.9132809999999999 0.759375 0.90625 0.750781 0.9054689999999999
2 0.413281 0.508594 0.414844 0.514062 0.419531 0.515625 0.423438 0.521094 0.425781 0.521875 0.43125 0.528125 0.439063 0.532813 0.444531 0.534375 0.446875 0.5375 0.450781 0.538281 0.455469 0.542188 0.47656200000000004 0.549219 0.478125 0.550781 0.49375 0.546875 0.49531200000000003 0.544531 0.49531200000000003 0.536719 0.488281 0.532813 0.472656 0.529687 0.44531200000000004 0.515625 0.435156 0.5125 0.43125 0.5125 0.427344 0.510938 0.42656299999999997 0.509375 0.41718700000000003 0.50625 0.414844 0.50625
1 0.761719 0 0.760156 0.004687 0.760938 0.017969 0.767188 0.03125 0.778125 0.044531 0.777344 0.046875 0.771094 0.046875 0.765625 0.05 0.763281 0.053125 0.760938 0.063281 0.760938 0.092188 0.763281 0.097656 0.767969 0.097656 0.776563 0.084375 0.786719 0.054688 0.791406 0.054688 0.794531 0.058594 0.796094 0.05625 0.795312 0.053125 0.790625 0.05 0.774219 0.021875 0.770312 0.004687 0.770312 0
2 0.553906 0.9523439999999999 0.553125 0.9554690000000001 0.55625 0.9625 0.566406 0.9773440000000001 0.571094 0.9820309999999999 0.5875 0.992188 0.591406 0.99375 0.599219 0.99375 0.6 0.994531 0.598437 0.996875 0.598437 1 0.600781 1 0.600781 0.9976559999999999 0.602344 0.996094 0.607031 0.994531 0.607812 0.989844 0.604688 0.988281 0.601562 0.98125 0.596875 0.9757809999999999 0.582031 0.9664059999999999 0.578906 0.9625 0.569531 0.9554690000000001 0.560937 0.951562
1 0.724219 0.667969 0.723437 0.670312 0.725 0.678906 0.728125 0.682031 0.739844 0.703125 0.747656 0.713281 0.752109 0.714453 0.755156 0.718672 0.753203 0.720547 0.750234 0.720234 0.747656 0.720313 0.739062 0.727344 0.739844 0.732031 0.760156 0.73125 0.764062 0.732812 0.766406 0.729688 0.771875 0.728906 0.777344 0.725 0.775 0.716406 0.770312 0.7125 0.760938 0.699219 0.732812 0.670312 0.728906 0.667969
1 0.707812 0.23906299999999997 0.704688 0.23671899999999998 0.697656 0.241406 0.692187 0.24765600000000002 0.692187 0.253125 0.689844 0.25625 0.686719 0.253906 0.68125 0.252344 0.669531 0.251563 0.658594 0.253125 0.654687 0.255469 0.653906 0.264062 0.657813 0.267969 0.694531 0.26875 0.701562 0.264844 0.702344 0.253906
1 0.654687 0.254688 0.65 0.253906 0.638281 0.267188 0.636719 0.271875 0.633594 0.275781 0.634453 0.292266 0.631641 0.296406 0.622656 0.296094 0.611719 0.298438 0.605469 0.303125 0.627734 0.307656 0.648438 0.307812 0.647656 0.295312 0.65 0.288281 0.651563 0.275781 0.654687 0.269531
2 0.503125 0.348438 0.5 0.345313 0.498437 0.340625 0.494531 0.340625 0.4875 0.338281 0.47968700000000003 0.339844 0.474219 0.342969 0.464844 0.344531 0.455469 0.350781 0.439844 0.358594 0.435937 0.361719 0.435937 0.366406 0.43828100000000003 0.370312 0.44335899999999995 0.366719 0.446094 0.365703 0.45062499999999994 0.364063 0.454844 0.362578 0.45742200000000005 0.359687 0.46226599999999995 0.358672 0.46953100000000003 0.360938 0.475 0.360156 0.480469 0.35625 0.491406 0.355469 0.494531 0.351562 0.503125 0.350781
2 0.627344 0.347656 0.626563 0.35 0.632031 0.35625 0.638281 0.360156 0.655469 0.375 0.677344 0.384375 0.682031 0.383594 0.684375 0.38125 0.685156 0.371875 0.674219 0.364844 0.653125 0.354687 0.648438 0.353906 0.641406 0.349219 0.632031 0.346875
2 0.696875 0.404687 0.692187 0.41718700000000003 0.692187 0.425 0.694531 0.428125 0.700781 0.432031 0.70625 0.43125 0.707812 0.427344 0.703906 0.41875 0.703125 0.407813 0.700781 0.404687
1 0.862109 0.351562 0.8631249999999999 0.347266 0.8672660000000001 0.346484 0.878906 0.35 0.8929690000000001 0.357031 0.903125 0.352344 0.9054689999999999 0.352344 0.907813 0.35 0.9132809999999999 0.352344 0.9132809999999999 0.357812 0.90625 0.363281 0.900781 0.373437 0.900781 0.386719 0.898438 0.390625 0.896094 0.390625 0.89375 0.379688 0.8898439999999999 0.373437 0.877656 0.361719
1 0.853125 0.177344 0.853125 0.182031 0.863281 0.2 0.8664059999999999 0.20781299999999997 0.8882809999999999 0.23671899999999998 0.892188 0.23671899999999998 0.896094 0.239844 0.8992190000000001 0.239844 0.903125 0.242188 0.911719 0.252344 0.914062 0.257812 0.916406 0.259375 0.920312 0.253906 0.920312 0.250781 0.916406 0.246875 0.915625 0.2375 0.911719 0.225 0.907813 0.221875 0.8898439999999999 0.217969 0.878906 0.20546899999999998 0.8726559999999999 0.192969 0.8625 0.182031 0.8617190000000001 0.179688 0.855469 0.178906
1 0.326562 0.036719 0.321094 0.038281 0.317969 0.041406 0.310156 0.05625 0.30625 0.071875 0.304688 0.088281 0.303125 0.092969 0.305469 0.103125 0.307812 0.10625 0.311641 0.113281 0.30625 0.11187499999999999 0.303984 0.11023399999999998 0.299219 0.111094 0.297656 0.110937 0.295312 0.109375 0.289844 0.110156 0.286719 0.113281 0.278984 0.122578 0.296094 0.117188 0.3 0.11804699999999999 0.302344 0.11953100000000001 0.307031 0.11953100000000001 0.321875 0.128125 0.327344 0.125781 0.329688 0.1125 0.326562 0.083594 0.326562 0.052344 0.328125 0.046094 0.328125 0.039062
1 0.15625 0.092969 0.15 0.09375 0.138281 0.10234400000000002 0.135156 0.124219 0.1375 0.133594 0.140625 0.139063 0.11953100000000001 0.140625 0.11640599999999998 0.142187 0.113281 0.146094 0.11484399999999999 0.149219 0.132812 0.149219 0.138281 0.151562 0.145313 0.15 0.154688 0.15 0.15625 0.146875 0.15625 0.141406 0.151562 0.132812 0.150781 0.123438 0.158594 0.1 0.158594 0.095312
1 0.032813 0.178906 0.032031 0.1875 0.034375 0.20078100000000002 0.03125 0.203125 0.017188 0.203125 0.010156 0.208594 0.008594 0.213281 0.010156 0.215625 0.025781 0.215625 0.028905999999999998 0.217188 0.034375 0.217188 0.038281 0.21875 0.044531 0.225 0.046094 0.225 0.048438 0.220312 0.046094 0.2125 0.045312 0.197656 0.041406 0.192188 0.0375 0.182031 0.034375 0.178906
2 0.24531200000000003 0.009375 0.2375 0.004687 0.232813 0.004687 0.22968700000000003 0.002344 0.226562 0.002344 0.225781 0 0.224219 0 0.22343799999999997 0.002344 0.2125 0.0039060000000000006 0.204687 0.009375 0.20078100000000002 0.014063 0.192969 0.028125 0.192969 0.033594 0.202344 0.033594 0.213281 0.028125 0.225781 0.016406 0.240625 0.010156
2 0.054688 0.603125 0.054688 0.607812 0.059375 0.610156 0.06875 0.610156 0.076563 0.608594 0.094531 0.621094 0.10390600000000001 0.625 0.110937 0.63125 0.11484399999999999 0.627344 0.11484399999999999 0.622656 0.1125 0.617969 0.099219 0.602344 0.09375 0.599219 0.088281 0.597656 0.074219 0.597656
1 0.123906 0.728437 0.126562 0.748437 0.13125 0.764062 0.135156 0.771875 0.144531 0.785156 0.156016 0.792578 0.139844 0.792969 0.131875 0.794063 0.146094 0.8 0.150781 0.802344 0.155469 0.801562 0.167187 0.802109 0.177266 0.801328 0.187031 0.798594 0.185781 0.790156 0.170313 0.783594 0.166406 0.78125 0.142187 0.755469 0.136719 0.742969 0.13125 0.7375
1 0.494531 0.8273439999999999 0.490625 0.825 0.48906299999999997 0.8257809999999999 0.492969 0.8414059999999999 0.5 0.854688 0.511719 0.869531 0.508594 0.871875 0.488281 0.8742189999999999 0.457031 0.885938 0.447656 0.8929690000000001 0.434375 0.9070310000000001 0.432031 0.9070310000000001 0.43125 0.9085940000000001 0.435937 0.910937 0.444531 0.910937 0.451562 0.9054689999999999 0.486719 0.8914060000000001 0.490625 0.8914060000000001 0.507031 0.8835940000000001 0.517188 0.8773440000000001 0.517969 0.8757810000000001 0.522656 0.8742189999999999 0.522656 0.871094 0.520312 0.86875 0.520312 0.864844 0.511719 0.8570309999999999 0.501563 0.839063 0.496094 0.832031
1 0.284141 0.582266 0.28 0.573906 0.279687 0.567969 0.271875 0.561719 0.269844 0.570625 0.260937 0.569531 0.253125 0.56875 0.248438 0.565625 0.22968700000000003 0.565625 0.219531 0.567969 0.21343799999999996 0.570703 0.207422 0.571875 0.2125 0.576562 0.224219 0.577344 0.228906 0.579688 0.240625 0.58125 0.24765600000000002 0.584375 0.259375 0.584375 0.275 0.588281 0.278906 0.590625 0.285938 0.593281
1 0.21406200000000003 0.423438 0.210938 0.421875 0.20078100000000002 0.421875 0.18125 0.424219 0.178906 0.425781 0.178125 0.435937 0.175 0.43828100000000003 0.16875 0.43671899999999997 0.163281 0.43125 0.144531 0.427344 0.125781 0.42656299999999997 0.11875 0.430469 0.11484399999999999 0.430469 0.11171899999999998 0.432031 0.12117200000000002 0.435703 0.126562 0.435937 0.135156 0.435156 0.159375 0.439063 0.16875 0.44375 0.173437 0.44375 0.175 0.447656 0.18125 0.450781 0.188281 0.451562 0.189844 0.44375 0.191406 0.44218799999999997 0.204687 0.43671899999999997 0.21406200000000003 0.42968799999999996
2 0.294531 0.250781 0.294531 0.260937 0.3 0.271875 0.302344 0.279687 0.307031 0.285938 0.310937 0.294531 0.314844 0.297656 0.321875 0.311719 0.33125 0.315625 0.336719 0.321094 0.341406 0.321875 0.342969 0.324219 0.35 0.325 0.351562 0.321875 0.348438 0.313281 0.345313 0.310937 0.345313 0.30625 0.334375 0.295312 0.33125 0.294531 0.33125 0.286719 0.328125 0.283594 0.321875 0.28125 0.31875 0.276562 0.313281 0.272656 0.310937 0.267188 0.303125 0.259375 0.296094 0.255469
1 0.501563 0.564063 0.501563 0.565625 0.509375 0.575 0.517969 0.58125 0.532031 0.596094 0.541406 0.601562 0.555469 0.604688 0.564063 0.603906 0.565625 0.599219 0.55625 0.595313 0.54375 0.58125 0.5375 0.579688 0.533594 0.576562 0.527344 0.575 0.525781 0.573438 0.521094 0.573438 0.514844 0.567969 0.50625 0.564063
1 0.47968700000000003 0.446094 0.478906 0.444531 0.474219 0.44531200000000004 0.466406 0.451562 0.463281 0.45234399999999997 0.454688 0.460156 0.439063 0.460156 0.434375 0.458594 0.420312 0.464844 0.413281 0.466406 0.403906 0.474219 0.404687 0.478125 0.42109399999999997 0.480469 0.424219 0.478125 0.434375 0.475781 0.439844 0.475781 0.442969 0.478125 0.45234399999999997 0.477344 0.45390600000000003 0.478906 0.45625 0.478906 0.4625 0.471875 0.475 0.466406 0.475 0.461719 0.478906 0.45234399999999997