1 0.7796879999999999 0.835938 0.776875 0.839063 0.7744530000000001 0.841094 0.770859 0.8435159999999999 0.766406 0.845313 0.753125 0.8570309999999999 0.74375 0.86875 0.742188 0.8726559999999999 0.735938 0.8804690000000001 0.736719 0.8851559999999999 0.744531 0.8851559999999999 0.75625 0.879687 0.763281 0.879687 0.765625 0.8726559999999999 0.778906 0.857812 0.780469 0.857812 0.785156 0.8617190000000001 0.789062 0.860938 0.790625 0.8585940000000001 0.790625 0.855469 0.7875 0.8429690000000001 0.7875 0.8367190000000001 0.785156 0.834375 0.783594 0.826562 0.780469 0.8289059999999999 0.78125 0.834375 0.7796879999999999 0.835938
1 0.8179690000000001 0.04375 0.8179690000000001 0.051562 0.820312 0.05625 0.820312 0.060937 0.8117190000000001 0.071875 0.8125 0.076563 0.816406 0.076563 0.81875 0.07421900000000001 0.8226559999999999 0.07421900000000001 0.83125 0.064844 0.8304690000000001 0.026562000000000002 0.8296870000000001 0.024218999999999997 0.8273440000000001 0.022656000000000003 0.823437 0.025 0.820312 0.032031 0.8179690000000001 0.04375
1 0.9046879999999999 0.2375 0.9132809999999999 0.241406 0.915625 0.24531200000000003 0.9203129999999999 0.24531200000000003 0.928125 0.239844 0.934375 0.2375 0.9367190000000001 0.234375 0.940625 0.233594 0.940625 0.23203100000000002 0.9351559999999999 0.23203100000000002 0.93125 0.22968700000000003 0.928125 0.22968700000000003 0.9242190000000001 0.226562 0.917188 0.228125 0.9132809999999999 0.227344 0.8929690000000001 0.21484399999999998 0.8882809999999999 0.215625 0.8914059999999999 0.224219 0.8960940000000001 0.23046899999999998 0.9046879999999999 0.2375
1 0.796875 0.2875 0.834375 0.295312 0.8539059999999999 0.295312 0.8609370000000001 0.291406 0.8726559999999999 0.291406 0.8765620000000001 0.2875 0.8757809999999999 0.282813 0.8734379999999999 0.28125 0.8578129999999999 0.278125 0.848438 0.274219 0.816406 0.27031299999999997 0.782031 0.27031299999999997 0.7796879999999999 0.271094 0.777344 0.274219 0.777344 0.275781 0.782031 0.28125 0.796875 0.2875
1 0.840625 0.427344 0.8375 0.43125 0.8335940000000001 0.45234399999999997 0.834375 0.478906 0.8375 0.486719 0.8421879999999999 0.48515600000000003 0.85 0.46953100000000003 0.8523440000000001 0.459375 0.853125 0.44375 0.854687 0.43828100000000003 0.854687 0.421875 0.8539059999999999 0.419531 0.8460940000000001 0.41718700000000003 0.8382809999999999 0.408594 0.832031 0.403906 0.8289059999999999 0.403125 0.828125 0.404687 0.8296870000000001 0.410156 0.840625 0.427344
1 0.423438 0.926562 0.420312 0.925 0.411719 0.925781 0.40703100000000003 0.923438 0.403125 0.923438 0.387344 0.9210160000000001 0.403672 0.9285159999999999 0.41445299999999996 0.9304690000000001 0.423984 0.9309369999999999 0.42062499999999997 0.9350780000000001 0.416406 0.940625 0.410156 0.9507809999999999 0.40546899999999997 0.9664059999999999 0.403125 0.979688 0.403906 0.9898440000000001 0.408594 0.9898440000000001 0.414844 0.9835940000000001 0.420312 0.9710940000000001 0.4375 0.9429690000000001 0.439063 0.9375 0.442187 0.932813 0.444531 0.9226559999999999 0.444531 0.915625 0.433594 0.917969 0.425781 0.923438 0.423438 0.926562
1 0.585938 0.9085940000000001 0.570312 0.903125 0.564844 0.903125 0.560937 0.8992190000000001 0.554688 0.896875 0.553125 0.894531 0.547656 0.894531 0.544531 0.8976559999999999 0.541406 0.9054690000000001 0.537891 0.907578 0.532031 0.909375 0.525781 0.9125 0.522656 0.915625 0.516406 0.917188 0.509609 0.919922 0.505469 0.921875 0.49726600000000004 0.925156 0.5088280000000001 0.925156 0.5191410000000001 0.922813 0.529687 0.9210940000000001 0.538281 0.9164059999999999 0.540234 0.914297 0.542734 0.9128130000000001 0.5457810000000001 0.910547 0.548438 0.9085940000000001 0.554688 0.9125 0.56875 0.9164059999999999 0.59375 0.9164059999999999 0.596094 0.917969 0.6 0.9164059999999999 0.598438 0.9117190000000001 0.594531 0.909375 0.585938 0.9085940000000001
1 0.734375 0.227344 0.733594 0.248438 0.73125 0.251563 0.730469 0.257031 0.727344 0.259375 0.729687 0.264062 0.728125 0.265625 0.728906 0.284375 0.727344 0.291406 0.732031 0.29609399999999997 0.735156 0.29375 0.7375 0.2875 0.736719 0.275781 0.734375 0.271875 0.734375 0.265625 0.736719 0.264062 0.742188 0.264062 0.746094 0.2625 0.749219 0.259375 0.752344 0.25078100000000003 0.752344 0.228906 0.748437 0.21640600000000002 0.744531 0.21484399999999998 0.736719 0.21640600000000002 0.7375 0.220312 0.734375 0.227344
1 0.692188 0.076563 0.685156 0.078125 0.68125 0.08203099999999999 0.678906 0.0875 0.678906 0.098437 0.680469 0.10390600000000001 0.678906 0.105469 0.671875 0.10234399999999999 0.664844 0.10234399999999999 0.65 0.10625 0.640625 0.110156 0.630469 0.11640600000000001 0.617188 0.129688 0.617188 0.13281199999999999 0.61875 0.134375 0.624219 0.133594 0.634375 0.129688 0.648438 0.121875 0.675781 0.11171899999999998 0.685937 0.11171899999999998 0.6875 0.110156 0.689844 0.10234399999999999 0.690625 0.091406 0.700781 0.075781 0.699219 0.07421900000000001 0.696094 0.07421900000000001 0.692188 0.076563
2 0.324219 0.42109399999999997 0.3125 0.455469 0.303125 0.470313 0.302344 0.475 0.307031 0.474219 0.315625 0.465625 0.321094 0.457031 0.334375 0.425781 0.334375 0.417969 0.32890600000000003 0.41718700000000003 0.326562 0.417969 0.324219 0.42109399999999997
2 0.292188 0.392969 0.294531 0.39531299999999997 0.303125 0.399219 0.310937 0.399219 0.322656 0.403125 0.3375 0.40156200000000003 0.339844 0.403125 0.34296899999999997 0.403125 0.346094 0.399219 0.348437 0.392969 0.346094 0.386719 0.340625 0.38593700000000003 0.332812 0.390625 0.325781 0.38984399999999997 0.317187 0.385156 0.305469 0.373437 0.298438 0.36406299999999997 0.295312 0.357031 0.290625 0.357031 0.286719 0.372656 0.2875 0.38125 0.292188 0.392969
1 0.371875 0.399219 0.361719 0.402344 0.332812 0.40625 0.31328100000000003 0.411719 0.3125 0.416406 0.354688 0.417969 0.360938 0.419531 0.378125 0.419531 0.384375 0.415625 0.401563 0.41093799999999997 0.407813 0.40703100000000003 0.414844 0.404687 0.416406 0.400781 0.41875 0.399219 0.434375 0.399219 0.43828100000000003 0.397656 0.439063 0.396094 0.415625 0.394531 0.38984399999999997 0.396094 0.371875 0.399219
1 0.638281 0.546875 0.635156 0.549219 0.628906 0.550781 0.614844 0.552344 0.60625 0.560937 0.599219 0.564063 0.600781 0.56875 0.626563 0.569531 0.641406 0.567187 0.650781 0.567187 0.652344 0.5625 0.652344 0.557031 0.650781 0.548438 0.642969 0.535937 0.640625 0.534375 0.639062 0.528125 0.6375 0.528906 0.636719 0.534375 0.638281 0.546875
1 0.654687 0.653906 0.648438 0.660937 0.648438 0.666406 0.646094 0.672656 0.6375 0.678906 0.614063 0.700781 0.602344 0.708594 0.596875 0.714844 0.594531 0.715625 0.591406 0.721875 0.5875 0.724219 0.588281 0.728906 0.590625 0.730469 0.596875 0.730469 0.607812 0.725 0.610156 0.725 0.6125 0.720313 0.615625 0.719531 0.621094 0.714844 0.626563 0.713281 0.640625 0.701562 0.653125 0.685937 0.654687 0.68125 0.659375 0.674219 0.660156 0.660937 0.664062 0.652344 0.664062 0.644531 0.6625 0.641406 0.657813 0.641406 0.657031 0.649219 0.654687 0.653906
1 0.42968799999999996 0.733594 0.435937 0.7375 0.43671899999999997 0.746094 0.442969 0.746094 0.446875 0.740625 0.449219 0.733594 0.453125 0.728906 0.45390600000000003 0.723437 0.45234399999999997 0.721094 0.448438 0.721094 0.435937 0.727344 0.430469 0.723437 0.428125 0.71875 0.423438 0.716406 0.42109399999999997 0.719531 0.42265600000000003 0.725781 0.42968799999999996 0.733594
1 0.640547 0.757578 0.6368750000000001 0.761953 0.632031 0.771094 0.627344 0.784375 0.625781 0.804688 0.626563 0.8117190000000001 0.629688 0.814063 0.63125 0.814063 0.633594 0.810937 0.636719 0.796875 0.6375 0.785937 0.641406 0.775 0.646875 0.765625 0.654609 0.753594 0.642969 0.749219 0.6375 0.747656 0.632031 0.747656 0.629688 0.75 0.640547 0.757578
1 0.9554690000000001 0.588281 0.9664059999999999 0.591406 0.982812 0.591406 0.9914059999999999 0.588281 0.989063 0.586719 0.9851559999999999 0.586719 0.9757809999999999 0.583594 0.973438 0.580469 0.973438 0.575781 0.9710940000000001 0.573438 0.9664059999999999 0.574219 0.957031 0.571094 0.9429690000000001 0.564844 0.9375 0.560156 0.9320309999999999 0.560156 0.9273440000000001 0.558594 0.9234370000000001 0.560156 0.925 0.564063 0.949219 0.585156 0.9554690000000001 0.588281
1 0.9 0.49921899999999997 0.88125 0.504687 0.847656 0.504687 0.8429690000000001 0.507812 0.839844 0.514062 0.8414059999999999 0.515625 0.848438 0.514062 0.865625 0.514844 0.8773440000000001 0.519531 0.8960940000000001 0.516406 0.8992190000000001 0.514844 0.9125 0.514062 0.9164059999999999 0.510938 0.9164059999999999 0.507031 0.9148440000000001 0.504687 0.9046879999999999 0.502344 0.9 0.49921899999999997
1 0.20078100000000002 0.170313 0.203906 0.173437 0.196875 0.177344 0.18125 0.182812 0.171094 0.19531199999999999 0.1625 0.210156 0.159375 0.225 0.16015600000000002 0.23125 0.165625 0.24531200000000003 0.170312 0.24531200000000003 0.171875 0.24375 0.177344 0.21875 0.189063 0.197656 0.197656 0.1875 0.21406299999999998 0.178125 0.21406299999999998 0.173437 0.210156 0.170313 0.208594 0.167187 0.211719 0.159375 0.210156 0.15625 0.203125 0.157031 0.20078100000000002 0.160938 0.20078100000000002 0.170313
2 0.135156 0.024218999999999997 0.13281199999999999 0.025781 0.128125 0.032812999999999995 0.126563 0.049219 0.130469 0.045312000000000005 0.13828100000000002 0.044531 0.146094 0.035156 0.15234399999999998 0.030469000000000003 0.155469 0.021093999999999998 0.154687 0.011719 0.15 0.011719 0.141406 0.014844 0.135156 0.024218999999999997
2 0.088281 0.046875 0.092969 0.048437999999999995 0.109375 0.048437999999999995 0.115625 0.046094 0.12343699999999999 0.045312000000000005 0.121094 0.040625 0.103125 0.039844000000000004 0.096875 0.0375 0.075 0.023438 0.071094 0.023438 0.069531 0.025 0.070312 0.030469000000000003 0.07968800000000001 0.040625 0.088281 0.046875
1 0.399219 0.107813 0.39375 0.126562 0.394531 0.13281199999999999 0.396875 0.13281199999999999 0.400781 0.130469 0.410937 0.11484399999999999 0.42109399999999997 0.10625 0.421875 0.101562 0.413047 0.099297 0.383828 0.09476599999999999 0.39281299999999997 0.10070300000000001 0.399219 0.107813
1 0.300781 0.907813 0.303906 0.901563 0.303125 0.898438 0.294531 0.898438 0.286719 0.902344 0.282813 0.902344 0.271875 0.9148440000000001 0.2625 0.9195309999999999 0.255469 0.9210940000000001 0.251563 0.920312 0.249219 0.921875 0.24843700000000002 0.9242190000000001 0.249219 0.926562 0.251563 0.928125 0.258594 0.928125 0.27343799999999996 0.921875 0.280234 0.9160159999999999 0.285859 0.913047 0.28906200000000004 0.9242190000000001 0.303906 0.926562 0.3125 0.921875 0.315625 0.9148440000000001 0.314844 0.9117190000000001 0.303125 0.909375 0.300781 0.907813
1 0.7418750000000001 0.912266 0.7475780000000001 0.920625 0.7524219999999999 0.926641 0.7567969999999999 0.926172 0.760156 0.9264060000000001 0.765078 0.9242190000000001 0.7740630000000001 0.921406 0.761719 0.915625 0.75625 0.910156 0.75625 0.9039059999999999 0.753906 0.9 0.753125 0.892188 0.744531 0.889062 0.739844 0.889062 0.739375 0.896172 0.740078 0.903125 0.7418750000000001 0.912266
0 0.621094 0.209375 0.615625 0.22968700000000003 0.617266 0.246563 0.6071869999999999 0.25109400000000004 0.597891 0.250937 0.583594 0.255469 0.575 0.257031 0.560156 0.26484399999999997 0.552344 0.278125 0.553125 0.283594 0.559375 0.284375 0.560156 0.282813 0.564844 0.28125 0.581094 0.277344 0.594375 0.271719 0.6029690000000001 0.267969 0.591719 0.28312499999999996 0.596875 0.2875 0.611719 0.275781 0.615625 0.269531 0.629688 0.234375 0.629688 0.2 0.625781 0.2 0.625 0.203906 0.621094 0.209375
2 0.290625 0.93125 0.279687 0.9429690000000001 0.271875 0.949219 0.263281 0.9523440000000001 0.25781200000000004 0.957031 0.244531 0.959375 0.22968799999999998 0.9585940000000001 0.227344 0.9617190000000001 0.228125 0.9679690000000001 0.23203100000000002 0.9710940000000001 0.23203100000000002 0.972656 0.239844 0.9710940000000001 0.24843700000000002 0.972656 0.258594 0.96875 0.264062 0.9695309999999999 0.267188 0.967187 0.26875 0.964063 0.271875 0.9632809999999999 0.274219 0.9601559999999999 0.279687 0.957031 0.290625 0.945312 0.295312 0.9429690000000001 0.296406 0.9400000000000001 0.299219 0.9375 0.301562 0.9273440000000001 0.299219 0.925781 0.294297 0.9277340000000001 0.290625 0.93125
2 0.35 0.45390600000000003 0.342187 0.46093799999999996 0.335156 0.471094 0.335156 0.482812 0.34375 0.491406 0.350781 0.49218799999999996 0.353906 0.490625 0.35625 0.4875 0.35625 0.484375 0.354688 0.482812 0.349219 0.482812 0.346875 0.480469 0.346094 0.47343799999999997 0.364844 0.451562 0.361719 0.446875 0.357031 0.44843700000000003 0.354688 0.451562 0.35 0.45390600000000003
2 0.198438 0.459375 0.1875 0.466406 0.18359399999999998 0.470313 0.18359399999999998 0.472656 0.190625 0.47343799999999997 0.20078100000000002 0.46875 0.22109399999999998 0.454688 0.228125 0.451562 0.233594 0.451562 0.241406 0.442969 0.228906 0.44218799999999997 0.211719 0.44843700000000003 0.198438 0.459375
2 0.572656 0.23125 0.584375 0.240625 0.600781 0.249219 0.6125 0.25 0.617188 0.24609399999999998 0.617969 0.24375 0.610938 0.2375 0.582031 0.21875 0.553125 0.196875 0.548438 0.19531199999999999 0.546875 0.196875 0.548438 0.203125 0.557031 0.21484399999999998 0.572656 0.23125
2 0.614063 0.20546899999999998 0.619531 0.20625 0.623437 0.204687 0.625 0.20078100000000002 0.621875 0.196094 0.603125 0.18359399999999998 0.590625 0.173437 0.584375 0.166406 0.58125 0.165625 0.576562 0.160938 0.571094 0.16015600000000002 0.569531 0.161719 0.578125 0.176563 0.598438 0.19921899999999998 0.614063 0.20546899999999998
2 0.516406 0.30625 0.510937 0.308594 0.5 0.308594 0.4875 0.310937 0.482812 0.307031 0.471875 0.30781200000000003 0.46875 0.309375 0.46875 0.310937 0.470313 0.3125 0.482031 0.315625 0.4875 0.31875 0.505469 0.32343700000000003 0.515625 0.324219 0.528906 0.321875 0.542187 0.310156 0.541406 0.308594 0.5375 0.307031 0.516406 0.30625
1 0.489375 0.7837500000000001 0.483359 0.786875 0.475781 0.789844 0.45 0.799219 0.434375 0.8070309999999999 0.424219 0.810937 0.41734400000000005 0.814531 0.412188 0.818516 0.402891 0.830156 0.421875 0.826562 0.439844 0.8179690000000001 0.449219 0.8179690000000001 0.455469 0.816406 0.460156 0.817187 0.471094 0.814063 0.475781 0.814063 0.478906 0.8101559999999999 0.482812 0.8101559999999999 0.489062 0.80625 0.490625 0.8070309999999999 0.490625 0.8125 0.49132800000000004 0.8155469999999999 0.494219 0.8157030000000001 0.495781 0.813125 0.498281 0.8096880000000001 0.5 0.8054690000000001 0.504688 0.789844 0.502891 0.783281 0.496094 0.7825 0.489375 0.7837500000000001
1 0.472656 0.635156 0.470313 0.63125 0.464844 0.627344 0.46093799999999996 0.621875 0.459375 0.615625 0.455469 0.617969 0.45234399999999997 0.614844 0.449219 0.614844 0.44375 0.617188 0.435156 0.617969 0.425 0.625 0.419531 0.626563 0.4 0.626563 0.397656 0.628125 0.397656 0.63125 0.4 0.633594 0.407813 0.636719 0.420312 0.6375 0.426562 0.634375 0.432031 0.633594 0.44531200000000004 0.625 0.450781 0.623437 0.455469 0.635156 0.46796899999999997 0.650781 0.473437 0.654687 0.48125 0.653906 0.482031 0.65 0.478125 0.639844 0.472656 0.635156
1 0.073438 0.659375 0.078125 0.667188 0.085938 0.672656 0.08984400000000001 0.677344 0.09531300000000001 0.678906 0.096875 0.682031 0.089063 0.689844 0.088281 0.692969 0.085156 0.696094 0.084375 0.699219 0.071875 0.719531 0.069531 0.727344 0.069531 0.730469 0.071094 0.732812 0.07656199999999999 0.73125 0.085156 0.722656 0.09218699999999999 0.714063 0.096094 0.707031 0.1 0.704688 0.103125 0.696094 0.115625 0.685937 0.11875 0.678125 0.11796899999999999 0.672656 0.113281 0.66875 0.11093800000000001 0.66875 0.10781199999999999 0.671094 0.101562 0.670312 0.09765599999999999 0.667969 0.094531 0.664062 0.077344 0.655469 0.075 0.655469 0.073438 0.657031 0.073438 0.659375