2 0.134375 0.775781 0.129688 0.775781 0.11875 0.780469 0.105469 0.789844 0.09375 0.8039059999999999 0.089844 0.8125 0.089063 0.822656 0.090625 0.8273439999999999 0.096094 0.832812 0.1 0.834375 0.103125 0.832031 0.107813 0.8148440000000001 0.11171899999999998 0.807031 0.11953100000000001 0.796875 0.132031 0.785156 0.135156 0.779687
2 0.233594 0 0.233594 0.002344 0.278906 0.026561999999999995 0.286719 0.026561999999999995 0.290625 0.025 0.290625 0.021094 0.288281 0.019531 0.279687 0.007812000000000001 0.271875 0.0015629999999999997 0.271875 0
1 0.322656 0.708594 0.304688 0.708594 0.272656 0.702344 0.255469 0.702344 0.235937 0.707031 0.232813 0.709375 0.228906 0.715625 0.224219 0.715625 0.220312 0.710938 0.215625 0.708594 0.2 0.707812 0.182812 0.7125 0.157812 0.725 0.154688 0.727344 0.154688 0.730469 0.157031 0.732031 0.166406 0.732812 0.194531 0.729688 0.213281 0.726562 0.225781 0.719531 0.234375 0.722656 0.24765600000000002 0.732031 0.255469 0.739844 0.260156 0.739844 0.2625 0.738281 0.275 0.738281 0.28125 0.739844 0.295312 0.739062 0.308594 0.734375 0.317188 0.725781 0.322656 0.714063
0 0.292187 0.579688 0.285156 0.578906 0.280469 0.58125 0.26875 0.583594 0.260156 0.5875 0.235937 0.603125 0.208594 0.625 0.194531 0.633594 0.188281 0.639844 0.178906 0.640625 0.16875 0.6375 0.164844 0.6375 0.159375 0.642969 0.155469 0.644531 0.148438 0.653906 0.141406 0.660156 0.136719 0.667188 0.114062 0.690625 0.094531 0.71875 0.082812 0.744531 0.075 0.767188 0.073438 0.774219 0.075 0.779687 0.076563 0.780469 0.088281 0.773438 0.130469 0.757031 0.142969 0.742188 0.148438 0.732812 0.15 0.727344 0.15625 0.71875 0.163281 0.704688 0.171094 0.682813 0.171875 0.663281 0.167969 0.653906 0.167969 0.648438 0.169531 0.646094 0.18125 0.65 0.185938 0.659375 0.186719 0.66875 0.184375 0.685937 0.184375 0.699219 0.185938 0.700781 0.189844 0.697656 0.194531 0.683594 0.195312 0.671094 0.194531 0.660937 0.192188 0.653906 0.195312 0.650781 0.203906 0.652344 0.217188 0.650781 0.232813 0.646094 0.246875 0.638281 0.25625 0.63125 0.278906 0.60625 0.282813 0.597656 0.289844 0.589063 0.292187 0.584375
1 0.292969 0.430469 0.292187 0.439844 0.294531 0.449219 0.295312 0.46093799999999996 0.301563 0.480469 0.316406 0.509375 0.325 0.519531 0.34375 0.535937 0.347656 0.5375 0.352344 0.5375 0.364063 0.542188 0.385156 0.559375 0.41093799999999997 0.571875 0.423438 0.58125 0.45390600000000003 0.596875 0.46093799999999996 0.596875 0.459375 0.592187 0.44843700000000003 0.58125 0.42109399999999997 0.559375 0.398438 0.54375 0.385156 0.539062 0.371875 0.5375 0.353906 0.53125 0.350781 0.526563 0.353906 0.51875 0.353906 0.510156 0.35 0.497656 0.346875 0.491406 0.335156 0.475 0.328125 0.460156 0.317188 0.44531200000000004 0.30625 0.435156 0.296875 0.42968799999999996
1 0.154688 0.251563 0.148438 0.24765600000000002 0.139063 0.24531200000000003 0.11875 0.246875 0.094531 0.255469 0.078906 0.263281 0.078125 0.267969 0.086719 0.271875 0.096094 0.273438 0.127344 0.273438 0.146875 0.271094 0.151562 0.269531 0.153125 0.267188
1 0.132031 0.388281 0.121875 0.386719 0.075 0.386719 0.0625 0.391406 0.054688 0.399219 0.051562 0.400781 0.046094 0.407813 0.030469000000000003 0.407813 0.027344 0.40625 0.019531 0.40546899999999997 0.00625 0.410156 0 0.41093799999999997 0 0.454688 0.00625 0.45390600000000003 0.016406 0.447656 0.028125 0.43828100000000003 0.036719 0.428125 0.038281 0.425 0.038281 0.414844 0.044531 0.408594 0.072656 0.407813 0.11171899999999998 0.4 0.129688 0.392969 0.132031 0.390625
1 0.279687 0.291406 0.275 0.290625 0.270313 0.295312 0.250781 0.323437 0.240625 0.340625 0.23671899999999998 0.342969 0.232813 0.352344 0.227344 0.357812 0.22109399999999998 0.361719 0.22109399999999998 0.364844 0.217969 0.36875 0.21640600000000002 0.377344 0.21484399999999998 0.378906 0.20781299999999997 0.378906 0.203906 0.382031 0.198437 0.396875 0.196094 0.4 0.194531 0.409375 0.189062 0.421875 0.179688 0.435156 0.174219 0.440625 0.164844 0.455469 0.160938 0.46875 0.161719 0.478906 0.166406 0.47968700000000003 0.171875 0.47656200000000004 0.186719 0.46406200000000003 0.194531 0.459375 0.210938 0.44375 0.217969 0.433594 0.225 0.41875 0.226562 0.403125 0.225 0.396875 0.21640600000000002 0.384375 0.21640600000000002 0.382031 0.225 0.38125 0.23125 0.383594 0.23671899999999998 0.383594 0.23906299999999997 0.38125 0.242188 0.372656 0.25625 0.360156 0.264062 0.348438 0.271875 0.33125 0.275781 0.317969 0.275781 0.313281 0.279687 0.297656
1 0.447656 0.075781 0.44843700000000003 0.083594 0.45390600000000003 0.096875 0.461719 0.108594 0.471875 0.11875 0.47968700000000003 0.13125 0.480469 0.138281 0.482031 0.139844 0.49921899999999997 0.140625 0.516406 0.139063 0.5125 0.135937 0.505469 0.134375 0.49375 0.133594 0.489844 0.135156 0.488281 0.130469 0.492969 0.121094 0.49375 0.109375 0.48906299999999997 0.099219 0.482031 0.091406 0.46796899999999997 0.08125 0.451562 0.075
0 0.283594 0.066406 0.283594 0.071094 0.286719 0.077344 0.3 0.095312 0.320312 0.11875 0.330469 0.135937 0.3375 0.142187 0.341406 0.142187 0.342969 0.14375 0.353125 0.146094 0.361719 0.152344 0.367969 0.153125 0.386719 0.159375 0.399219 0.166406 0.41406200000000004 0.171094 0.41875 0.170313 0.41718700000000003 0.165625 0.4125 0.160938 0.400781 0.154688 0.391406 0.147656 0.371875 0.138281 0.367969 0.134375 0.364063 0.132812 0.353906 0.134375 0.347656 0.133594 0.345313 0.13125 0.345313 0.128125 0.346875 0.125781 0.346875 0.117188 0.345313 0.110937 0.328125 0.085156 0.31875 0.076563 0.29375 0.064062 0.289844 0.063281
1 0.0375 0.00625 0.024219 0.00625 0.0125 0.007812000000000001 0 0.0125 0 0.047656 0.007031 0.047656 0.013280999999999998 0.053905999999999996 0.014844 0.105469 0.017188 0.110937 0.021875 0.109375 0.024219 0.101562 0.026561999999999995 0.079687 0.026561999999999995 0.057813 0.023438 0.050781 0.015625 0.044531 0.01875 0.040625 0.026561999999999995 0.039062 0.0375 0.032031 0.044531 0.023438 0.046094 0.019531 0.046094 0.014844 0.042188 0.009375
2 0.339062 0.028125 0.335938 0.025 0.322656 0.021875 0.305469 0.021875 0.290625 0.023438 0.280469 0.027344 0.273438 0.035156 0.264062 0.039844 0.2625 0.045312 0.269531 0.046094 0.273438 0.044531 0.289844 0.044531 0.327344 0.0375 0.3375 0.033594 0.339062 0.03125
2 0.9132809999999999 0.371875 0.9070310000000001 0.371094 0.9039059999999999 0.372656 0.8835940000000001 0.389062 0.8507809999999999 0.420312 0.839063 0.435156 0.839063 0.4375 0.84375 0.440625 0.855469 0.440625 0.863281 0.4375 0.8726559999999999 0.430469 0.880469 0.421875 0.8976559999999999 0.396094 0.907813 0.383594 0.910156 0.378906 0.9125 0.377344
0 0.757031 0.342969 0.755469 0.346094 0.773438 0.367969 0.778906 0.377344 0.786719 0.395313 0.799219 0.414844 0.802344 0.424219 0.807031 0.430469 0.810937 0.43125 0.814063 0.434375 0.8132810000000001 0.441406 0.817187 0.45390600000000003 0.826562 0.466406 0.840625 0.478125 0.8445310000000001 0.482812 0.849219 0.484375 0.853125 0.48359399999999997 0.853906 0.474219 0.8507809999999999 0.463281 0.8460940000000001 0.45781299999999997 0.845313 0.454688 0.842187 0.45234399999999997 0.829688 0.435937 0.821875 0.435156 0.8195309999999999 0.43671899999999997 0.816406 0.43671899999999997 0.8148440000000001 0.435156 0.817969 0.43125 0.824219 0.417969 0.826562 0.408594 0.826562 0.403125 0.825 0.4 0.821875 0.399219 0.821875 0.403125 0.81875 0.40625 0.816406 0.404687 0.807031 0.388281 0.8 0.380469 0.796094 0.373437 0.788281 0.364844 0.782813 0.35625 0.78125 0.350781 0.78125 0.344531 0.775781 0.342969
1 0.724219 0.269531 0.721875 0.267969 0.716406 0.26875 0.70625 0.272656 0.698438 0.277344 0.690625 0.284375 0.688281 0.291406 0.685156 0.295312 0.677344 0.296875 0.665625 0.307812 0.660937 0.316406 0.660937 0.321094 0.6625 0.322656 0.670312 0.323437 0.676562 0.321875 0.6875 0.315625 0.696094 0.314063 0.703906 0.307031 0.707812 0.300781 0.709375 0.29375 0.708594 0.289844 0.705469 0.286719 0.707031 0.283594 0.725 0.271875
2 0.85 0.0875 0.8460940000000001 0.091406 0.8429689999999999 0.125781 0.8375 0.140625 0.838281 0.146094 0.8414059999999999 0.150781 0.846875 0.148438 0.85 0.141406 0.854688 0.135156 0.857812 0.127344 0.8570309999999999 0.10234400000000002 0.854688 0.092188
1 0.775 0.11171899999999998 0.771094 0.11640599999999998 0.767188 0.11640599999999998 0.763281 0.12265600000000002 0.758594 0.123438 0.751563 0.128125 0.746875 0.133594 0.74375 0.134375 0.739844 0.141406 0.733594 0.14375 0.730469 0.146875 0.730469 0.15 0.724219 0.160156 0.724219 0.16875 0.728125 0.171875 0.732031 0.171094 0.735938 0.173437 0.755469 0.194531 0.788281 0.219531 0.79375 0.22265600000000002 0.796875 0.22265600000000002 0.799219 0.220312 0.797656 0.215625 0.791406 0.20625 0.775 0.185156 0.760156 0.170313 0.759375 0.167969 0.752344 0.1625 0.74375 0.159375 0.736719 0.160156 0.734375 0.158594 0.735156 0.157031 0.742188 0.157031 0.748437 0.154688 0.750781 0.148438 0.754687 0.144531 0.764844 0.139063 0.766406 0.128125 0.769531 0.125 0.773438 0.123438 0.778125 0.115625 0.778125 0.114062
2 0.755469 0.028905999999999998 0.748437 0.036719 0.747656 0.04375 0.754687 0.060937 0.760156 0.067969 0.764062 0.06875 0.764844 0.061719 0.761719 0.039844 0.759375 0.03125
1 0.783594 0 0.783594 0.0015629999999999997 0.780469 0.003125 0.779687 0.00625 0.771094 0.015625 0.770312 0.025781 0.800781 0.085156 0.803125 0.092969 0.816406 0.105469 0.821875 0.10625 0.821875 0.091406 0.816406 0.064062 0.8132810000000001 0.054688 0.8117189999999999 0.040625 0.802344 0.029687 0.791406 0.022656 0.788281 0.021875 0.783594 0.017188 0.783594 0.014063 0.79375 0.007031 0.797656 0.002344 0.797656 0
1 0.523438 0.0039060000000000006 0.523438 0.007031 0.525 0.009375 0.54375 0.026561999999999995 0.564063 0.040625 0.569531 0.042188 0.575781 0.0375 0.580469 0.038281 0.584375 0.035156 0.586719 0.0375 0.591406 0.036719 0.59375 0.040625 0.598437 0.042969 0.607812 0.042969 0.611719 0.041406 0.603906 0.034375 0.59375 0.028905999999999998 0.573438 0.026561999999999995 0.5625 0.013280999999999998 0.544531 0.0039060000000000006 0.532031 0.002344 0.53125 0 0.528125 0 0.527344 0.002344 0.525 0.002344
1 0.658594 0.060156 0.654687 0.058594 0.65 0.059375 0.626563 0.067969 0.620313 0.071875 0.614844 0.077344 0.603906 0.082812 0.601562 0.082812 0.595313 0.086719 0.592969 0.089844 0.588281 0.092188 0.571094 0.107813 0.564063 0.11953100000000001 0.55625 0.121875 0.549219 0.130469 0.549219 0.135156 0.553125 0.139063 0.553906 0.135937 0.560937 0.13125 0.56875 0.129688 0.575781 0.125 0.592187 0.12265600000000002 0.594531 0.120313 0.600781 0.11796900000000002 0.61875 0.10390600000000001 0.627344 0.094531 0.65625 0.069531 0.658594 0.064062
0 0.671094 0.21875 0.666406 0.21875 0.661719 0.22109399999999998 0.657031 0.227344 0.634375 0.248438 0.628906 0.25 0.6125 0.261719 0.598437 0.267188 0.59375 0.270313 0.589063 0.271094 0.590625 0.275 0.595313 0.278125 0.596875 0.283594 0.565625 0.357031 0.560937 0.372656 0.5625 0.377344 0.567969 0.377344 0.586719 0.363281 0.6 0.347656 0.605469 0.338281 0.610156 0.319531 0.610938 0.309375 0.609375 0.3 0.603906 0.290625 0.603125 0.286719 0.611719 0.286719 0.623437 0.283594 0.654687 0.265625 0.664844 0.260937 0.670312 0.260156 0.677344 0.254688 0.678125 0.248438 0.675781 0.241406 0.674219 0.227344
0 0.521094 0.329688 0.517969 0.330469 0.514062 0.334375 0.494531 0.378906 0.490625 0.383594 0.486719 0.380469 0.48125 0.369531 0.472656 0.359375 0.46875 0.358594 0.466406 0.360156 0.465625 0.407813 0.466406 0.41718700000000003 0.471875 0.432031 0.471875 0.44218799999999997 0.470313 0.447656 0.472656 0.451562 0.47343799999999997 0.458594 0.471875 0.46093799999999996 0.471094 0.467187 0.480469 0.48359399999999997 0.488281 0.511719 0.491406 0.517188 0.503125 0.55 0.51875 0.577344 0.524219 0.590625 0.528906 0.598437 0.533594 0.603125 0.5375 0.603906 0.542969 0.591406 0.548438 0.558594 0.548438 0.548438 0.54375 0.525 0.534375 0.504687 0.513281 0.475781 0.505469 0.46796899999999997 0.48515600000000003 0.454688 0.48906299999999997 0.450781 0.496094 0.450781 0.520312 0.46093799999999996 0.535156 0.463281 0.532031 0.458594 0.525781 0.454688 0.515625 0.450781 0.507031 0.444531 0.507812 0.440625 0.523438 0.425781 0.532813 0.4125 0.5375 0.402344 0.541406 0.385156 0.541406 0.360156 0.539844 0.353906 0.53125 0.336719 0.525 0.33125
0 1 0.591406 1 0.571875 0.967187 0.567187 0.945312 0.5625 0.942187 0.560156 0.9289059999999999 0.559375 0.925 0.5625 0.920312 0.564063 0.9125 0.563281 0.9085940000000001 0.560156 0.88125 0.564844 0.855469 0.565625 0.842187 0.569531 0.8375 0.571875 0.835938 0.575 0.8367190000000001 0.577344 0.84375 0.580469 0.878906 0.592187 0.896094 0.592187 0.900781 0.590625 0.9070310000000001 0.584375 0.9085940000000001 0.578906 0.9125 0.574219 0.915625 0.576562 0.9351559999999999 0.577344 0.95 0.582031 0.954688 0.585156 0.973437 0.589844
0 0.576562 0.575 0.574219 0.578125 0.575781 0.592969 0.577344 0.595313 0.580469 0.610156 0.584375 0.6375 0.590625 0.661719 0.598437 0.684375 0.600781 0.699219 0.601562 0.721875 0.603125 0.724219 0.60625 0.724219 0.617969 0.7125 0.622656 0.711719 0.624219 0.714063 0.624219 0.721875 0.626563 0.734375 0.630469 0.733594 0.632812 0.736719 0.6375 0.747656 0.641406 0.753125 0.641406 0.75625 0.646094 0.766406 0.654687 0.766406 0.65625 0.764062 0.657031 0.757812 0.65625 0.74375 0.654687 0.739844 0.642969 0.724219 0.640625 0.715625 0.644531 0.710156 0.650781 0.707031 0.654687 0.702344 0.659375 0.701562 0.660937 0.696875 0.657031 0.696875 0.654687 0.7 0.649219 0.700781 0.646094 0.703125 0.639844 0.704688 0.639062 0.70625 0.632031 0.702344 0.632812 0.697656 0.638281 0.685156 0.639062 0.679688 0.638281 0.660156 0.632031 0.6375 0.614062 0.607812 0.596875 0.5875 0.584375 0.575781
0 0.673438 0.738281 0.661719 0.755469 0.65625 0.771094 0.649219 0.78125 0.640625 0.799219 0.633594 0.823438 0.630469 0.829688 0.626563 0.847656 0.630469 0.85625 0.638281 0.8570309999999999 0.642969 0.860938 0.640625 0.869531 0.651563 0.8820309999999999 0.661719 0.90625 0.665625 0.909375 0.670312 0.910937 0.673438 0.925781 0.679688 0.93125 0.68125 0.934375 0.6875 0.939063 0.689844 0.94375 0.692969 0.9445309999999999 0.696875 0.948438 0.701562 0.95 0.701562 0.9382810000000001 0.698438 0.9351559999999999 0.695312 0.923438 0.689844 0.917969 0.685156 0.9039059999999999 0.678906 0.892188 0.678906 0.879687 0.682031 0.876563 0.699219 0.873437 0.716406 0.864844 0.728906 0.855469 0.741406 0.842187 0.742969 0.838281 0.751563 0.826562 0.764844 0.8 0.766406 0.792188 0.764844 0.789844 0.757812 0.789844 0.751563 0.792188 0.749219 0.795312 0.740625 0.798438 0.732812 0.804688 0.727344 0.80625 0.705469 0.8210940000000001 0.679688 0.835938 0.669531 0.8445310000000001 0.664844 0.84375 0.663281 0.8414059999999999 0.670312 0.829688 0.674219 0.817187 0.678125 0.810937 0.68125 0.8 0.682813 0.778906 0.680469 0.748437 0.678125 0.739062
1 0.794531 0.855469 0.79375 0.857812 0.795312 0.865625 0.797656 0.869531 0.8132810000000001 0.8882809999999999 0.821875 0.907813 0.826562 0.907813 0.828125 0.9039059999999999 0.8273439999999999 0.894531 0.8210940000000001 0.878125 0.8210940000000001 0.86875 0.81875 0.864844 0.807031 0.8570309999999999
2 0.864062 0.935937 0.863281 0.9398440000000001 0.875 0.948438 0.894531 0.957812 0.911719 0.9625 0.9195309999999999 0.9679689999999999 0.932813 0.98125 0.940625 0.982812 0.9398440000000001 0.976562 0.9289059999999999 0.9601559999999999 0.9125 0.948438 0.892188 0.940625 0.873437 0.9375 0.8664059999999999 0.9351559999999999
2 0.867188 0.80625 0.8664059999999999 0.8117189999999999 0.86875 0.817969 0.876563 0.823438 0.884375 0.832812 0.89375 0.839063 0.902344 0.8429689999999999 0.9085940000000001 0.8445310000000001 0.911719 0.842187 0.910937 0.8375 0.9054689999999999 0.833594 0.88125 0.8101559999999999 0.8773440000000001 0.802344 0.8726559999999999 0.800781
2 0.8882809999999999 0.804688 0.8875 0.807031 0.911719 0.83125 0.917188 0.8351559999999999 0.921875 0.8367190000000001 0.925 0.8367190000000001 0.9289059999999999 0.834375 0.928125 0.8257809999999999 0.9226560000000001 0.8195309999999999 0.9148440000000001 0.814063 0.911719 0.808594 0.9085940000000001 0.807031
1 0.8460940000000001 0.665625 0.8460940000000001 0.670312 0.851562 0.674219 0.857812 0.675 0.871094 0.679688 0.880469 0.679688 0.892188 0.686719 0.9070310000000001 0.689844 0.927344 0.702344 0.93125 0.701562 0.9289059999999999 0.695312 0.9242190000000001 0.689844 0.9242190000000001 0.685156 0.925781 0.682031 0.923438 0.675 0.917969 0.670312 0.9054689999999999 0.667969 0.900781 0.669531 0.8914060000000001 0.667188 0.88125 0.667188 0.875 0.664844 0.864062 0.663281 0.8507809999999999 0.663281
1 0.972656 0.646094 0.9625 0.646094 0.9507809999999999 0.651563 0.9351559999999999 0.65 0.93125 0.653125 0.9242190000000001 0.653906 0.9148440000000001 0.658594 0.9210939999999999 0.660156 0.9367189999999999 0.660156 0.942969 0.661719 0.9554690000000001 0.669531 0.959375 0.66875 0.959375 0.664062 0.957812 0.6625 0.959375 0.658594 0.9710940000000001 0.650781 0.973437 0.650781
2 0.898438 0.547656 0.898438 0.553125 0.9 0.55625 0.915625 0.553906 0.95625 0.563281 0.9679689999999999 0.563281 0.970313 0.561719 0.9757809999999999 0.560937 0.978125 0.557813 0.9773440000000001 0.555469 0.972656 0.553125 0.9460940000000001 0.549219 0.9398440000000001 0.546875 0.9085940000000001 0.546875 0.902344 0.545312
1 0.576562 0.767969 0.567969 0.772656 0.558594 0.782813 0.554688 0.790625 0.552344 0.800781 0.547656 0.810937 0.546094 0.817969 0.547656 0.821875 0.546094 0.832031 0.547656 0.8414059999999999 0.557031 0.854688 0.563125 0.863438 0.56875 0.8625 0.567187 0.8460940000000001 0.564219 0.823672 0.573438 0.8210940000000001 0.58125 0.80625 0.584375 0.791406 0.584375 0.775781 0.582812 0.771094 0.580469 0.76875
1 0.946875 0.202344 0.9445309999999999 0.204687 0.9445309999999999 0.209375 0.9460940000000001 0.211719 0.947656 0.22109399999999998 0.95 0.225781 0.953125 0.23828100000000002 0.9617190000000001 0.259375 0.9625 0.271094 0.959375 0.278906 0.9601559999999999 0.283594 0.9617190000000001 0.285156 0.967187 0.285938 0.9695310000000001 0.288281 0.982812 0.291406 0.9875 0.295312 1 0.296094 1 0.285938 0.995313 0.285938 0.972656 0.279687 0.982812 0.269531 0.9851560000000001 0.260156 0.984375 0.24375 0.979688 0.228125 0.973437 0.21875 0.960938 0.20703100000000002 0.951562 0.201563
1 0.39375 0.903125 0.392188 0.902344 0.379688 0.910156 0.367188 0.915625 0.354687 0.925 0.352344 0.928125 0.314844 0.9539060000000001 0.290625 0.964844 0.283594 0.970313 0.282031 0.975 0.288281 0.98125 0.316406 0.9914059999999999 0.332813 0.99375 0.353906 0.9929690000000001 0.35625 0.990625 0.355469 0.989062 0.334375 0.9851560000000001 0.33125 0.9820309999999999 0.332031 0.978906 0.365625 0.965625 0.377344 0.959375 0.389844 0.95 0.392969 0.9445309999999999 0.396094 0.932031 0.396094 0.9148440000000001
1 0.235937 0.916406 0.232813 0.909375 0.210938 0.880469 0.203125 0.8742189999999999 0.180469 0.851562 0.167969 0.8429689999999999 0.155469 0.8367190000000001 0.146094 0.833594 0.139063 0.833594 0.132031 0.8367190000000001 0.094531 0.8375 0.085938 0.840625 0.076563 0.8414059999999999 0.045312 0.8507809999999999 0.024219 0.8617190000000001 0 0.871094 0 0.88125 0.017188 0.885938 0.041406 0.885938 0.064062 0.88125 0.089844 0.871094 0.097656 0.864844 0.11171899999999998 0.857812 0.11953100000000001 0.848437 0.12265600000000002 0.847656 0.142187 0.867188 0.148438 0.869531 0.158594 0.878125 0.192969 0.9 0.198437 0.9054689999999999 0.23046899999999998 0.9195309999999999 0.233594 0.9195309999999999