1 1 0.8609370000000001 0.996094 0.8601559999999999 0.9789059999999999 0.840625 0.975 0.8335940000000001 0.975 0.8296870000000001 0.970313 0.8265629999999999 0.967187 0.821875 0.9625 0.821875 0.960938 0.828125 0.9523440000000001 0.8335940000000001 0.9523440000000001 0.8382809999999999 0.970313 0.847656 0.9789059999999999 0.855469 0.9820309999999999 0.85625 0.99375 0.864063 1 0.865625 1 0.8609370000000001
2 0.44375 0.167188 0.435156 0.167188 0.432031 0.16953100000000002 0.432031 0.175 0.433594 0.178906 0.439844 0.185937 0.442969 0.186719 0.467187 0.185937 0.477344 0.182813 0.48515600000000003 0.182031 0.48515600000000003 0.177344 0.478906 0.17421899999999998 0.44375 0.167188
1 0.9695309999999999 0.797656 0.967187 0.794531 0.9632809999999999 0.794531 0.9585940000000001 0.789844 0.9539059999999999 0.8054690000000001 0.954688 0.8109379999999999 0.979687 0.807812 0.990625 0.8109379999999999 0.989063 0.80625 0.982812 0.8 0.9695309999999999 0.797656
2 0.8585940000000001 0.799219 0.853125 0.79375 0.8460940000000001 0.7828120000000001 0.8421879999999999 0.778906 0.840625 0.778906 0.839844 0.788281 0.8421879999999999 0.796875 0.851562 0.804688 0.8726559999999999 0.816406 0.875 0.815625 0.8757809999999999 0.8140620000000001 0.864063 0.8023440000000001 0.8585940000000001 0.799219
1 0.747656 0.902344 0.745312 0.8992190000000001 0.745312 0.8960940000000001 0.740625 0.8929690000000001 0.716406 0.8890629999999999 0.710156 0.8914059999999999 0.692188 0.8929690000000001 0.686719 0.8960940000000001 0.692188 0.9007809999999999 0.700781 0.9039059999999999 0.713281 0.90625 0.728906 0.9132809999999999 0.732031 0.9164059999999999 0.734375 0.921875 0.739844 0.9234370000000001 0.742188 0.9273440000000001 0.744531 0.928125 0.744531 0.932813 0.748437 0.9367190000000001 0.755469 0.940625 0.7640629999999999 0.94375 0.771094 0.941406 0.775 0.9382809999999999 0.7796879999999999 0.939063 0.783594 0.9367190000000001 0.770313 0.914062 0.760937 0.9070309999999999 0.747656 0.902344
0 0.566406 0.804688 0.5625 0.8140620000000001 0.559375 0.816406 0.553906 0.8179690000000001 0.553906 0.8226559999999999 0.55625 0.8257809999999999 0.552344 0.8296870000000001 0.546094 0.8296870000000001 0.5375 0.832813 0.5375 0.8375 0.535938 0.8414059999999999 0.53125 0.8445309999999999 0.532813 0.8492190000000001 0.532031 0.854687 0.525 0.8601559999999999 0.514062 0.863281 0.49921899999999997 0.8726559999999999 0.489844 0.8851559999999999 0.489844 0.8890629999999999 0.495313 0.8898440000000001 0.5 0.8882809999999999 0.513281 0.88125 0.529687 0.8773440000000001 0.536719 0.8726559999999999 0.550781 0.859375 0.557031 0.85 0.557812 0.8429690000000001 0.560937 0.839062 0.564844 0.8414059999999999 0.56875 0.8617190000000001 0.571875 0.867188 0.574219 0.8664059999999999 0.575781 0.863281 0.575 0.832813 0.578906 0.8273440000000001 0.585156 0.823437 0.586719 0.817188 0.594531 0.8070309999999999 0.597656 0.800781 0.596875 0.7953129999999999 0.580469 0.7953129999999999 0.575 0.796875 0.566406 0.804688
1 0.174141 0.613437 0.168047 0.611328 0.162187 0.609063 0.15875 0.606328 0.157813 0.602031 0.15625 0.599219 0.15 0.602344 0.146875 0.611719 0.15 0.617969 0.15 0.622656 0.146094 0.628906 0.146094 0.633594 0.151563 0.633594 0.15859399999999998 0.625 0.1625 0.625 0.17421899999999998 0.625469 0.189688 0.6214839999999999 0.182031 0.615625 0.17968800000000001 0.614844 0.174141 0.613437
1 0.53125 0.496875 0.523672 0.49437499999999995 0.515156 0.48867200000000005 0.516016 0.48453099999999993 0.51875 0.48359399999999997 0.517188 0.482031 0.517188 0.478125 0.509375 0.478125 0.503125 0.48125 0.491406 0.48359399999999997 0.471875 0.48359399999999997 0.459375 0.489844 0.46093799999999996 0.494531 0.48125 0.496875 0.508594 0.496875 0.514844 0.502344 0.538281 0.50625 0.540937 0.506484 0.540156 0.503125 0.536641 0.500391 0.533594 0.49921899999999997 0.53125 0.496875
1 0.375 0.417969 0.375859 0.41273400000000005 0.377344 0.409297 0.376406 0.407344 0.377344 0.40703100000000003 0.37578100000000003 0.404687 0.376563 0.392969 0.378828 0.38687499999999997 0.380469 0.38125 0.389062 0.376563 0.39140600000000003 0.36875 0.39140600000000003 0.363281 0.389062 0.357812 0.3875 0.329688 0.385156 0.32031200000000004 0.382031 0.29375 0.378125 0.278906 0.375 0.276563 0.372656 0.276563 0.36875 0.285937 0.36718799999999996 0.302344 0.364062 0.317187 0.364062 0.328125 0.3625 0.336719 0.3625 0.35859399999999997 0.364844 0.364844 0.371094 0.373437 0.371094 0.377344 0.36875 0.382031 0.37015600000000004 0.384531 0.367969 0.388281 0.364062 0.400781 0.364062 0.423438 0.365625 0.439844 0.36875 0.444531 0.371094 0.442969 0.37421899999999997 0.434375 0.375 0.417969
1 0.32031200000000004 0.103125 0.31328100000000003 0.091406 0.309375 0.080469 0.303125 0.069531 0.301562 0.058594 0.299219 0.053125 0.285156 0.0375 0.275781 0.021875 0.272656 0.022656000000000003 0.271094 0.025 0.271094 0.054688 0.277344 0.070312 0.28125 0.073438 0.292188 0.091406 0.302344 0.104688 0.302344 0.11875 0.308594 0.12343699999999999 0.31171899999999997 0.12343699999999999 0.310937 0.117188 0.32031200000000004 0.110156 0.32031200000000004 0.103125
1 0.257031 0.042969 0.253906 0.042187999999999996 0.251563 0.039844000000000004 0.25 0.033594 0.242969 0.03125 0.23671899999999998 0.026562999999999996 0.23046899999999998 0.016406 0.224219 0.015625 0.22343700000000002 0.017969 0.228125 0.027344 0.228125 0.029687 0.23828100000000002 0.040625 0.244531 0.044531 0.24609399999999998 0.046875 0.244531 0.064844 0.24531299999999998 0.072656 0.252344 0.07421900000000001 0.259375 0.072656 0.260938 0.069531 0.260156 0.052344 0.257031 0.042969
1 0.37421899999999997 0.035937000000000004 0.36718799999999996 0.035937000000000004 0.3625 0.0375 0.354688 0.047656 0.35 0.047656 0.34296899999999997 0.044531 0.328125 0.045312000000000005 0.317187 0.049219 0.30468799999999996 0.05625 0.301562 0.059375 0.301562 0.067187 0.30625 0.075 0.326562 0.07421900000000001 0.333594 0.071875 0.350781 0.069531 0.353906 0.067969 0.36015600000000003 0.060937 0.36015600000000003 0.05625 0.35859399999999997 0.053125 0.359375 0.048437999999999995 0.365625 0.047656 0.371875 0.044531 0.377344 0.044531 0.379687 0.046875 0.392188 0.044531 0.389062 0.040625 0.378125 0.038280999999999996 0.37421899999999997 0.035937000000000004
1 0.6630469999999999 0.135313 0.653906 0.146875 0.637031 0.15 0.653906 0.15562499999999999 0.667187 0.159375 0.673438 0.157813 0.676563 0.155469 0.678906 0.14843800000000001 0.679688 0.13671899999999998 0.682812 0.125 0.685156 0.110156 0.689063 0.10390600000000001 0.689063 0.091406 0.685156 0.090625 0.678906 0.096094 0.6630469999999999 0.135313
1 0.744531 0.371094 0.735938 0.367969 0.732031 0.364062 0.728906 0.363281 0.725 0.35859399999999997 0.721094 0.357031 0.7125 0.35 0.707813 0.342187 0.700781 0.341406 0.700781 0.346875 0.704688 0.353906 0.7125 0.361719 0.725 0.369531 0.729687 0.37421899999999997 0.729687 0.38281200000000004 0.733594 0.388281 0.734375 0.396875 0.741406 0.4 0.743906 0.397891 0.745469 0.399687 0.747344 0.399766 0.749375 0.401406 0.751797 0.40328099999999995 0.753906 0.404531 0.757109 0.406719 0.760156 0.409375 0.765625 0.41406200000000004 0.772656 0.416406 0.778906 0.42109399999999997 0.783594 0.420312 0.7828120000000001 0.415625 0.754688 0.385938 0.744531 0.371094
1 0.722656 0.30625 0.717969 0.301562 0.708594 0.294531 0.703906 0.28906200000000004 0.684375 0.28125 0.678906 0.28125 0.677344 0.282813 0.677344 0.2875 0.679688 0.291406 0.688281 0.299219 0.708594 0.31171899999999997 0.711719 0.315625 0.714844 0.324219 0.719531 0.32890600000000003 0.724219 0.33125 0.728125 0.329688 0.728906 0.316406 0.725 0.31171899999999997 0.722656 0.30625
1 0.9375 0.235156 0.9351559999999999 0.23203100000000002 0.9164059999999999 0.215625 0.9070309999999999 0.215625 0.9046879999999999 0.208594 0.8992190000000001 0.202344 0.896875 0.197656 0.8914059999999999 0.192969 0.8804690000000001 0.188281 0.878906 0.18984399999999998 0.878906 0.194531 0.8820309999999999 0.20156200000000002 0.8882809999999999 0.209375 0.8898440000000001 0.213281 0.8890629999999999 0.21718700000000002 0.9039059999999999 0.227344 0.9085940000000001 0.228906 0.9125 0.23281200000000002 0.914062 0.23671899999999998 0.9320309999999999 0.253906 0.9398440000000001 0.258594 0.942187 0.25625 0.942187 0.251563 0.9375 0.235156
1 0.8109379999999999 0.189063 0.8117190000000001 0.19531199999999999 0.8140620000000001 0.19921899999999998 0.8179690000000001 0.19921899999999998 0.823437 0.190625 0.824219 0.184375 0.828125 0.17968800000000001 0.828125 0.165625 0.8265629999999999 0.16406199999999999 0.821875 0.165625 0.8125 0.178125 0.8109379999999999 0.189063
1 0.835938 0.607812 0.835938 0.586719 0.8304690000000001 0.577344 0.8265629999999999 0.564063 0.8226559999999999 0.557031 0.8179690000000001 0.554688 0.8148440000000001 0.561719 0.8148440000000001 0.576562 0.820312 0.592187 0.8257809999999999 0.596094 0.828125 0.6 0.828125 0.6125 0.8335940000000001 0.626563 0.839844 0.635156 0.8429690000000001 0.635156 0.84375 0.625 0.839844 0.621094 0.835938 0.607812
1 0.725 0.552344 0.720313 0.553125 0.717969 0.557031 0.717969 0.560156 0.709375 0.571094 0.705469 0.578906 0.70625 0.582813 0.7125 0.582813 0.725 0.571875 0.7375 0.571875 0.739844 0.569531 0.739844 0.567188 0.736719 0.563281 0.730469 0.559375 0.725 0.552344
1 0.660156 0.564063 0.653906 0.571875 0.653125 0.580469 0.657813 0.578906 0.665625 0.570312 0.66875 0.56875 0.673438 0.56875 0.677344 0.571875 0.682031 0.571875 0.683594 0.567969 0.675781 0.559375 0.667187 0.558594 0.660156 0.564063