1 0.201563 0.170313 0.2 0.170313 0.199219 0.173437 0.20078100000000002 0.20546899999999998 0.192969 0.208594 0.183594 0.21640600000000002 0.18125 0.220312 0.18125 0.224219 0.179688 0.227344 0.180469 0.232813 0.1875 0.23125 0.199219 0.22343799999999997 0.211719 0.22109399999999998 0.213281 0.217969 0.210156 0.208594 0.210938 0.198437 0.208594 0.194531 0.20546899999999998 0.175781
2 0.415625 0.345313 0.415625 0.347656 0.417969 0.351562 0.424219 0.357812 0.43125 0.360938 0.434375 0.364844 0.442969 0.366406 0.447656 0.365625 0.447656 0.360156 0.446094 0.357812 0.424219 0.342187
1 0.074219 0.478125 0.071875 0.477344 0.060937 0.48359399999999997 0.046875 0.497656 0.047656 0.50625 0.049219 0.510156 0.048438 0.522656 0.046094 0.521094 0.038281 0.521094 0.031406 0.519375 0.024219 0.517188 0.021875 0.515625 0.017266 0.515156 0.013594 0.516016 0 0.514219 0 0.517656 0.008281 0.520312 0.016406 0.519531 0.022187 0.52125 0.028125 0.524609 0.032813 0.525781 0.037891 0.527578 0.043672 0.527266 0.048438 0.527344 0.052344 0.529687 0.059375 0.529687 0.060937 0.528125 0.061719 0.516406 0.064844 0.510938 0.066406 0.503125 0.075 0.486719
1 0.182031 0.507031 0.180469 0.508594 0.180469 0.510938 0.169531 0.538281 0.16875 0.551562 0.170313 0.554688 0.170313 0.560937 0.16875 0.564063 0.165625 0.566406 0.159375 0.564844 0.146094 0.564844 0.136719 0.567969 0.128125 0.572656 0.117188 0.584375 0.104688 0.602344 0.096875 0.621875 0.097656 0.625781 0.104688 0.623437 0.110937 0.61875 0.134375 0.596094 0.145313 0.5875 0.161719 0.577344 0.167187 0.578125 0.170313 0.575781 0.171094 0.572656 0.175 0.567969 0.175 0.546875 0.180469 0.53125 0.184375 0.525781 0.185938 0.521094 0.185938 0.514062
1 0.125781 0.632812 0.128125 0.635156 0.210156 0.635156 0.22343799999999997 0.63125 0.225 0.629687 0.23828100000000002 0.630469 0.251563 0.628906 0.255469 0.627344 0.263281 0.627344 0.267969 0.63125 0.271875 0.628906 0.3 0.627344 0.307812 0.625 0.308594 0.622656 0.298438 0.620313 0.296875 0.61875 0.29375 0.61875 0.285156 0.614844 0.240625 0.614844 0.234375 0.616406 0.228125 0.620313 0.225781 0.620313 0.21484399999999998 0.615625 0.203125 0.6125 0.172656 0.611719 0.147656 0.614062 0.138281 0.617188 0.13125 0.622656 0.125781 0.629687
1 0.91875 0.928125 0.917188 0.932031 0.9242190000000001 0.942969 0.923438 0.947656 0.93125 0.951562 0.9375 0.957812 0.9382810000000001 0.964844 0.941406 0.96875 0.948438 0.9695310000000001 0.9507809999999999 0.967187 0.9539060000000001 0.959375 0.953125 0.949219 0.951562 0.947656 0.946875 0.948438 0.9398440000000001 0.945312 0.934375 0.939063 0.93125 0.9382810000000001 0.9242190000000001 0.93125
1 0.028125 0.622656 0.032031 0.635156 0.035156 0.639844 0.051562 0.649219 0.058594 0.649219 0.061719 0.650781 0.060156 0.658594 0.060156 0.674219 0.064062 0.68125 0.06875 0.682031 0.072656 0.680469 0.075781 0.671875 0.077344 0.658594 0.084375 0.642969 0.083594 0.640625 0.078125 0.6375 0.053905999999999996 0.6375 0.039844 0.630469 0.03125 0.622656
2 0.157031 0.685156 0.150781 0.68125 0.145313 0.679688 0.13125 0.679688 0.124219 0.68125 0.121875 0.683594 0.107813 0.689063 0.0875 0.707812 0.078906 0.717969 0.075 0.725 0.06875 0.732031 0.06875 0.733594 0.070312 0.735156 0.077344 0.733594 0.10625 0.713281 0.125781 0.702344 0.151562 0.690625 0.157812 0.689844
1 0.198437 0.9601559999999999 0.198437 0.964063 0.207969 0.981484 0.221172 0.988984 0.208984 0.99125 0.185469 0.995937 0.195938 0.9969529999999999 0.2125 0.9998439999999998 0.220312 0.9976559999999999 0.225 0.996094 0.228906 0.996875 0.2375 0.990625 0.23671899999999998 0.982812 0.228906 0.9820309999999999 0.224219 0.979688 0.20625 0.9617190000000001 0.201563 0.959375
1 0.314063 0.9132809999999999 0.310937 0.910156 0.299219 0.910937 0.285938 0.90625 0.276562 0.896875 0.273906 0.8936720000000001 0.268906 0.890938 0.271094 0.894531 0.271094 0.900781 0.273047 0.904687 0.275781 0.9070310000000001 0.278125 0.909375 0.280469 0.916406 0.272656 0.9210939999999999 0.265625 0.927344 0.260937 0.933594 0.254688 0.9382810000000001 0.251563 0.94375 0.25 0.951562 0.257031 0.951562 0.275 0.940625 0.295312 0.9304690000000001 0.311719 0.920312 0.314844 0.916406
1 0.310156 0.828125 0.307031 0.826562 0.303125 0.8273439999999999 0.301563 0.8304690000000001 0.292969 0.8375 0.290625 0.8429689999999999 0.290625 0.851562 0.29375 0.8625 0.290625 0.864844 0.252344 0.8625 0.249219 0.860938 0.23203100000000002 0.859375 0.221875 0.8601560000000001 0.219531 0.8617190000000001 0.228906 0.865625 0.232813 0.865625 0.24765600000000002 0.870313 0.292187 0.871094 0.297656 0.869531 0.303906 0.8617190000000001 0.304688 0.85
1 0.325 0.8882809999999999 0.327344 0.895312 0.336719 0.9 0.344531 0.902344 0.355469 0.902344 0.360938 0.904687 0.370312 0.9054689999999999 0.39375 0.9132809999999999 0.398438 0.9132809999999999 0.410156 0.9070310000000001 0.42109399999999997 0.904687 0.41875 0.9 0.41875 0.896094 0.411328 0.897344 0.40015600000000007 0.887187 0.399141 0.8972659999999999 0.351562 0.890625 0.341406 0.889062 0.328125 0.8898439999999999 0.326562 0.8875
1 0.292187 0.30625 0.292187 0.310937 0.295312 0.314844 0.305469 0.320312 0.314063 0.322656 0.325 0.328906 0.333594 0.33125 0.335938 0.335938 0.341406 0.339844 0.345313 0.338281 0.353906 0.338281 0.360156 0.334375 0.353125 0.328125 0.340625 0.325 0.325781 0.317969 0.319531 0.313281 0.313281 0.310937 0.307812 0.305469 0.303125 0.307031 0.298438 0.305469
1 0.10703100000000002 0.278125 0.10703100000000002 0.289062 0.1125 0.304688 0.1125 0.309375 0.110156 0.311719 0.096875 0.317969 0.097656 0.320312 0.101562 0.323437 0.108594 0.323437 0.11171899999999998 0.321875 0.11953100000000001 0.325 0.12265600000000002 0.325 0.125781 0.330469 0.134375 0.332031 0.140625 0.335156 0.145313 0.335156 0.146094 0.33125 0.142187 0.321875 0.121094 0.304688 0.11640599999999998 0.296875 0.11171899999999998 0.282813 0.11171899999999998 0.279687
1 0.503125 0.345313 0.505469 0.360156 0.516406 0.38125 0.516406 0.382812 0.5125 0.385937 0.505469 0.388281 0.50625 0.392969 0.510938 0.396875 0.516406 0.398438 0.524219 0.396094 0.533594 0.396875 0.535937 0.392969 0.535156 0.390625 0.521875 0.374219 0.515625 0.361719 0.510938 0.355469 0.50625 0.344531
1 0.642969 0.71875 0.6375 0.717969 0.63125 0.719531 0.622656 0.724219 0.6125 0.734375 0.603906 0.746875 0.600781 0.748437 0.599219 0.755469 0.595313 0.763281 0.592187 0.759375 0.588281 0.758594 0.576562 0.746094 0.565625 0.742188 0.558594 0.741406 0.554688 0.742188 0.553125 0.74375 0.555469 0.746875 0.563203 0.750156 0.539062 0.753125 0.526563 0.758594 0.516406 0.765625 0.514844 0.767969 0.517188 0.769531 0.530469 0.769531 0.55625 0.764844 0.575781 0.766406 0.589063 0.771875 0.603906 0.784375 0.605469 0.780469 0.610156 0.778125 0.617188 0.771094 0.61875 0.767188 0.63125 0.75 0.641406 0.729688
1 0.8 0.864844 0.797656 0.864844 0.79375 0.86875 0.79375 0.8820309999999999 0.796875 0.925 0.798438 0.932031 0.803125 0.939063 0.800781 0.941406 0.792188 0.941406 0.785156 0.94375 0.772656 0.9554690000000001 0.767969 0.9625 0.760938 0.978125 0.75625 1 0.767969 1 0.772656 0.992188 0.79375 0.96875 0.801562 0.957812 0.8117189999999999 0.949219 0.8125 0.942187 0.808594 0.939063 0.810937 0.9367189999999999 0.8101559999999999 0.925 0.80625 0.9085940000000001 0.8054690000000001 0.892188 0.801562 0.879687 0.801562 0.870313
1 0.679688 0.450781 0.664844 0.439844 0.646875 0.420312 0.645312 0.420312 0.634375 0.41093799999999997 0.634375 0.420312 0.638281 0.419531 0.640625 0.421875 0.64375 0.430469 0.646875 0.43281200000000003 0.647656 0.435937 0.646094 0.4375 0.621875 0.43828100000000003 0.586719 0.444531 0.566406 0.451562 0.563281 0.455469 0.567969 0.458594 0.600781 0.458594 0.626563 0.46093799999999996 0.642969 0.46093799999999996 0.659375 0.459375 0.667188 0.457031 0.678125 0.457031 0.679688 0.45625
1 0.678906 0.602344 0.673438 0.590625 0.667188 0.585156 0.666406 0.582812 0.652344 0.567969 0.646875 0.558594 0.642188 0.553906 0.640625 0.555469 0.639844 0.559375 0.641406 0.56875 0.654687 0.583594 0.651563 0.586719 0.638281 0.5875 0.630469 0.590625 0.626563 0.59375 0.61875 0.595313 0.607812 0.603906 0.605469 0.607031 0.60625 0.611719 0.624219 0.6125 0.642969 0.619531 0.659375 0.619531 0.676562 0.607812 0.678906 0.604688
1 0.689063 0.608594 0.6875 0.610938 0.6875 0.615625 0.690625 0.629687 0.692969 0.651563 0.696875 0.660156 0.696875 0.664062 0.699219 0.671094 0.703125 0.675781 0.70625 0.677344 0.70625 0.678906 0.704688 0.680469 0.689063 0.680469 0.685156 0.678906 0.684375 0.685937 0.691406 0.685937 0.695312 0.6875 0.70625 0.686719 0.716406 0.690625 0.725781 0.688281 0.729688 0.685156 0.727344 0.683594 0.725 0.677344 0.719531 0.670312 0.7125 0.657813 0.710156 0.648438 0.703906 0.639062 0.703125 0.633594 0.697656 0.621875 0.69375 0.608594