1 0.628125 0.8570309999999999 0.627344 0.851562 0.621094 0.8375 0.615625 0.828125 0.609375 0.821875 0.602344 0.8117190000000001 0.602344 0.8054690000000001 0.604687 0.796094 0.604687 0.785156 0.602344 0.764844 0.596875 0.752344 0.596875 0.75 0.5875 0.732031 0.585156 0.721875 0.585938 0.716406 0.583594 0.714062 0.582813 0.70625 0.580469 0.699219 0.575781 0.698437 0.569531 0.7125 0.56875 0.741406 0.571875 0.765625 0.583594 0.808594 0.591406 0.81875 0.595313 0.8296870000000001 0.599219 0.834375 0.602344 0.8351559999999999 0.607812 0.839062 0.610156 0.8421879999999999 0.610938 0.848438 0.624219 0.8617190000000001 0.625781 0.8664059999999999 0.628125 0.86875 0.632812 0.870312 0.633594 0.8648440000000001 0.632031 0.8601559999999999 0.628125 0.8570309999999999
1 0.8539059999999999 0.669531 0.832813 0.654687 0.8273440000000001 0.646094 0.8210940000000001 0.64375 0.8054690000000001 0.642969 0.8 0.644531 0.785156 0.65625 0.7828120000000001 0.661719 0.7828120000000001 0.667969 0.786719 0.671094 0.792187 0.670312 0.797656 0.667187 0.8070309999999999 0.665625 0.8265629999999999 0.667969 0.8375 0.672656 0.8414059999999999 0.672656 0.8453120000000001 0.675781 0.8570309999999999 0.679688 0.8609370000000001 0.677344 0.8609370000000001 0.673438 0.8585940000000001 0.671094 0.8539059999999999 0.669531
1 0.8445309999999999 1 0.84375 0.9945309999999999 0.839062 0.9929690000000001 0.8367190000000001 0.990625 0.8382809999999999 0.984375 0.8382809999999999 0.964844 0.834375 0.945312 0.8265629999999999 0.925 0.824219 0.9226559999999999 0.8210940000000001 0.9226559999999999 0.817188 0.926562 0.815625 0.9351559999999999 0.817188 0.96875 0.815625 0.990625 0.8179690000000001 0.9945309999999999 0.823437 0.998437 0.823437 1 0.8445309999999999 1
1 0.182031 0.660156 0.16796899999999998 0.654687 0.157031 0.655469 0.135156 0.667187 0.124219 0.671094 0.096875 0.673438 0.101562 0.678125 0.11875 0.685937 0.13125 0.6875 0.135156 0.689844 0.14843800000000001 0.688281 0.154687 0.690625 0.160937 0.685156 0.173438 0.683594 0.18125 0.689844 0.185937 0.689844 0.18359399999999998 0.675781 0.184375 0.665625 0.182031 0.660156
1 0.182813 0.789844 0.172656 0.7828120000000001 0.166406 0.78125 0.159375 0.777344 0.14843800000000001 0.776562 0.141406 0.778125 0.132031 0.771094 0.126563 0.76875 0.10703100000000002 0.767969 0.089063 0.771875 0.07421900000000001 0.7796879999999999 0.064844 0.789844 0.06406300000000001 0.792969 0.059375 0.799219 0.058594 0.803125 0.060937 0.80625 0.064844 0.8070309999999999 0.07656199999999999 0.80625 0.084375 0.803125 0.10781199999999999 0.789062 0.11484399999999999 0.7875 0.12890600000000002 0.788281 0.142188 0.783594 0.146094 0.785938 0.146094 0.7875 0.149219 0.785938 0.153125 0.785938 0.157031 0.789062 0.171094 0.791406 0.18359399999999998 0.796875 0.1875 0.796875 0.19140600000000002 0.794531 0.188281 0.792969 0.185937 0.789844 0.182813 0.789844
2 0.9695309999999999 0.482812 0.965625 0.485938 0.957031 0.486719 0.9382809999999999 0.49218799999999996 0.928125 0.49218799999999996 0.9203129999999999 0.489844 0.9078120000000001 0.489844 0.9078120000000001 0.491406 0.910156 0.494531 0.9132809999999999 0.494531 0.929688 0.500781 0.945312 0.500781 0.964063 0.492969 0.967187 0.488281 0.970313 0.488281 0.972656 0.486719 0.972656 0.482812 0.978125 0.479688 0.978125 0.478125 0.9742190000000001 0.47656200000000004 0.970313 0.478125 0.9695309999999999 0.482812
2 0.140625 0.9375 0.121875 0.94375 0.091406 0.948438 0.086719 0.9507809999999999 0.086719 0.9554690000000001 0.09765599999999999 0.9585940000000001 0.13828100000000002 0.957812 0.147656 0.95625 0.155469 0.953125 0.161719 0.9476559999999999 0.16953100000000002 0.9445309999999999 0.172656 0.941406 0.178125 0.939063 0.175 0.9367190000000001 0.16796899999999998 0.9351559999999999 0.140625 0.9375
2 0.528906 0.215625 0.524219 0.21406299999999998 0.516406 0.21406299999999998 0.514062 0.2125 0.505469 0.2125 0.50625 0.21718700000000002 0.5125 0.22265600000000002 0.51875 0.22343700000000002 0.532813 0.228906 0.536719 0.228906 0.540625 0.23125 0.548438 0.23125 0.553125 0.228906 0.544531 0.21875 0.538281 0.215625 0.528906 0.215625
1 0.47656200000000004 0.548438 0.46953100000000003 0.54375 0.46953100000000003 0.539844 0.46796899999999997 0.5375 0.46796899999999997 0.511719 0.465625 0.502344 0.459375 0.497656 0.455469 0.496875 0.45234399999999997 0.49375 0.446094 0.49218799999999996 0.434375 0.485938 0.427344 0.484375 0.415625 0.478906 0.4 0.475781 0.384375 0.47656200000000004 0.378125 0.480469 0.364062 0.478125 0.353125 0.472656 0.342187 0.46953100000000003 0.326562 0.461719 0.30625 0.45390600000000003 0.290625 0.450781 0.275781 0.444531 0.260938 0.440625 0.253125 0.439844 0.244531 0.43671899999999997 0.196094 0.42968799999999996 0.171094 0.42968799999999996 0.165625 0.43125 0.1625 0.435156 0.1625 0.439844 0.16875 0.444531 0.194531 0.454688 0.23125 0.465625 0.23828100000000002 0.466406 0.251563 0.470313 0.278906 0.474219 0.302344 0.472656 0.332812 0.477344 0.339844 0.480469 0.346875 0.48125 0.354688 0.484375 0.371875 0.4875 0.376563 0.490625 0.378125 0.495313 0.38125 0.49921899999999997 0.3875 0.501563 0.390625 0.504688 0.390625 0.50625 0.407813 0.516406 0.419531 0.51875 0.42109399999999997 0.522656 0.432031 0.530469 0.435156 0.53125 0.448438 0.542187 0.457812 0.547656 0.466406 0.55 0.46953100000000003 0.553906 0.47656200000000004 0.554688 0.477344 0.557031 0.478906 0.557031 0.478906 0.553906 0.47656200000000004 0.550781 0.47656200000000004 0.548438
1 0.22343700000000002 0.519531 0.209375 0.522656 0.19921899999999998 0.528125 0.18984399999999998 0.539062 0.155469 0.528906 0.147656 0.528906 0.147656 0.533594 0.157813 0.5375 0.163281 0.538281 0.16953100000000002 0.541406 0.180469 0.54375 0.192969 0.55 0.198438 0.55 0.20078100000000002 0.545312 0.20468799999999998 0.541406 0.226562 0.532031 0.244531 0.528125 0.24765600000000002 0.525 0.242969 0.521094 0.233594 0.519531 0.22343700000000002 0.519531
1 0.517969 0.549219 0.509375 0.5625 0.508594 0.567188 0.50625 0.569531 0.496094 0.567969 0.489062 0.56875 0.482031 0.571875 0.4625 0.585156 0.453125 0.594531 0.450781 0.6 0.459375 0.6 0.498437 0.586719 0.505469 0.585938 0.510156 0.582813 0.515625 0.576562 0.517969 0.566406 0.521094 0.561719 0.525781 0.558594 0.528281 0.554219 0.529687 0.548438 0.5375 0.539062 0.5375 0.534375 0.532813 0.535938 0.525 0.541406 0.517969 0.549219
2 0.058594 0.878906 0.044531 0.88125 0.036719 0.8851559999999999 0.034375 0.8890629999999999 0.035937000000000004 0.8914059999999999 0.042969 0.89375 0.060156 0.89375 0.064844 0.8921870000000001 0.075 0.8851559999999999 0.085156 0.8820309999999999 0.085938 0.879687 0.083594 0.8757809999999999 0.071875 0.8804690000000001 0.058594 0.878906
2 0.219531 0.8570309999999999 0.219531 0.8585940000000001 0.2125 0.867188 0.210156 0.8757809999999999 0.208594 0.8765620000000001 0.209375 0.878125 0.213281 0.878906 0.217969 0.8757809999999999 0.22343700000000002 0.870312 0.227344 0.864063 0.233594 0.8585940000000001 0.23828100000000002 0.85 0.23828100000000002 0.846875 0.23203100000000002 0.8414059999999999 0.227344 0.8414059999999999 0.227344 0.8492190000000001 0.219531 0.8570309999999999
2 0.361719 0.8609370000000001 0.354688 0.8609370000000001 0.347656 0.8648440000000001 0.34296899999999997 0.871875 0.3375 0.886719 0.332812 0.894531 0.332812 0.9054690000000001 0.338281 0.90625 0.34453100000000003 0.903125 0.347656 0.9 0.347656 0.896875 0.352344 0.8921870000000001 0.35625 0.890625 0.363281 0.8835940000000001 0.378906 0.8734379999999999 0.378125 0.86875 0.372656 0.8648440000000001 0.367969 0.864063 0.361719 0.8609370000000001