1 0.9679690000000001 0.1375 0.95625 0.134375 0.9476559999999999 0.134375 0.9382809999999999 0.13671899999999998 0.9273440000000001 0.14375 0.9195309999999999 0.15625 0.917188 0.15390600000000002 0.9148440000000001 0.146094 0.9117190000000001 0.141406 0.9041410000000001 0.133281 0.9046879999999999 0.14210899999999999 0.903672 0.14843800000000001 0.9046879999999999 0.155391 0.9060159999999999 0.162109 0.9054690000000001 0.171094 0.910703 0.18468800000000002 0.9117190000000001 0.188281 0.917891 0.191328 0.9203129999999999 0.194531 0.925313 0.192969 0.924531 0.185234 0.9242190000000001 0.177344 0.932813 0.164844 0.9375 0.16015600000000002 0.945312 0.155469 0.95 0.154688 0.959375 0.15 0.964844 0.15 0.9695309999999999 0.154688 0.971875 0.154688 0.972656 0.15 0.9710940000000001 0.141406 0.9679690000000001 0.1375
1 1 0.8445309999999999 0.99375 0.8460940000000001 0.9859370000000001 0.8539059999999999 0.9835940000000001 0.859375 0.98125 0.8601559999999999 0.976562 0.842187 0.972656 0.8382809999999999 0.9679690000000001 0.8304690000000001 0.9554690000000001 0.8195309999999999 0.951562 0.8132809999999999 0.941406 0.8117190000000001 0.9359379999999999 0.807813 0.9304690000000001 0.8070309999999999 0.9289059999999999 0.8101559999999999 0.9316409999999999 0.815469 0.9367190000000001 0.820312 0.94375 0.8273440000000001 0.957031 0.8445309999999999 0.9617190000000001 0.848437 0.9625 0.8507809999999999 0.967187 0.854688 0.9695309999999999 0.859375 0.9789059999999999 0.8617190000000001 0.9875 0.8617190000000001 1 0.8585940000000001 1 0.8445309999999999
1 0.851562 0.070156 0.850469 0.065781 0.8460940000000001 0.060937 0.8414059999999999 0.052344 0.832031 0.046094 0.8226559999999999 0.0375 0.81875 0.035156 0.8140620000000001 0.035937000000000004 0.8140620000000001 0.038280999999999996 0.817188 0.042969 0.823437 0.047656 0.8304690000000001 0.055469000000000004 0.833047 0.058906 0.836797 0.063594 0.840625 0.065625 0.8445309999999999 0.079687 0.8453120000000001 0.088281 0.8539059999999999 0.088281 0.854063 0.07914099999999999 0.851562 0.070156
1 0.739844 0.083594 0.725781 0.09375 0.720313 0.096094 0.71875 0.10078100000000001 0.710938 0.110937 0.708594 0.11953100000000001 0.708594 0.139844 0.710938 0.15234399999999998 0.714062 0.154688 0.71875 0.154688 0.721094 0.153125 0.724219 0.155469 0.732031 0.157812 0.735156 0.1625 0.739844 0.16406199999999999 0.741406 0.1625 0.741406 0.157031 0.736719 0.146094 0.733594 0.14453100000000002 0.730469 0.140625 0.722656 0.1375 0.721875 0.134375 0.723438 0.11484399999999999 0.734375 0.10078100000000001 0.7515620000000001 0.084375 0.7515620000000001 0.079687 0.747656 0.079687 0.739844 0.083594
1 0.630469 0.064062 0.627344 0.0625 0.610938 0.044531 0.609375 0.041406 0.605469 0.039844000000000004 0.603125 0.036719 0.602344 0.041406 0.60625 0.048437999999999995 0.6118750000000001 0.057813 0.615625 0.0625 0.622656 0.06875 0.627344 0.070312 0.629688 0.067969 0.630469 0.064062
1 0.578125 0.076563 0.574219 0.084375 0.574219 0.088281 0.571875 0.092969 0.563281 0.086719 0.549219 0.08125 0.534375 0.08125 0.528125 0.083594 0.527344 0.088281 0.558594 0.098437 0.564844 0.10234399999999999 0.569531 0.10703100000000002 0.571875 0.11171899999999998 0.576562 0.110156 0.577344 0.10625 0.580469 0.101562 0.582813 0.092969 0.58125 0.0875 0.582031 0.06875 0.579688 0.067187 0.578125 0.076563
1 0.466406 0 0.466406 0.0023439999999999997 0.4625 0.005469 0.461719 0.009375 0.459375 0.011719 0.457031 0.017969 0.451562 0.025 0.447656 0.025 0.435156 0.014844 0.417188 0.0078119999999999995 0.40625 0.0078119999999999995 0.4 0.009375 0.399219 0.014063 0.403906 0.014063 0.409375 0.017969 0.41875 0.021093999999999998 0.442969 0.0375 0.457031 0.041406 0.459375 0.039844000000000004 0.4625 0.032812999999999995 0.467187 0.026562000000000002 0.466406 0.021875 0.46953100000000003 0.01875 0.46953100000000003 0.008594000000000001 0.470313 0.00625 0.475 0.0023439999999999997 0.475 0 0.466406 0
1 0.396875 0.096094 0.404687 0.092188 0.40546899999999997 0.08984400000000001 0.410937 0.085156 0.410156 0.076563 0.414844 0.069531 0.414844 0.067187 0.411719 0.06640599999999999 0.40703100000000003 0.071094 0.40546899999999997 0.075 0.401563 0.078125 0.396875 0.079687 0.389062 0.079687 0.37578100000000003 0.075 0.35625 0.059375 0.333594 0.048437999999999995 0.332812 0.053125 0.335156 0.054688 0.336719 0.058594 0.355469 0.078125 0.364062 0.08984400000000001 0.379687 0.105469 0.389062 0.110937 0.392188 0.115625 0.394531 0.115625 0.396875 0.1125 0.396875 0.096094
2 0.325 0.075781 0.321875 0.060937 0.326562 0.028905999999999998 0.321875 0.028905999999999998 0.316406 0.038280999999999996 0.31171899999999997 0.055469000000000004 0.310156 0.077344 0.315625 0.085156 0.321094 0.088281 0.32734399999999997 0.089063 0.328125 0.08203099999999999 0.325 0.075781
2 0.342187 0.079687 0.340625 0.092969 0.342187 0.095312 0.34375 0.105469 0.346094 0.107813 0.35 0.107813 0.355469 0.08984400000000001 0.35625 0.079687 0.350781 0.071094 0.345313 0.067187 0.345313 0.071094 0.342187 0.079687
2 0.350781 0.052344 0.350781 0.057031 0.357031 0.061719 0.361719 0.061719 0.361719 0.046875 0.36015600000000003 0.044531 0.35625 0.044531 0.350781 0.052344
1 0.288281 0.092969 0.276563 0.095312 0.267969 0.099219 0.258594 0.105469 0.246875 0.11953100000000001 0.240625 0.1375 0.23906200000000002 0.13828100000000002 0.2375 0.146875 0.23593799999999998 0.14843800000000001 0.23046899999999998 0.141406 0.22109399999999998 0.13671899999999998 0.21718700000000002 0.13281199999999999 0.20546899999999998 0.132031 0.20156200000000002 0.128125 0.189063 0.12890600000000002 0.189063 0.134375 0.19531199999999999 0.139844 0.20468799999999998 0.14296899999999998 0.21875 0.151562 0.22265600000000002 0.155469 0.224219 0.160938 0.228125 0.161719 0.22968799999999998 0.164844 0.235156 0.16796899999999998 0.2375 0.170313 0.2375 0.17421899999999998 0.244531 0.17968800000000001 0.249219 0.176563 0.253125 0.16796899999999998 0.263281 0.15859399999999998 0.264062 0.15390600000000002 0.269531 0.14453100000000002 0.299219 0.107813 0.307031 0.096094 0.307031 0.090625 0.303125 0.092188 0.288281 0.092969
1 0.054688 0.208594 0.051562 0.211719 0.046875 0.22343799999999997 0.045312000000000005 0.23671899999999998 0.041406 0.235156 0.023438 0.217969 0.017969 0.21640600000000002 0.010156 0.211719 0 0.213281 0.003125 0.21406200000000003 0.004687 0.217188 0.010156 0.22109399999999998 0.017969 0.22968700000000003 0.033594 0.242969 0.045312000000000005 0.25078100000000003 0.049219 0.25625 0.053125 0.258594 0.057813 0.252344 0.057031 0.244531 0.060937 0.233594 0.06875 0.22265600000000002 0.071094 0.22109399999999998 0.071094 0.21640600000000002 0.072656 0.213281 0.072656 0.204687 0.063281 0.204687 0.054688 0.208594
1 0.039062 0.36718799999999996 0.053125 0.361719 0.061719 0.360938 0.064844 0.357812 0.05625 0.34843799999999997 0.053905999999999996 0.341406 0.05625 0.332031 0.0625 0.326562 0.060937 0.322656 0.060937 0.310937 0.05625 0.31171899999999997 0.049219 0.315625 0.042969 0.325781 0.044531 0.329688 0.042969 0.342187 0.045312000000000005 0.346094 0.042969 0.35 0.047656 0.353125 0.036719 0.35625 0.03125 0.36015600000000003 0.025781 0.360938 0.026562999999999996 0.371094 0.028125 0.373437 0.034375 0.373437 0.039062 0.36718799999999996
1 0.14843800000000001 0.389062 0.13828100000000002 0.399219 0.134375 0.40156200000000003 0.131328 0.40632799999999997 0.129687 0.411719 0.128125 0.413281 0.125781 0.4125 0.119922 0.398047 0.11374999999999999 0.385313 0.11820299999999999 0.409687 0.124219 0.42656299999999997 0.125781 0.433594 0.12890600000000002 0.4375 0.134375 0.43671899999999997 0.135938 0.432031 0.139844 0.428906 0.140625 0.423438 0.145312 0.41406200000000004 0.15859399999999998 0.396875 0.159375 0.392969 0.166406 0.385156 0.16796899999999998 0.382031 0.16796899999999998 0.37968799999999997 0.166406 0.378125 0.157813 0.382031 0.14843800000000001 0.389062
1 0.357031 0.26640600000000003 0.34375 0.278906 0.335156 0.289844 0.32890600000000003 0.303906 0.328125 0.310937 0.325781 0.314063 0.31875 0.310937 0.303125 0.29765600000000003 0.29765600000000003 0.296875 0.291406 0.303125 0.2875 0.303906 0.284375 0.307031 0.274219 0.310937 0.271875 0.314063 0.272656 0.316406 0.28203100000000003 0.321094 0.300781 0.326562 0.32890600000000003 0.3375 0.338281 0.336719 0.342187 0.33125 0.341406 0.325781 0.338281 0.32343700000000003 0.342187 0.309375 0.35625 0.284375 0.36718799999999996 0.27031299999999997 0.370313 0.264062 0.369531 0.26093700000000003 0.364844 0.261719 0.357031 0.26640600000000003
1 0.937187 0.009375 0.919609 0.021641 0.909141 0.031094 0.897578 0.040390999999999996 0.8896879999999999 0.042656 0.8885160000000001 0.036171999999999996 0.8881249999999999 0.031016 0.8851559999999999 0.024531 0.882812 0.019531 0.8734379999999999 0.009375 0.861641 0.006875000000000001 0.863281 0.015781 0.865625 0.021875 0.870312 0.024218999999999997 0.870312 0.026562000000000002 0.873594 0.029063 0.871875 0.030469000000000003 0.875 0.033594 0.8765620000000001 0.0375 0.8787499999999999 0.043828 0.881172 0.049062 0.8882809999999999 0.057031 0.8914059999999999 0.057031 0.918281 0.036875000000000005 0.9249219999999999 0.026952999999999998 0.937187 0.009375
1 0.484375 0.341406 0.478125 0.335156 0.471875 0.332031 0.4625 0.321875 0.458594 0.314844 0.458594 0.310937 0.457031 0.30781200000000003 0.451562 0.302344 0.451562 0.296875 0.449219 0.295312 0.449219 0.291406 0.447656 0.289844 0.444531 0.290625 0.444531 0.299219 0.428125 0.3 0.427344 0.307031 0.439063 0.32343700000000003 0.473437 0.353906 0.48125 0.359375 0.48359399999999997 0.359375 0.48515600000000003 0.357812 0.484375 0.341406
1 0.576562 0.40703100000000003 0.564844 0.408594 0.559375 0.41406200000000004 0.552344 0.416406 0.544531 0.424219 0.540625 0.423438 0.535938 0.414844 0.533594 0.40703100000000003 0.523438 0.392188 0.509375 0.367969 0.504688 0.3625 0.502344 0.357031 0.494531 0.346875 0.490625 0.34375 0.4875 0.345313 0.4875 0.35 0.490625 0.352344 0.491406 0.365625 0.495313 0.373437 0.5 0.392969 0.50625 0.403125 0.511719 0.415625 0.521094 0.428906 0.529687 0.43828100000000003 0.535156 0.439063 0.54375 0.428906 0.557031 0.428125 0.560156 0.421875 0.563281 0.41875 0.569531 0.416406 0.573437 0.413281 0.578125 0.4125 0.578125 0.408594 0.576562 0.40703100000000003
1 0.574219 0.27656200000000003 0.561719 0.28125 0.558594 0.29218700000000003 0.55625 0.310937 0.546875 0.322656 0.546094 0.330469 0.550781 0.33125 0.552344 0.333594 0.55625 0.33281299999999997 0.560156 0.336719 0.564844 0.335156 0.565625 0.33281299999999997 0.56875 0.330469 0.579688 0.30156299999999997 0.58125 0.29218700000000003 0.585938 0.279687 0.585938 0.275781 0.588281 0.271875 0.588281 0.267188 0.583594 0.267969 0.574219 0.27656200000000003
1 0.454688 0.177344 0.47656200000000004 0.194531 0.496875 0.217969 0.500781 0.224219 0.504688 0.235937 0.504688 0.248438 0.50625 0.25 0.507812 0.248438 0.507812 0.244531 0.510156 0.242188 0.510937 0.228125 0.514844 0.21484399999999998 0.516406 0.192188 0.51875 0.1875 0.517969 0.182812 0.515625 0.186719 0.5125 0.188281 0.507031 0.20625 0.505469 0.20781299999999997 0.497656 0.196875 0.489844 0.190625 0.48359399999999997 0.1875 0.482031 0.18515600000000002 0.460156 0.172656 0.45390600000000003 0.171875 0.453125 0.17421899999999998 0.454688 0.177344
1 0.546875 0.159375 0.538281 0.155469 0.521875 0.154688 0.517188 0.155469 0.514062 0.15859399999999998 0.494531 0.141406 0.489844 0.141406 0.489844 0.146875 0.495313 0.157812 0.500781 0.161719 0.503125 0.166406 0.509375 0.16875 0.510156 0.173437 0.5125 0.17578100000000002 0.517969 0.176563 0.544531 0.171875 0.549219 0.170313 0.552344 0.166406 0.551563 0.16406199999999999 0.546875 0.159375
1 0.667187 0.208594 0.6625 0.224219 0.65625 0.23906299999999997 0.653125 0.2625 0.653125 0.27343799999999996 0.650781 0.279687 0.646094 0.278125 0.632031 0.263281 0.629688 0.2625 0.620312 0.2625 0.608594 0.26484399999999997 0.6 0.269531 0.596094 0.27343799999999996 0.596094 0.277344 0.600781 0.279687 0.613281 0.282813 0.624219 0.283594 0.63125 0.285156 0.635156 0.2875 0.642188 0.288281 0.646875 0.290625 0.652344 0.296875 0.655469 0.29765600000000003 0.657813 0.295312 0.657031 0.28593799999999997 0.653906 0.282813 0.658594 0.28046899999999997 0.658594 0.277344 0.660938 0.271875 0.665625 0.242969 0.665625 0.235156 0.66875 0.23203100000000002 0.66875 0.228906 0.670312 0.226562 0.675 0.20546899999999998 0.674219 0.201563 0.670312 0.203906 0.667187 0.208594
1 0.8148440000000001 0.298438 0.8109379999999999 0.295312 0.8070309999999999 0.294531 0.8054690000000001 0.30625 0.8023440000000001 0.310156 0.799219 0.309375 0.796875 0.30625 0.785938 0.300781 0.7796879999999999 0.29609399999999997 0.7640629999999999 0.29375 0.753125 0.294531 0.755469 0.299219 0.786719 0.31171899999999997 0.796875 0.319531 0.7984370000000001 0.324219 0.8039059999999999 0.324219 0.8070309999999999 0.322656 0.8109379999999999 0.317969 0.816406 0.305469 0.816406 0.30156299999999997 0.8148440000000001 0.298438
1 0.871875 0.29609399999999997 0.870312 0.300781 0.870703 0.303203 0.8706250000000001 0.305703 0.869844 0.308359 0.866719 0.31031200000000003 0.8648440000000001 0.311797 0.862969 0.314297 0.8609370000000001 0.315625 0.8578129999999999 0.317969 0.8570309999999999 0.321094 0.8453120000000001 0.32031200000000004 0.839844 0.321875 0.8367190000000001 0.325 0.8351559999999999 0.329688 0.8375 0.333594 0.851562 0.335156 0.8625 0.338281 0.8664059999999999 0.338281 0.86875 0.334375 0.8679690000000001 0.330469 0.8726559999999999 0.326562 0.871875 0.321094 0.8734379999999999 0.319531 0.8734379999999999 0.31171899999999997 0.874922 0.311016 0.876328 0.31078100000000003 0.87625 0.30960899999999997 0.8773440000000001 0.308594 0.879687 0.299219 0.879687 0.285156 0.8773440000000001 0.275 0.8734379999999999 0.267969 0.871094 0.26875 0.871875 0.29609399999999997
1 0.8460940000000001 0.302344 0.8414059999999999 0.300781 0.8335940000000001 0.300781 0.828125 0.288281 0.8179690000000001 0.278906 0.8132809999999999 0.27656200000000003 0.8023440000000001 0.275781 0.792969 0.277344 0.790625 0.278906 0.797656 0.28593799999999997 0.803125 0.288281 0.807812 0.294531 0.8117190000000001 0.296875 0.816406 0.303125 0.8257809999999999 0.31171899999999997 0.8304690000000001 0.3125 0.8351559999999999 0.309375 0.8460940000000001 0.308594 0.85 0.307031 0.85 0.305469 0.8460940000000001 0.302344
1 1 0.240625 0.9976559999999999 0.240625 0.990625 0.24765600000000002 0.980469 0.264062 0.9710940000000001 0.28203100000000003 0.96875 0.29218700000000003 0.970313 0.3125 0.976562 0.335156 0.976562 0.339844 0.972656 0.345313 0.972656 0.388281 0.970313 0.39140600000000003 0.967187 0.392969 0.970313 0.399219 0.9742190000000001 0.40156200000000003 0.9789059999999999 0.400781 0.9851559999999999 0.38593700000000003 0.9859370000000001 0.359375 0.982812 0.32890600000000003 0.980469 0.326562 0.980469 0.32031200000000004 0.9859370000000001 0.302344 0.988281 0.299219 0.990625 0.291406 0.99375 0.2875 0.9914059999999999 0.28046899999999997 0.9914059999999999 0.27656200000000003 0.9976559999999999 0.253125 1 0.252344 1 0.240625
1 0.965625 0.450781 0.9679690000000001 0.446094 0.9773440000000001 0.439063 0.973438 0.433594 0.9695309999999999 0.416406 0.970313 0.403125 0.9679690000000001 0.39531299999999997 0.9632809999999999 0.390625 0.957812 0.390625 0.9539059999999999 0.396875 0.9523440000000001 0.413281 0.954688 0.423438 0.957812 0.430469 0.9617190000000001 0.435156 0.9617190000000001 0.43828100000000003 0.95625 0.442969 0.954688 0.447656 0.959375 0.457031 0.964063 0.459375 0.96875 0.459375 0.96875 0.454688 0.965625 0.450781
1 0.9445309999999999 0.41406200000000004 0.933594 0.409375 0.9195309999999999 0.410156 0.910156 0.41875 0.9078120000000001 0.419531 0.9039059999999999 0.4125 0.8992190000000001 0.396094 0.8890629999999999 0.377344 0.886719 0.378125 0.885938 0.38125 0.8875 0.3875 0.8921870000000001 0.397656 0.8960940000000001 0.4125 0.9054690000000001 0.430469 0.9085940000000001 0.43125 0.9164059999999999 0.428125 0.9234370000000001 0.428125 0.9273440000000001 0.42968799999999996 0.9523440000000001 0.42968799999999996 0.957031 0.428125 0.9554690000000001 0.424219 0.9445309999999999 0.41406200000000004
0 0.7748440000000001 0.382578 0.77625 0.377344 0.77625 0.370391 0.768906 0.380469 0.765234 0.38773399999999997 0.7631249999999999 0.39351600000000003 0.758594 0.398125 0.757031 0.40156200000000003 0.756016 0.410391 0.755469 0.414844 0.759375 0.41718700000000003 0.761719 0.415625 0.7640629999999999 0.41093799999999997 0.7640629999999999 0.404687 0.771875 0.390625 0.772656 0.38742200000000004 0.7748440000000001 0.382578
1 0.7678130000000001 0.383359 0.76875 0.380469 0.753125 0.380469 0.748437 0.384375 0.747656 0.386719 0.739844 0.389062 0.735938 0.38593700000000003 0.735938 0.376563 0.733594 0.372656 0.732812 0.367969 0.732812 0.32890600000000003 0.728125 0.326562 0.725 0.341406 0.725781 0.349219 0.724219 0.361719 0.727344 0.372656 0.728125 0.3875 0.732031 0.400781 0.740625 0.399219 0.748437 0.39531299999999997 0.758594 0.39375 0.7625 0.39140600000000003 0.7645310000000001 0.39 0.765937 0.387344 0.7678130000000001 0.383359
1 0.442969 0.373437 0.441406 0.377344 0.435156 0.38125 0.42968799999999996 0.3875 0.421875 0.402344 0.42265600000000003 0.408594 0.420312 0.411719 0.410156 0.40703100000000003 0.407813 0.40703100000000003 0.403125 0.403906 0.38984399999999997 0.402344 0.372656 0.402344 0.365625 0.403906 0.366406 0.408594 0.386719 0.414844 0.394531 0.41875 0.402344 0.424219 0.407813 0.430469 0.417188 0.435937 0.421875 0.432031 0.421875 0.419531 0.430469 0.411719 0.43828100000000003 0.392969 0.439063 0.385156 0.44375 0.382031 0.44531200000000004 0.375 0.448438 0.372656 0.446875 0.371875 0.442969 0.373437
1 0.8070309999999999 0.8742190000000001 0.788281 0.8742190000000001 0.76875 0.878125 0.741406 0.878906 0.735938 0.8773440000000001 0.735156 0.8835940000000001 0.736719 0.8851559999999999 0.736719 0.8882809999999999 0.735938 0.889062 0.735156 0.885938 0.732031 0.8851559999999999 0.725781 0.8929690000000001 0.726562 0.9054690000000001 0.728125 0.9070309999999999 0.734375 0.9054690000000001 0.735938 0.9039059999999999 0.739844 0.892188 0.7515620000000001 0.896875 0.764844 0.896875 0.775781 0.894531 0.7875 0.89375 0.8039059999999999 0.889062 0.820312 0.886719 0.8210940000000001 0.8835940000000001 0.8179690000000001 0.8804690000000001 0.8070309999999999 0.8742190000000001
1 0.8742190000000001 0.407813 0.8757809999999999 0.404687 0.8773440000000001 0.392188 0.871875 0.392188 0.871875 0.396094 0.8695309999999999 0.40156200000000003 0.865625 0.4 0.85625 0.384375 0.8421879999999999 0.36875 0.8375 0.36875 0.85 0.40546899999999997 0.8507809999999999 0.41093799999999997 0.8570309999999999 0.423438 0.8609370000000001 0.428906 0.864063 0.430469 0.867188 0.430469 0.871875 0.428125 0.8734379999999999 0.424219 0.8742190000000001 0.407813
1 0.428906 0.492969 0.421875 0.49375 0.41875 0.49531200000000003 0.408594 0.494531 0.400781 0.4875 0.385156 0.478906 0.37421899999999997 0.478125 0.373437 0.47968700000000003 0.373437 0.486719 0.378906 0.49375 0.39140600000000003 0.502344 0.4 0.50625 0.403906 0.50625 0.409375 0.510156 0.407813 0.511719 0.407813 0.524219 0.4125 0.523438 0.413281 0.517969 0.417188 0.514844 0.417969 0.50625 0.428125 0.500781 0.43125 0.496094 0.43125 0.49375 0.428906 0.492969
1 0.321094 0.450781 0.319531 0.449219 0.31875 0.44531200000000004 0.314844 0.441406 0.310937 0.44375 0.308594 0.440625 0.298438 0.435156 0.288281 0.43281200000000003 0.282813 0.43281200000000003 0.282813 0.43671899999999997 0.288281 0.442969 0.299219 0.450781 0.314063 0.465625 0.317969 0.46796899999999997 0.32031200000000004 0.467187 0.321875 0.459375 0.321094 0.450781
1 0.25781200000000004 0.458594 0.24843700000000002 0.463281 0.24609399999999998 0.46875 0.24609399999999998 0.47343799999999997 0.24375 0.47656200000000004 0.23046899999999998 0.47656200000000004 0.211719 0.47968700000000003 0.20703100000000002 0.482031 0.20625 0.4875 0.215625 0.49531200000000003 0.228125 0.49921899999999997 0.23671899999999998 0.500781 0.2625 0.5 0.26484399999999997 0.497656 0.259375 0.489844 0.258594 0.485938 0.255469 0.482812 0.257031 0.478906 0.260938 0.475781 0.267969 0.47343799999999997 0.28046899999999997 0.466406 0.283594 0.4625 0.28046899999999997 0.459375 0.25781200000000004 0.458594
0 0 0.503906 0.016406 0.510938 0.033594 0.5125 0.041406 0.508594 0.045312000000000005 0.509375 0.046094 0.486719 0.047656 0.48515600000000003 0.051562 0.484375 0.060937 0.48515600000000003 0.063281 0.482812 0.064844 0.47656200000000004 0.082812 0.467187 0.092969 0.460156 0.096875 0.454688 0.101562 0.453125 0.10703100000000002 0.449219 0.113281 0.440625 0.115625 0.440625 0.11953100000000001 0.43828100000000003 0.124219 0.432031 0.12343699999999999 0.427344 0.10390600000000001 0.427344 0.078125 0.43125 0.057031 0.444531 0.046875 0.454688 0.042969 0.46875 0.042187999999999996 0.47656200000000004 0.0375 0.48515600000000003 0.032812999999999995 0.48515600000000003 0.028905999999999998 0.482031 0.014844 0.475781 0.014062 0.474219 0.010156 0.475 0.00625 0.472656 0 0.472656 0 0.503906
0 0.057031 0.580469 0.053125 0.573438 0.053125 0.5625 0.05 0.55625 0.046875 0.542188 0.035937000000000004 0.533594 0.019531 0.528125 0.009375 0.527344 0.005469 0.525781 0.003125 0.528906 0.0039059999999999997 0.534375 0.00625 0.538281 0.009375 0.552344 0.013281000000000001 0.558594 0.014062 0.564844 0.033594 0.573438 0.039062 0.58125 0.051562 0.586719 0.053905999999999996 0.586719 0.055469000000000004 0.588281 0.060937 0.588281 0.057813 0.585156 0.057031 0.580469
0 0.240625 0.760938 0.224219 0.764844 0.21640600000000002 0.767969 0.213281 0.765625 0.211719 0.75625 0.208594 0.754687 0.20546899999999998 0.759375 0.203906 0.775 0.20156200000000002 0.778125 0.19140600000000002 0.774219 0.16406199999999999 0.772656 0.150781 0.775781 0.125 0.786719 0.12343699999999999 0.792188 0.125781 0.794531 0.161719 0.803125 0.213281 0.803125 0.213281 0.798438 0.217969 0.789062 0.234375 0.775 0.240625 0.771875 0.24843700000000002 0.765625 0.25 0.7625 0.24843700000000002 0.760938 0.240625 0.760938
1 0.146094 0.829688 0.12734399999999998 0.8101559999999999 0.114062 0.801562 0.1 0.795312 0.089063 0.792188 0.084375 0.792188 0.082812 0.79375 0.083594 0.799219 0.09218699999999999 0.8125 0.11093800000000001 0.8304690000000001 0.124219 0.840625 0.128125 0.842187 0.132031 0.846875 0.134375 0.853125 0.139062 0.8539059999999999 0.139062 0.851562 0.142188 0.847656 0.147656 0.8460940000000001 0.150781 0.8429690000000001 0.149219 0.8351559999999999 0.146094 0.829688
1 0.24843700000000002 0.646094 0.23125 0.646094 0.20156200000000002 0.61875 0.198438 0.617188 0.16796899999999998 0.6125 0.15390600000000002 0.6125 0.149219 0.614844 0.15 0.620313 0.157813 0.628125 0.219531 0.670312 0.23125 0.671094 0.23281200000000002 0.670312 0.234375 0.665625 0.23671899999999998 0.663281 0.259375 0.658594 0.258594 0.653906 0.24843700000000002 0.646094
1 0.239844 0.695312 0.2375 0.696875 0.23445299999999997 0.6985159999999999 0.24664100000000003 0.701094 0.240625 0.705469 0.23906200000000002 0.70625 0.235156 0.713281 0.23281200000000002 0.720313 0.23125 0.735156 0.23203100000000002 0.746875 0.23593799999999998 0.745313 0.24765600000000002 0.722656 0.253906 0.714844 0.25781200000000004 0.707031 0.264062 0.701562 0.2625 0.696875 0.25625 0.694531 0.239844 0.695312
1 0.334375 0.574219 0.328125 0.584375 0.32734399999999997 0.607812 0.31492200000000004 0.6157809999999999 0.310156 0.616406 0.299375 0.617422 0.295703 0.619688 0.317969 0.619531 0.321641 0.618437 0.325391 0.618125 0.32890600000000003 0.617188 0.333594 0.619531 0.336719 0.617969 0.3375 0.614062 0.33593799999999996 0.610938 0.33593799999999996 0.591406 0.339063 0.582812 0.346094 0.572656 0.346094 0.567969 0.340625 0.56875 0.334375 0.574219
1 0.4875 0.673438 0.494531 0.671875 0.510156 0.6625 0.508594 0.657813 0.502344 0.650781 0.500781 0.642969 0.500781 0.625781 0.503125 0.615625 0.502344 0.610156 0.490625 0.622656 0.489062 0.628125 0.489062 0.641406 0.490625 0.646875 0.49375 0.653125 0.497656 0.657813 0.5 0.658594 0.486719 0.665625 0.480469 0.671875 0.474219 0.675781 0.474219 0.678906 0.484375 0.676562 0.4875 0.673438
0 0.609375 0.607031 0.607031 0.614844 0.607031 0.629687 0.611719 0.638281 0.610938 0.666406 0.615625 0.667188 0.623437 0.648438 0.623437 0.625781 0.63125 0.608594 0.63125 0.602344 0.625 0.603906 0.623437 0.605469 0.621094 0.599219 0.619531 0.598437 0.614063 0.599219 0.609375 0.607031
2 0.847656 0.467187 0.8445309999999999 0.470313 0.8445309999999999 0.478125 0.8421879999999999 0.482031 0.8429690000000001 0.485938 0.8507809999999999 0.48515600000000003 0.853125 0.47968700000000003 0.853125 0.47656200000000004 0.854687 0.475 0.8539059999999999 0.471094 0.8578129999999999 0.467187 0.85625 0.46406200000000003 0.8570309999999999 0.458594 0.8539059999999999 0.45390600000000003 0.8492190000000001 0.460156 0.847656 0.467187
1 0.9070309999999999 0.5 0.9046879999999999 0.498437 0.9007809999999999 0.49921899999999997 0.8976559999999999 0.496875 0.89375 0.48906299999999997 0.8890629999999999 0.48359399999999997 0.88125 0.480469 0.8765620000000001 0.482031 0.8757809999999999 0.486719 0.8773440000000001 0.49218799999999996 0.8820309999999999 0.496875 0.8960940000000001 0.505469 0.90625 0.507812 0.9125 0.507812 0.917188 0.50625 0.921875 0.502344 0.9242190000000001 0.502344 0.917969 0.5 0.9070309999999999 0.5
1 0.9382809999999999 0.574219 0.9349999999999999 0.574062 0.932891 0.5746089999999999 0.929688 0.578125 0.928125 0.579688 0.9240619999999999 0.580859 0.9234370000000001 0.582812 0.9226559999999999 0.5875 0.915625 0.590625 0.9125 0.59375 0.910937 0.592187 0.9085940000000001 0.582812 0.906328 0.579141 0.9058590000000001 0.574922 0.904844 0.57125 0.902031 0.568203 0.9007809999999999 0.564063 0.8921870000000001 0.55625 0.8890629999999999 0.554688 0.8851559999999999 0.55625 0.8851559999999999 0.567969 0.8875 0.577344 0.8921870000000001 0.584375 0.8960940000000001 0.594531 0.9007809999999999 0.602344 0.9078120000000001 0.602344 0.9210940000000001 0.596875 0.9304690000000001 0.585938 0.941406 0.580469 0.9460940000000001 0.576562 0.9425779999999999 0.573203 0.9382809999999999 0.574219
1 0.86875 0.707031 0.85625 0.715625 0.851562 0.716406 0.8414059999999999 0.702344 0.8414059999999999 0.716406 0.84375 0.720313 0.8445309999999999 0.729688 0.848438 0.734375 0.8523440000000001 0.735938 0.863281 0.735938 0.86875 0.734375 0.885938 0.725 0.8960940000000001 0.717187 0.90625 0.707812 0.9078120000000001 0.703125 0.890625 0.702344 0.86875 0.707031
1 0.8835940000000001 0.632031 0.878125 0.628125 0.8734379999999999 0.629687 0.870312 0.617188 0.867188 0.610938 0.867188 0.60625 0.8601559999999999 0.591406 0.855469 0.585938 0.8492190000000001 0.582812 0.8453120000000001 0.578906 0.8414059999999999 0.583594 0.8414059999999999 0.596094 0.8460940000000001 0.602344 0.8539059999999999 0.619531 0.863281 0.632812 0.8726559999999999 0.639062 0.8804690000000001 0.640625 0.8882809999999999 0.644531 0.9007809999999999 0.642969 0.901563 0.638281 0.8835940000000001 0.632031
1 0.757812 0.685937 0.7640629999999999 0.686719 0.766406 0.689063 0.76875 0.69375 0.771641 0.694531 0.773047 0.6980470000000001 0.775547 0.701172 0.7777339999999999 0.705859 0.7761720000000001 0.711719 0.773438 0.725 0.782031 0.725 0.788281 0.719531 0.791406 0.7125 0.791406 0.70625 0.794531 0.701562 0.800391 0.685703 0.797812 0.684609 0.7887500000000001 0.697187 0.782578 0.706484 0.781172 0.6982809999999999 0.778125 0.688281 0.770313 0.68125 0.7640629999999999 0.678125 0.759375 0.678125 0.757812 0.68125 0.757812 0.685937
1 0.45234399999999997 0.43671899999999997 0.447656 0.447656 0.441406 0.45781299999999997 0.4375 0.46953100000000003 0.433594 0.475781 0.433594 0.48359399999999997 0.435156 0.485938 0.434375 0.491406 0.43828100000000003 0.509375 0.43828100000000003 0.514844 0.441406 0.51875 0.441406 0.521875 0.4375 0.525781 0.435156 0.525781 0.42968799999999996 0.522656 0.423438 0.522656 0.41875 0.524219 0.4125 0.529687 0.40703100000000003 0.541406 0.408594 0.558594 0.415625 0.558594 0.4375 0.546875 0.44375 0.542188 0.45625 0.544531 0.459375 0.541406 0.458594 0.5375 0.45234399999999997 0.53125 0.451562 0.516406 0.449219 0.509375 0.449219 0.5 0.45234399999999997 0.48359399999999997 0.45234399999999997 0.47656200000000004 0.45625 0.460156 0.45625 0.455469 0.460156 0.442969 0.459375 0.433594 0.454688 0.433594 0.45234399999999997 0.43671899999999997
2 0.345313 0.771094 0.342187 0.771094 0.326562 0.764062 0.314844 0.755469 0.303906 0.75 0.290625 0.746094 0.290625 0.749219 0.29765600000000003 0.755469 0.305469 0.765625 0.314063 0.774219 0.321875 0.778906 0.329688 0.78125 0.33593799999999996 0.78125 0.341406 0.778906 0.346094 0.779687 0.35156200000000004 0.775781 0.35 0.773438 0.345313 0.771094
1 0.314844 0.8179690000000001 0.310156 0.8257809999999999 0.30625 0.8367190000000001 0.30625 0.8460940000000001 0.303125 0.855469 0.3 0.85625 0.294531 0.8625 0.286719 0.863281 0.283594 0.8617190000000001 0.271875 0.860938 0.260938 0.857812 0.253125 0.857812 0.24843700000000002 0.85625 0.242969 0.85625 0.242188 0.857812 0.24531299999999998 0.857812 0.25 0.8625 0.263281 0.867188 0.269531 0.8726559999999999 0.270312 0.875 0.278125 0.878125 0.285156 0.878906 0.307813 0.876563 0.310156 0.871094 0.310937 0.8648440000000001 0.30468799999999996 0.8617190000000001 0.30625 0.8601559999999999 0.314844 0.8601559999999999 0.317969 0.857812 0.319531 0.854688 0.319531 0.8351559999999999 0.321094 0.81875 0.319531 0.815625 0.317187 0.815625 0.314844 0.8179690000000001
1 0.9195309999999999 0.9351559999999999 0.9046879999999999 0.926562 0.898438 0.925 0.886719 0.9242190000000001 0.878125 0.925781 0.8734379999999999 0.928125 0.8648440000000001 0.9375 0.8625 0.934375 0.8609370000000001 0.926562 0.8585940000000001 0.921875 0.8523440000000001 0.9148440000000001 0.8351559999999999 0.904687 0.8257809999999999 0.9007809999999999 0.8257809999999999 0.90625 0.851562 0.9289059999999999 0.8570309999999999 0.9398440000000001 0.8570309999999999 0.9429690000000001 0.8609370000000001 0.9476559999999999 0.8898440000000001 0.95 0.9203129999999999 0.95 0.9289059999999999 0.949219 0.932813 0.9476559999999999 0.926562 0.940625 0.9195309999999999 0.9351559999999999
1 0.478125 0.798438 0.467187 0.8070309999999999 0.457812 0.821875 0.454688 0.83125 0.452266 0.835234 0.44625000000000004 0.8289059999999999 0.44070299999999996 0.824297 0.434453 0.822031 0.439844 0.8304690000000001 0.446094 0.8382809999999999 0.459375 0.854531 0.46835899999999997 0.8536720000000001 0.473437 0.8429690000000001 0.485938 0.820312 0.49375 0.795312 0.498437 0.788281 0.498437 0.784375 0.489062 0.7875 0.478125 0.798438
1 0.28046899999999997 1 0.282813 0.9914059999999999 0.282813 0.972656 0.279687 0.960938 0.274219 0.9617190000000001 0.269531 0.9757809999999999 0.26640600000000003 0.9789059999999999 0.263281 0.980469 0.242188 0.9835940000000001 0.22031299999999998 0.9945309999999999 0.217969 0.996875 0.217969 1 0.254687 1 0.255469 0.9976559999999999 0.263281 0.996875 0.264062 1 0.28046899999999997 1
1 0.603125 0.8273440000000001 0.591406 0.8375 0.585156 0.840625 0.579688 0.845313 0.577344 0.8492190000000001 0.576562 0.854688 0.574219 0.857812 0.567969 0.8570309999999999 0.560937 0.85 0.557812 0.848437 0.550781 0.848437 0.541406 0.853125 0.528906 0.8625 0.520313 0.871094 0.519531 0.8773440000000001 0.525 0.879687 0.534375 0.878906 0.548438 0.8742190000000001 0.573437 0.86875 0.576562 0.8664059999999999 0.576562 0.8617190000000001 0.579688 0.859375 0.584375 0.8585940000000001 0.586719 0.853125 0.592187 0.8492190000000001 0.594531 0.845313 0.610156 0.8382809999999999 0.615625 0.834375 0.617969 0.8289059999999999 0.615625 0.826562 0.603125 0.8273440000000001
1 0.752344 0.73125 0.753906 0.704688 0.752344 0.701562 0.748437 0.702344 0.746875 0.7 0.740625 0.682031 0.733594 0.670312 0.733594 0.660156 0.732031 0.657813 0.725781 0.669531 0.725 0.675 0.721094 0.685156 0.721094 0.713281 0.723438 0.71875 0.721094 0.730469 0.725781 0.740625 0.727344 0.747656 0.73125 0.749219 0.736719 0.749219 0.742188 0.744531 0.752344 0.73125
1 0.914062 0.11796899999999999 0.9125 0.114062 0.914062 0.096875 0.9164059999999999 0.094531 0.917188 0.090625 0.921875 0.085156 0.9234370000000001 0.080469 0.933594 0.064062 0.9375 0.060937 0.9398440000000001 0.057031 0.939063 0.055469000000000004 0.9351559999999999 0.055469000000000004 0.928125 0.060156 0.926562 0.064062 0.9148440000000001 0.075781 0.910156 0.085156 0.910156 0.0875 0.90625 0.09375 0.9070309999999999 0.104688 0.9046879999999999 0.110937 0.901563 0.10703100000000002 0.9 0.099219 0.895391 0.094609 0.887969 0.085547 0.8773440000000001 0.071875 0.8679690000000001 0.067969 0.851562 0.064062 0.855469 0.065625 0.854687 0.06875 0.859375 0.07421900000000001 0.865625 0.076563 0.8734379999999999 0.083594 0.879687 0.09375 0.886719 0.10078100000000001 0.8875 0.103125 0.895312 0.11171899999999998 0.898438 0.12265600000000002 0.899766 0.127578 0.902891 0.131094 0.9060940000000001 0.131719 0.909141 0.131484 0.9087500000000001 0.131562 0.910469 0.13195300000000001 0.9117190000000001 0.132031 0.9148440000000001 0.12890600000000002 0.914922 0.126172 0.914062 0.12265600000000002 0.914062 0.11796899999999999
2 0.982812 0.124219 0.9789059999999999 0.124219 0.978125 0.12265600000000002 0.9710940000000001 0.120313 0.9539059999999999 0.12265600000000002 0.95 0.124219 0.9476559999999999 0.12734399999999998 0.942187 0.130469 0.939063 0.133594 0.939063 0.135156 0.951562 0.134375 0.957031 0.129688 0.965625 0.12734399999999998 0.996094 0.126562 0.984375 0.125781 0.982812 0.124219