1 0.173437 0.800781 0.20546899999999998 0.799219 0.208594 0.8070309999999999 0.21640600000000002 0.816406 0.220312 0.81875 0.224219 0.81875 0.227344 0.820312 0.232813 0.8195309999999999 0.23125 0.8125 0.22343799999999997 0.800781 0.22109399999999998 0.788281 0.217969 0.786719 0.208594 0.789844 0.198437 0.789062 0.194531 0.791406 0.17578100000000002 0.794531 0.170313 0.7984370000000001 0.170313 0.8 0.173437 0.800781
2 0.35156200000000004 0.582031 0.357812 0.575781 0.360938 0.56875 0.364844 0.565625 0.366406 0.557031 0.365625 0.552344 0.36015600000000003 0.552344 0.357812 0.553906 0.342187 0.575781 0.345313 0.584375 0.347656 0.584375 0.35156200000000004 0.582031
1 0.517656 1 0.520312 0.991719 0.519531 0.9835940000000001 0.52125 0.977813 0.524609 0.971875 0.525781 0.967187 0.527578 0.9621090000000001 0.527266 0.9563280000000001 0.527344 0.951562 0.529687 0.9476559999999999 0.529687 0.940625 0.528125 0.939063 0.516406 0.9382809999999999 0.510938 0.9351559999999999 0.503125 0.933594 0.486719 0.925 0.478125 0.925781 0.477344 0.928125 0.48359399999999997 0.939063 0.497656 0.953125 0.50625 0.9523440000000001 0.510156 0.9507809999999999 0.522656 0.951562 0.521094 0.9539059999999999 0.521094 0.9617190000000001 0.5193749999999999 0.9685940000000001 0.517188 0.9757809999999999 0.515625 0.978125 0.515156 0.982734 0.516016 0.986406 0.514219 1 0.517656 1
1 0.510938 0.8195309999999999 0.538281 0.8304690000000001 0.551562 0.83125 0.554688 0.8296870000000001 0.560937 0.8296870000000001 0.564063 0.83125 0.566406 0.834375 0.564844 0.840625 0.564844 0.8539059999999999 0.567969 0.863281 0.572656 0.871875 0.584375 0.882812 0.602344 0.895312 0.621875 0.903125 0.625781 0.902344 0.623437 0.895312 0.61875 0.8890629999999999 0.596094 0.865625 0.5875 0.854687 0.577344 0.8382809999999999 0.578125 0.832813 0.575781 0.8296870000000001 0.572656 0.8289059999999999 0.567969 0.825 0.546875 0.825 0.53125 0.8195309999999999 0.525781 0.815625 0.521094 0.8140620000000001 0.514062 0.8140620000000001 0.507031 0.8179690000000001 0.508594 0.8195309999999999 0.510938 0.8195309999999999
1 0.635156 0.789844 0.63125 0.776562 0.629687 0.775 0.630469 0.761719 0.628906 0.748437 0.627344 0.744531 0.627344 0.736719 0.63125 0.732031 0.628906 0.728125 0.627344 0.7 0.625 0.692188 0.622656 0.691406 0.620313 0.701562 0.61875 0.703125 0.61875 0.70625 0.614844 0.714844 0.614844 0.759375 0.616406 0.765625 0.620313 0.771875 0.620313 0.774219 0.615625 0.785156 0.6125 0.796875 0.611719 0.8273440000000001 0.614062 0.8523440000000001 0.617188 0.8617190000000001 0.622656 0.86875 0.629687 0.8742190000000001 0.632812 0.8742190000000001 0.635156 0.871875 0.635156 0.789844
1 0.9429690000000001 0.075781 0.9476559999999999 0.07656199999999999 0.951562 0.06875 0.957812 0.0625 0.964844 0.061719 0.96875 0.058594 0.9695309999999999 0.051562 0.967187 0.049219 0.959375 0.046094 0.949219 0.046875 0.9476559999999999 0.048437999999999995 0.948438 0.053125 0.945312 0.060156 0.939063 0.065625 0.9382809999999999 0.06875 0.93125 0.075781 0.928125 0.08125 0.9320309999999999 0.082812 0.9429690000000001 0.075781
1 0.639844 0.964844 0.649219 0.948438 0.649219 0.941406 0.650781 0.9382809999999999 0.658594 0.9398440000000001 0.674219 0.9398440000000001 0.68125 0.9359379999999999 0.682031 0.93125 0.680469 0.9273440000000001 0.671875 0.9242190000000001 0.658594 0.9226559999999999 0.642969 0.915625 0.640625 0.9164059999999999 0.6375 0.921875 0.6375 0.9460940000000001 0.630469 0.9601559999999999 0.622656 0.96875 0.622656 0.971875 0.635156 0.9679690000000001 0.639844 0.964844
2 0.679688 0.854687 0.679688 0.86875 0.68125 0.8757809999999999 0.683594 0.878125 0.689063 0.8921870000000001 0.707812 0.9125 0.717969 0.9210940000000001 0.725 0.925 0.732031 0.93125 0.733594 0.93125 0.735156 0.929688 0.733594 0.9226559999999999 0.713281 0.89375 0.702344 0.8742190000000001 0.690625 0.848438 0.689844 0.8421879999999999 0.685156 0.8429690000000001 0.68125 0.8492190000000001 0.679688 0.854687
1 0.981484 0.7920309999999999 0.988984 0.7788280000000001 0.99125 0.791016 0.995937 0.814531 0.9969530000000001 0.804062 0.9998440000000001 0.7875 0.9976559999999999 0.7796879999999999 0.996094 0.775 0.996875 0.771094 0.990625 0.7625 0.982812 0.763281 0.9820309999999999 0.771094 0.979688 0.775781 0.9617190000000001 0.79375 0.959375 0.7984370000000001 0.9601559999999999 0.801563 0.964063 0.801563 0.981484 0.7920309999999999
1 0.910937 0.700781 0.90625 0.714062 0.896875 0.723438 0.8936719999999999 0.726094 0.890938 0.731094 0.894531 0.728906 0.9007809999999999 0.728906 0.904687 0.726953 0.9070309999999999 0.724219 0.909375 0.721875 0.9164059999999999 0.719531 0.9210940000000001 0.727344 0.9273440000000001 0.734375 0.933594 0.739063 0.9382809999999999 0.745312 0.94375 0.748437 0.951562 0.75 0.951562 0.742969 0.940625 0.725 0.9304690000000001 0.704688 0.920312 0.688281 0.9164059999999999 0.685156 0.9132809999999999 0.685937 0.910156 0.689063 0.910937 0.700781
1 0.8273440000000001 0.696875 0.8304690000000001 0.698437 0.8375 0.707031 0.8429690000000001 0.709375 0.851562 0.709375 0.8625 0.70625 0.8648440000000001 0.709375 0.8625 0.747656 0.860938 0.750781 0.859375 0.767969 0.8601559999999999 0.778125 0.8617190000000001 0.780469 0.865625 0.771094 0.865625 0.7671870000000001 0.870313 0.752344 0.871094 0.707813 0.8695309999999999 0.702344 0.8617190000000001 0.696094 0.85 0.695312 0.828125 0.689844 0.826562 0.692969 0.8273440000000001 0.696875
1 0.9 0.663281 0.902344 0.655469 0.902344 0.644531 0.904687 0.639062 0.9054690000000001 0.629688 0.9132809999999999 0.60625 0.9132809999999999 0.601562 0.9070309999999999 0.589844 0.904687 0.578906 0.9 0.58125 0.8960940000000001 0.58125 0.897344 0.5886720000000001 0.887187 0.599844 0.8972659999999999 0.600859 0.890625 0.648438 0.889062 0.658594 0.8898440000000001 0.671875 0.8875 0.673438 0.8882809999999999 0.675 0.895312 0.672656 0.9 0.663281
1 0.314844 0.704688 0.32031200000000004 0.694531 0.322656 0.685937 0.32890600000000003 0.675 0.33125 0.666406 0.33593799999999996 0.664062 0.339844 0.658594 0.338281 0.654687 0.338281 0.646094 0.334375 0.639844 0.328125 0.646875 0.325 0.659375 0.317969 0.674219 0.31328100000000003 0.680469 0.310937 0.686719 0.305469 0.692188 0.307031 0.696875 0.305469 0.701562 0.30625 0.707813 0.310937 0.707813 0.314844 0.704688
1 0.30468799999999996 0.8875 0.309375 0.8875 0.31171899999999997 0.8898440000000001 0.317969 0.903125 0.32031200000000004 0.902344 0.32343700000000003 0.898438 0.32343700000000003 0.8914059999999999 0.321875 0.8882809999999999 0.325 0.8804690000000001 0.325 0.8773440000000001 0.330469 0.8742190000000001 0.332031 0.865625 0.335156 0.859375 0.335156 0.854687 0.33125 0.8539059999999999 0.321875 0.8578129999999999 0.30468799999999996 0.878906 0.296875 0.8835940000000001 0.282813 0.8882809999999999 0.279687 0.8882809999999999 0.278125 0.8929690000000001 0.28906200000000004 0.8929690000000001 0.30468799999999996 0.8875
1 0.38125 0.48359399999999997 0.38281200000000004 0.48359399999999997 0.38593700000000003 0.4875 0.388281 0.494531 0.392969 0.49375 0.396875 0.489062 0.39843799999999996 0.48359399999999997 0.396094 0.475781 0.396875 0.466406 0.392969 0.464063 0.390625 0.464844 0.37421899999999997 0.478125 0.361719 0.484375 0.355469 0.489062 0.34453100000000003 0.49375 0.345313 0.496875 0.36015600000000003 0.494531 0.38125 0.48359399999999997
1 0.719531 0.36875 0.724219 0.377344 0.734375 0.3875 0.746875 0.396094 0.748437 0.399219 0.755469 0.400781 0.763281 0.404687 0.759375 0.407813 0.758594 0.411719 0.746094 0.423438 0.742188 0.434375 0.741406 0.441406 0.742188 0.44531200000000004 0.74375 0.446875 0.746875 0.444531 0.7501559999999999 0.436797 0.753125 0.46093799999999996 0.758594 0.473437 0.765625 0.48359399999999997 0.767969 0.48515600000000003 0.769531 0.482812 0.769531 0.46953100000000003 0.764844 0.44375 0.766406 0.424219 0.771875 0.410937 0.784375 0.396094 0.780469 0.394531 0.778125 0.38984399999999997 0.771094 0.38281200000000004 0.767188 0.38125 0.75 0.36875 0.729688 0.35859399999999997 0.71875 0.357031 0.717969 0.3625 0.719531 0.36875
1 1 0.23203100000000002 0.992188 0.227344 0.96875 0.20625 0.957812 0.198438 0.949219 0.188281 0.942187 0.1875 0.939063 0.19140600000000002 0.9367190000000001 0.189063 0.925 0.18984399999999998 0.9085940000000001 0.19375 0.892188 0.194531 0.879687 0.198438 0.870313 0.198438 0.8648440000000001 0.2 0.8648440000000001 0.202344 0.86875 0.20625 0.8820309999999999 0.20625 0.925 0.203125 0.9320309999999999 0.20156200000000002 0.939063 0.196875 0.941406 0.19921899999999998 0.941406 0.20781200000000002 0.94375 0.21484399999999998 0.9554690000000001 0.227344 0.9625 0.23203100000000002 0.978125 0.23906200000000002 1 0.24375 1 0.23203100000000002
1 0.420312 0.353125 0.420312 0.354688 0.41093799999999997 0.365625 0.420312 0.365625 0.419531 0.361719 0.421875 0.359375 0.430469 0.35625 0.43281200000000003 0.353125 0.435937 0.352344 0.4375 0.353906 0.43828100000000003 0.378125 0.444531 0.413281 0.451562 0.433594 0.455469 0.43671899999999997 0.458594 0.432031 0.458594 0.399219 0.46093799999999996 0.373437 0.46093799999999996 0.357031 0.459375 0.340625 0.457031 0.332812 0.457031 0.321875 0.45625 0.32031200000000004 0.450781 0.32031200000000004 0.439844 0.335156 0.420312 0.353125
1 0.585156 0.332812 0.582812 0.333594 0.567969 0.347656 0.558594 0.353125 0.553906 0.357812 0.555469 0.359375 0.559375 0.36015600000000003 0.56875 0.35859399999999997 0.583594 0.345313 0.586719 0.348437 0.5875 0.361719 0.590625 0.369531 0.59375 0.373437 0.595313 0.38125 0.603906 0.392188 0.607031 0.394531 0.611719 0.39375 0.6125 0.37578100000000003 0.619531 0.357031 0.619531 0.340625 0.607812 0.323438 0.604688 0.321094 0.602344 0.321094 0.590625 0.326562 0.585156 0.332812
1 0.615625 0.3125 0.629687 0.309375 0.651563 0.307031 0.660156 0.303125 0.664062 0.303125 0.671094 0.300781 0.675781 0.296875 0.677344 0.29375 0.678906 0.29375 0.680469 0.295312 0.680469 0.310937 0.678906 0.314844 0.685937 0.315625 0.685937 0.308594 0.6875 0.30468799999999996 0.686719 0.29375 0.690625 0.283594 0.688281 0.274219 0.685156 0.270312 0.683594 0.272656 0.677344 0.275 0.670312 0.28046899999999997 0.657813 0.2875 0.648438 0.289844 0.639062 0.29609399999999997 0.633594 0.296875 0.621875 0.302344 0.608594 0.30625 0.608594 0.310937 0.610938 0.3125 0.615625 0.3125