1 0.8570309999999999 0.371875 0.851562 0.372656 0.8375 0.378906 0.828125 0.384375 0.821875 0.390625 0.8117190000000001 0.397656 0.8054690000000001 0.397656 0.796094 0.39531299999999997 0.785156 0.39531299999999997 0.764844 0.397656 0.752344 0.403125 0.75 0.403125 0.732031 0.4125 0.721875 0.414844 0.716406 0.41406200000000004 0.714062 0.416406 0.70625 0.41718700000000003 0.699219 0.419531 0.698437 0.424219 0.7125 0.430469 0.741406 0.43125 0.765625 0.428125 0.808594 0.416406 0.81875 0.408594 0.8296870000000001 0.404687 0.834375 0.400781 0.8351559999999999 0.397656 0.839062 0.392188 0.8421879999999999 0.38984399999999997 0.848438 0.389062 0.8617190000000001 0.37578100000000003 0.8664059999999999 0.37421899999999997 0.86875 0.371875 0.870312 0.36718799999999996 0.8648440000000001 0.366406 0.8601559999999999 0.367969 0.8570309999999999 0.371875
1 0.669531 0.146094 0.654687 0.167187 0.646094 0.172656 0.64375 0.178906 0.642969 0.194531 0.644531 0.2 0.65625 0.21484399999999998 0.661719 0.217188 0.667969 0.217188 0.671094 0.213281 0.670312 0.20781299999999997 0.667187 0.202344 0.665625 0.192969 0.667969 0.173437 0.672656 0.1625 0.672656 0.15859399999999998 0.675781 0.154688 0.679688 0.14296899999999998 0.677344 0.139063 0.673438 0.139063 0.671094 0.141406 0.669531 0.146094
1 1 0.155469 0.9945309999999999 0.15625 0.9929690000000001 0.160938 0.990625 0.163281 0.984375 0.161719 0.964844 0.161719 0.945312 0.165625 0.925 0.173437 0.9226559999999999 0.17578100000000002 0.9226559999999999 0.178906 0.926562 0.182812 0.9351559999999999 0.184375 0.96875 0.182812 0.990625 0.184375 0.9945309999999999 0.182031 0.998437 0.176563 1 0.176563 1 0.155469
1 0.660156 0.8179690000000001 0.654687 0.832031 0.655469 0.8429690000000001 0.667187 0.8648440000000001 0.671094 0.8757809999999999 0.673438 0.903125 0.678125 0.898438 0.685937 0.88125 0.6875 0.86875 0.689844 0.8648440000000001 0.688281 0.851562 0.690625 0.845313 0.685156 0.839063 0.683594 0.826562 0.689844 0.81875 0.689844 0.814063 0.675781 0.816406 0.665625 0.815625 0.660156 0.8179690000000001
1 0.789844 0.817187 0.7828120000000001 0.8273440000000001 0.78125 0.8335940000000001 0.777344 0.840625 0.776562 0.851562 0.778125 0.8585940000000001 0.771094 0.8679690000000001 0.76875 0.873437 0.767969 0.8929690000000001 0.771875 0.910937 0.7796879999999999 0.925781 0.789844 0.9351559999999999 0.792969 0.935937 0.799219 0.940625 0.803125 0.941406 0.80625 0.939063 0.8070309999999999 0.9351559999999999 0.80625 0.923438 0.803125 0.915625 0.789062 0.892188 0.7875 0.8851559999999999 0.788281 0.871094 0.783594 0.857812 0.785938 0.8539059999999999 0.7875 0.8539059999999999 0.785938 0.8507809999999999 0.785938 0.846875 0.789062 0.8429690000000001 0.791406 0.8289059999999999 0.796875 0.816406 0.796875 0.8125 0.794531 0.808594 0.792969 0.8117190000000001 0.789844 0.814063 0.789844 0.817187
2 0.482812 0.030469000000000003 0.485938 0.034375 0.486719 0.042969 0.49218799999999996 0.061719 0.49218799999999996 0.071875 0.489844 0.079687 0.489844 0.092188 0.491406 0.092188 0.494531 0.08984400000000001 0.494531 0.086719 0.500781 0.070312 0.500781 0.054688 0.492969 0.035937000000000004 0.488281 0.032812999999999995 0.488281 0.029687 0.486719 0.027344 0.482812 0.027344 0.479688 0.021875 0.478125 0.021875 0.47656200000000004 0.025781 0.478125 0.029687 0.482812 0.030469000000000003
2 0.9375 0.859375 0.94375 0.878125 0.948438 0.9085940000000001 0.9507809999999999 0.9132809999999999 0.9554690000000001 0.9132809999999999 0.9585940000000001 0.902344 0.957812 0.8617190000000001 0.95625 0.8523440000000001 0.953125 0.8445309999999999 0.9476559999999999 0.8382809999999999 0.9445309999999999 0.8304690000000001 0.941406 0.8273440000000001 0.939063 0.821875 0.9367190000000001 0.825 0.9351559999999999 0.832031 0.9375 0.859375
2 0.215625 0.471094 0.21406299999999998 0.475781 0.21406299999999998 0.48359399999999997 0.2125 0.485938 0.2125 0.494531 0.21718700000000002 0.49375 0.22265600000000002 0.4875 0.22343700000000002 0.48125 0.228906 0.467187 0.228906 0.463281 0.23125 0.459375 0.23125 0.451562 0.228906 0.446875 0.21875 0.455469 0.215625 0.461719 0.215625 0.471094
1 0.548438 0.523438 0.54375 0.530469 0.539844 0.530469 0.5375 0.532031 0.511719 0.532031 0.502344 0.534375 0.497656 0.540625 0.496875 0.544531 0.49375 0.547656 0.49218799999999996 0.553906 0.485938 0.565625 0.484375 0.572656 0.478906 0.584375 0.475781 0.6 0.47656200000000004 0.615625 0.480469 0.621875 0.478125 0.635938 0.472656 0.646875 0.46953100000000003 0.657813 0.461719 0.673438 0.45390600000000003 0.69375 0.450781 0.709375 0.444531 0.724219 0.440625 0.739062 0.439844 0.746875 0.43671899999999997 0.755469 0.42968799999999996 0.8039059999999999 0.42968799999999996 0.8289059999999999 0.43125 0.834375 0.435156 0.8375 0.439844 0.8375 0.444531 0.83125 0.454688 0.8054690000000001 0.465625 0.76875 0.466406 0.761719 0.470313 0.748437 0.474219 0.721094 0.472656 0.697656 0.477344 0.667188 0.480469 0.660156 0.48125 0.653125 0.484375 0.645312 0.4875 0.628125 0.490625 0.623437 0.495313 0.621875 0.49921899999999997 0.61875 0.501563 0.6125 0.504688 0.609375 0.50625 0.609375 0.516406 0.592187 0.51875 0.580469 0.522656 0.578906 0.530469 0.567969 0.53125 0.564844 0.542187 0.551562 0.547656 0.542188 0.55 0.533594 0.553906 0.530469 0.554688 0.523438 0.557031 0.522656 0.557031 0.521094 0.553906 0.521094 0.550781 0.523438 0.548438 0.523438
1 0.519531 0.776563 0.522656 0.790625 0.528125 0.800781 0.539062 0.8101559999999999 0.528906 0.8445309999999999 0.528906 0.8523440000000001 0.533594 0.8523440000000001 0.5375 0.842187 0.538281 0.8367190000000001 0.541406 0.8304690000000001 0.54375 0.8195309999999999 0.55 0.8070309999999999 0.55 0.801562 0.545312 0.799219 0.541406 0.795312 0.532031 0.773438 0.528125 0.755469 0.525 0.752344 0.521094 0.757031 0.519531 0.766406 0.519531 0.776563
1 0.549219 0.482031 0.5625 0.490625 0.567188 0.491406 0.569531 0.49375 0.567969 0.503906 0.56875 0.510938 0.571875 0.517969 0.585156 0.5375 0.594531 0.546875 0.6 0.549219 0.6 0.540625 0.586719 0.501563 0.585938 0.494531 0.582813 0.489844 0.576562 0.484375 0.566406 0.482031 0.561719 0.478906 0.558594 0.474219 0.554219 0.47171900000000005 0.548438 0.470313 0.539062 0.4625 0.534375 0.4625 0.535938 0.467187 0.541406 0.475 0.549219 0.482031
2 0.878906 0.941406 0.88125 0.9554690000000001 0.8851559999999999 0.9632809999999999 0.8890629999999999 0.965625 0.8914059999999999 0.964063 0.89375 0.957031 0.89375 0.9398440000000001 0.8921870000000001 0.9351559999999999 0.8851559999999999 0.925 0.8820309999999999 0.9148440000000001 0.879687 0.914062 0.8757809999999999 0.9164059999999999 0.8804690000000001 0.928125 0.878906 0.941406
2 0.8570309999999999 0.780469 0.8585940000000001 0.780469 0.867188 0.7875 0.8757809999999999 0.789844 0.8765620000000001 0.791406 0.878125 0.790625 0.878906 0.786719 0.8757809999999999 0.782031 0.870312 0.776563 0.864063 0.772656 0.8585940000000001 0.766406 0.85 0.761719 0.846875 0.761719 0.8414059999999999 0.767969 0.8414059999999999 0.772656 0.8492190000000001 0.772656 0.8570309999999999 0.780469
2 0.8609370000000001 0.638281 0.8609370000000001 0.645312 0.8648440000000001 0.652344 0.871875 0.657031 0.886719 0.6625 0.894531 0.667188 0.9054690000000001 0.667188 0.90625 0.661719 0.903125 0.655469 0.9 0.652344 0.896875 0.652344 0.8921870000000001 0.647656 0.890625 0.64375 0.8835940000000001 0.636719 0.8734379999999999 0.621094 0.86875 0.621875 0.8648440000000001 0.627344 0.864063 0.632031 0.8609370000000001 0.638281