1 0.157813 0.246875 0.164844 0.253125 0.173438 0.26640600000000003 0.176562 0.275 0.180469 0.28046899999999997 0.188281 0.286719 0.20078100000000002 0.2875 0.20468799999999998 0.29218700000000003 0.2125 0.29765600000000003 0.21718700000000002 0.299219 0.227344 0.3 0.2375 0.299219 0.267969 0.28593799999999997 0.277344 0.279687 0.275781 0.27656200000000003 0.27343799999999996 0.275781 0.263281 0.275781 0.257031 0.274219 0.246875 0.275 0.240625 0.27031299999999997 0.23593799999999998 0.271094 0.23281200000000002 0.27343799999999996 0.21640600000000002 0.275781 0.213281 0.272656 0.211719 0.2625 0.208594 0.255469 0.2 0.24765600000000002 0.192969 0.24375 0.18515600000000002 0.241406 0.171875 0.233594 0.157031 0.228125 0.145312 0.228125 0.145312 0.233594 0.15625 0.242969 0.157813 0.246875
2 0.9164059999999999 0.689844 0.925781 0.69375 0.948438 0.69375 0.95625 0.688281 0.9625 0.685937 0.9664059999999999 0.68125 0.964063 0.679688 0.9273440000000001 0.680469 0.9164059999999999 0.689844
2 0.9359379999999999 0.665625 0.9359379999999999 0.670312 0.9375 0.671875 0.9507809999999999 0.671875 0.959375 0.670312 0.971875 0.670312 0.978125 0.66875 0.979687 0.665625 0.970313 0.663281 0.946875 0.663281 0.9359379999999999 0.665625
1 0.9273440000000001 0.860938 0.9273440000000001 0.8648440000000001 0.934375 0.8679690000000001 0.9398440000000001 0.8726559999999999 0.941406 0.876563 0.9507809999999999 0.889062 0.9679690000000001 0.9070309999999999 0.982812 0.9164059999999999 0.988281 0.9164059999999999 0.989063 0.9117190000000001 0.9859370000000001 0.8992190000000001 0.980469 0.8875 0.9710940000000001 0.8726559999999999 0.9507809999999999 0.853125 0.9429690000000001 0.8492190000000001 0.9375 0.8492190000000001 0.9351559999999999 0.851562 0.933594 0.857812 0.9273440000000001 0.860938
1 0.653906 0.864062 0.654687 0.86875 0.658594 0.875 0.6625 0.885938 0.665625 0.8898440000000001 0.667187 0.8960940000000001 0.671094 0.902344 0.675 0.9125 0.700781 0.942187 0.705469 0.9429690000000001 0.708594 0.939063 0.707813 0.907813 0.703125 0.8914059999999999 0.696094 0.8742190000000001 0.689063 0.8617190000000001 0.690625 0.8585940000000001 0.694531 0.857812 0.702344 0.8507809999999999 0.702344 0.8445309999999999 0.691406 0.845313 0.685156 0.847656 0.66875 0.847656 0.661719 0.8507809999999999 0.657031 0.855469 0.653906 0.864062
1 0.45234399999999997 0.810937 0.459375 0.8148440000000001 0.464063 0.821875 0.459375 0.832031 0.458594 0.8429690000000001 0.460156 0.8570309999999999 0.464844 0.871094 0.467187 0.8835940000000001 0.478125 0.910156 0.48359399999999997 0.9195309999999999 0.490625 0.928125 0.49375 0.9304690000000001 0.498437 0.93125 0.5 0.928125 0.501563 0.9132809999999999 0.500781 0.8882809999999999 0.486719 0.845313 0.48125 0.8335940000000001 0.48125 0.825 0.47656200000000004 0.8179690000000001 0.465625 0.8125 0.464844 0.799219 0.463281 0.79375 0.448438 0.765625 0.442969 0.763281 0.442187 0.772656 0.446875 0.801562 0.45234399999999997 0.810937
0 0.584375 0.560156 0.582031 0.560937 0.550781 0.596875 0.534375 0.6125 0.527344 0.617188 0.51875 0.626563 0.517969 0.63125 0.525781 0.6375 0.529687 0.642188 0.529687 0.64375 0.525 0.65 0.524219 0.660937 0.521094 0.671875 0.517969 0.689844 0.515625 0.692969 0.516406 0.711719 0.513281 0.733594 0.513281 0.744531 0.514844 0.746094 0.517969 0.746875 0.521875 0.740625 0.529687 0.714844 0.535938 0.705469 0.535938 0.701562 0.54375 0.682813 0.54375 0.675781 0.540625 0.660937 0.5375 0.655469 0.532813 0.653906 0.546875 0.647656 0.553125 0.641406 0.558594 0.630469 0.578125 0.614062 0.594531 0.590625 0.607812 0.560937 0.611719 0.546875 0.611719 0.542188 0.609375 0.539844 0.60625 0.539844 0.601562 0.542969 0.584375 0.560156
1 0.613281 0.484375 0.61875 0.48906299999999997 0.620312 0.494531 0.63125 0.498437 0.647656 0.49921899999999997 0.671094 0.494531 0.670312 0.489844 0.636719 0.485938 0.629688 0.48125 0.628125 0.478125 0.627344 0.470313 0.623437 0.470313 0.6125 0.474219 0.603125 0.472656 0.601562 0.475781 0.601562 0.478906 0.603906 0.48125 0.613281 0.484375
1 0.601562 0.365625 0.614063 0.378906 0.614844 0.38125 0.624219 0.390625 0.630469 0.39531299999999997 0.632812 0.39531299999999997 0.635156 0.39140600000000003 0.635156 0.388281 0.63125 0.378906 0.613281 0.353906 0.604687 0.345313 0.607031 0.33593799999999996 0.607812 0.321094 0.603125 0.321094 0.596094 0.341406 0.596094 0.35625 0.601562 0.365625
0 0.578125 0.330469 0.575781 0.33906200000000003 0.575781 0.35 0.578125 0.36015600000000003 0.579688 0.361719 0.585156 0.36015600000000003 0.592187 0.346094 0.592187 0.334375 0.599219 0.330469 0.596094 0.325781 0.588281 0.321875 0.589062 0.31875 0.596875 0.31171899999999997 0.599219 0.307031 0.600781 0.294531 0.597656 0.29218700000000003 0.589062 0.29375 0.577344 0.31328100000000003 0.578125 0.330469
1 0.410937 0.067187 0.40546899999999997 0.075 0.404687 0.078125 0.397656 0.082812 0.397656 0.089063 0.400781 0.092969 0.402344 0.09765599999999999 0.402344 0.108594 0.40703100000000003 0.11484399999999999 0.4125 0.114062 0.415625 0.103125 0.414844 0.088281 0.410937 0.083594 0.410937 0.08125 0.423438 0.072656 0.426562 0.06875 0.426562 0.054688 0.425 0.052344 0.42265600000000003 0.052344 0.410937 0.064062 0.410937 0.067187
0 0.353125 0.23203100000000002 0.35859399999999997 0.249219 0.36875 0.258594 0.36875 0.264062 0.364844 0.275 0.364844 0.28593799999999997 0.367969 0.30625 0.388281 0.34375 0.40625 0.366406 0.4125 0.37031200000000003 0.415625 0.366406 0.41875 0.32890600000000003 0.413281 0.299219 0.409375 0.2875 0.396875 0.26484399999999997 0.388281 0.258594 0.3875 0.255469 0.383594 0.25078100000000003 0.377344 0.25 0.37578100000000003 0.248438 0.375 0.235156 0.371875 0.224219 0.35625 0.20546899999999998 0.349219 0.203125 0.348437 0.213281 0.35156200000000004 0.219531 0.353125 0.23203100000000002
0 0.240625 0.15625 0.225 0.159375 0.21875 0.15234399999999998 0.21718700000000002 0.146875 0.210156 0.146094 0.208594 0.14843800000000001 0.20468799999999998 0.14843800000000001 0.203906 0.151562 0.20625 0.15234399999999998 0.210938 0.157031 0.208594 0.161719 0.188281 0.160938 0.166406 0.164844 0.14375 0.173437 0.141406 0.17578100000000002 0.141406 0.178906 0.146094 0.182812 0.15234399999999998 0.184375 0.18984399999999998 0.18359399999999998 0.209375 0.18515600000000002 0.2125 0.184375 0.217969 0.177344 0.224219 0.171875 0.23828100000000002 0.171094 0.28203100000000003 0.173437 0.288281 0.171094 0.28906200000000004 0.16796899999999998 0.2875 0.165625 0.253906 0.157031 0.240625 0.15625
1 0.279687 0.157031 0.282813 0.1625 0.291406 0.159375 0.315625 0.160938 0.319531 0.159375 0.319531 0.157031 0.307031 0.150781 0.29609399999999997 0.15 0.286719 0.151562 0.279687 0.14296899999999998 0.275781 0.140625 0.26484399999999997 0.1375 0.254687 0.13671899999999998 0.251563 0.140625 0.25 0.146875 0.257031 0.15 0.279687 0.157031
1 0.959375 0.514844 0.9398440000000001 0.525 0.9304690000000001 0.532813 0.93125 0.546875 0.945312 0.553125 0.9507809999999999 0.557813 0.953125 0.557031 0.953125 0.552344 0.946875 0.548438 0.946875 0.545312 0.95 0.54375 0.957812 0.542969 0.9757809999999999 0.53125 0.9835940000000001 0.521094 0.99375 0.510938 0.9976559999999999 0.501563 0.9929690000000001 0.501563 0.9859370000000001 0.50625 0.959375 0.514844
1 0.164844 0.290625 0.16953100000000002 0.299219 0.171875 0.30156299999999997 0.178906 0.303906 0.182031 0.30625 0.182813 0.310937 0.188281 0.314063 0.182813 0.32343700000000003 0.182031 0.334375 0.185937 0.34375 0.189063 0.346875 0.196875 0.350781 0.197656 0.353125 0.194531 0.360938 0.196094 0.365625 0.2 0.36875 0.21484399999999998 0.3875 0.221875 0.394531 0.23203100000000002 0.402344 0.240625 0.404687 0.242188 0.40156200000000003 0.242188 0.384375 0.23906200000000002 0.36718799999999996 0.23593799999999998 0.359375 0.235156 0.353125 0.225 0.33593799999999996 0.208594 0.31718799999999997 0.202344 0.314844 0.192187 0.314063 0.18984399999999998 0.3125 0.18984399999999998 0.310156 0.18359399999999998 0.303125 0.184375 0.289844 0.18125 0.28593799999999997 0.15859399999999998 0.272656 0.15625 0.27343799999999996 0.155469 0.275781 0.15859399999999998 0.282813 0.164844 0.290625
1 0 0.42265600000000003 0.0078119999999999995 0.421875 0.027344 0.416406 0.0375 0.410156 0.045312000000000005 0.407813 0.054688 0.399219 0.059375 0.392969 0.067969 0.389062 0.08125 0.37578100000000003 0.086719 0.373437 0.08984400000000001 0.36875 0.090625 0.364844 0.085156 0.364844 0.073438 0.371875 0.060937 0.37578100000000003 0.036719 0.39140600000000003 0.003125 0.35859399999999997 0 0.35859399999999997 0 0.42265600000000003
1 0.041406 0.592187 0.046094 0.600781 0.060156 0.615625 0.067187 0.617188 0.08203099999999999 0.617188 0.085938 0.619531 0.08203099999999999 0.627344 0.07968800000000001 0.642969 0.08125 0.649219 0.085938 0.653906 0.113281 0.667188 0.124219 0.667188 0.125 0.6625 0.12265600000000002 0.65625 0.11953100000000001 0.652344 0.115625 0.653125 0.1125 0.65 0.11093800000000001 0.642188 0.10781199999999999 0.641406 0.10234399999999999 0.636719 0.094531 0.623437 0.09531300000000001 0.600781 0.096094 0.6 0.1 0.603125 0.10078100000000001 0.595313 0.096094 0.595313 0.091406 0.590625 0.078906 0.571094 0.067969 0.560156 0.06406300000000001 0.553906 0.050781 0.539844 0.033594 0.525781 0.029687 0.527344 0.028905999999999998 0.530469 0.035156 0.569531 0.041406 0.592187
1 0.21718700000000002 0.47343799999999997 0.208594 0.494531 0.20625 0.507812 0.20781200000000002 0.548438 0.2125 0.559375 0.215625 0.560937 0.2125 0.578125 0.213281 0.589063 0.21484399999999998 0.592187 0.215625 0.6125 0.21718700000000002 0.616406 0.21640600000000002 0.627344 0.22031299999999998 0.629687 0.221875 0.628125 0.225 0.6125 0.226562 0.595313 0.228125 0.590625 0.227344 0.563281 0.22968799999999998 0.557031 0.235156 0.551562 0.24375 0.5375 0.249219 0.521094 0.24843700000000002 0.485938 0.244531 0.470313 0.233594 0.44843700000000003 0.228906 0.44375 0.225781 0.442969 0.22109399999999998 0.44531200000000004 0.219531 0.449219 0.21718700000000002 0.47343799999999997
1 0.182031 0.751563 0.175 0.757812 0.155469 0.784375 0.149219 0.797656 0.15234399999999998 0.824219 0.154687 0.832812 0.157031 0.863281 0.1625 0.876563 0.166406 0.9039059999999999 0.16953100000000002 0.9132809999999999 0.175 0.9125 0.177344 0.902344 0.176562 0.864062 0.171875 0.845313 0.165625 0.8375 0.161719 0.8273440000000001 0.159375 0.809375 0.16406199999999999 0.8070309999999999 0.16796899999999998 0.8023440000000001 0.17421899999999998 0.799219 0.185937 0.797656 0.192969 0.795312 0.198438 0.790625 0.20703100000000002 0.785937 0.213281 0.779687 0.219531 0.767188 0.22343700000000002 0.755469 0.225 0.742188 0.226562 0.738281 0.225781 0.70625 0.22343700000000002 0.703125 0.21640600000000002 0.703906 0.203125 0.717969 0.182031 0.751563
1 0.09218699999999999 0.788281 0.09375 0.7875 0.092969 0.782813 0.08984400000000001 0.78125 0.086719 0.777344 0.08203099999999999 0.776563 0.080469 0.775 0.08125 0.773438 0.088281 0.774219 0.094531 0.778125 0.1125 0.784375 0.115625 0.782813 0.124219 0.773438 0.130469 0.770312 0.135938 0.763281 0.134375 0.758594 0.120313 0.752344 0.096094 0.746875 0.08125 0.746094 0.077344 0.746875 0.070312 0.752344 0.071094 0.763281 0.067969 0.766406 0.06875 0.771094 0.075781 0.778125 0.09218699999999999 0.788281
1 0.369531 0.860938 0.360938 0.864062 0.357031 0.870313 0.348437 0.878906 0.348437 0.882812 0.35 0.885938 0.353906 0.8898440000000001 0.359375 0.8898440000000001 0.365625 0.886719 0.373437 0.879687 0.38125 0.8773440000000001 0.396094 0.865625 0.396094 0.860938 0.392188 0.859375 0.38281200000000004 0.8585940000000001 0.369531 0.860938
1 0.583594 1 0.583594 0.9976559999999999 0.58125 0.995313 0.582031 0.99375 0.596875 0.99375 0.605469 0.9898440000000001 0.605469 0.985938 0.599219 0.9851559999999999 0.596875 0.9835940000000001 0.582813 0.984375 0.577344 0.980469 0.576562 0.970313 0.567969 0.970313 0.565625 0.96875 0.560156 0.96875 0.559375 0.970313 0.559375 0.9757809999999999 0.560937 0.9789059999999999 0.557031 0.9945309999999999 0.557031 1 0.575781 1 0.576562 0.9976559999999999 0.577344 1 0.583594 1
1 0.294531 0 0.294531 0.0015630000000000002 0.285937 0.009375 0.271094 0.03125 0.25625 0.057813 0.249219 0.092188 0.246875 0.095312 0.251563 0.11171899999999998 0.25625 0.110156 0.267188 0.067969 0.269531 0.064844 0.275 0.0625 0.28125 0.054688 0.292188 0.032031 0.298438 0.021875 0.299219 0.017969 0.303125 0.0125 0.303125 0 0.294531 0
1 0.83125 0.110937 0.832813 0.130469 0.834375 0.135156 0.8335940000000001 0.139844 0.835938 0.142187 0.8414059999999999 0.14296899999999998 0.853125 0.149219 0.875 0.17421899999999998 0.8804690000000001 0.17421899999999998 0.8757809999999999 0.163281 0.867188 0.14843800000000001 0.859375 0.141406 0.847656 0.1375 0.8445309999999999 0.135156 0.8523440000000001 0.128125 0.854687 0.124219 0.8570309999999999 0.11484399999999999 0.85625 0.10078100000000001 0.8507809999999999 0.0875 0.839062 0.071094 0.8335940000000001 0.067187 0.832031 0.070312 0.83125 0.078906 0.83125 0.110937
0 0.766406 0.12890600000000002 0.758594 0.146875 0.758594 0.154688 0.7625 0.160938 0.7625 0.163281 0.758594 0.170313 0.75625 0.18515600000000002 0.75625 0.208594 0.760937 0.217969 0.7671870000000001 0.22109399999999998 0.775781 0.21875 0.782031 0.210156 0.784375 0.202344 0.785156 0.192188 0.784375 0.182812 0.7828120000000001 0.17968800000000001 0.7828120000000001 0.16953100000000002 0.775781 0.1625 0.775781 0.160938 0.78125 0.15234399999999998 0.784375 0.14296899999999998 0.788281 0.139844 0.79375 0.12734399999999998 0.794531 0.11484399999999999 0.79375 0.110156 0.791406 0.107813 0.7828120000000001 0.110156 0.774219 0.11796899999999999 0.766406 0.12890600000000002
1 0.688281 0.12265600000000002 0.674219 0.134375 0.667969 0.142187 0.664062 0.15 0.664062 0.15234399999999998 0.66875 0.154688 0.674219 0.155469 0.679688 0.15859399999999998 0.682031 0.160938 0.682812 0.165625 0.678906 0.178125 0.672656 0.18984399999999998 0.665625 0.19921899999999998 0.663281 0.203906 0.663281 0.20703100000000002 0.666406 0.20781299999999997 0.679688 0.2 0.690625 0.188281 0.696094 0.18515600000000002 0.696875 0.172656 0.69375 0.165625 0.695312 0.1625 0.703906 0.160938 0.717969 0.154688 0.717187 0.15234399999999998 0.710156 0.15234399999999998 0.704688 0.15390600000000002 0.700781 0.15234399999999998 0.699219 0.149219 0.700781 0.145313 0.7125 0.132031 0.728125 0.10625 0.73125 0.096094 0.73125 0.082812 0.729687 0.079687 0.724219 0.08125 0.710156 0.095312 0.688281 0.12265600000000002
2 0.670312 0.242188 0.664062 0.24609399999999998 0.653125 0.249219 0.642188 0.255469 0.6375 0.25625 0.628906 0.260156 0.626563 0.2625 0.627344 0.267969 0.633594 0.26875 0.649219 0.264062 0.664844 0.261719 0.692188 0.24609399999999998 0.694531 0.24375 0.695312 0.239844 0.69375 0.23828100000000002 0.679688 0.23906299999999997 0.670312 0.242188
1 0.885938 0.220312 0.884375 0.234375 0.884375 0.248438 0.890625 0.260156 0.8890629999999999 0.261719 0.884375 0.261719 0.8765620000000001 0.267188 0.8765620000000001 0.271875 0.879687 0.272656 0.8898440000000001 0.272656 0.89375 0.26875 0.9007809999999999 0.267969 0.9054690000000001 0.265625 0.9054690000000001 0.263281 0.903125 0.26093700000000003 0.902344 0.25781200000000004 0.9039059999999999 0.225 0.9070309999999999 0.210938 0.9070309999999999 0.192969 0.901563 0.18359399999999998 0.896875 0.178906 0.894531 0.180469 0.8929690000000001 0.192969 0.885938 0.220312
2 0.792969 0 0.794531 0.005469 0.7984370000000001 0.010156 0.8023440000000001 0.0125 0.8070309999999999 0.013281000000000001 0.8101559999999999 0.015625 0.816406 0.014063 0.8117190000000001 0.00625 0.8125 0 0.792969 0
1 0.9195309999999999 0 0.9195309999999999 0.0015630000000000002 0.9164059999999999 0.0039059999999999997 0.909375 0.00625 0.9070309999999999 0.011719 0.9 0.017188000000000002 0.898438 0.021875 0.9125 0.022656000000000003 0.917969 0.025 0.9226559999999999 0.032031 0.932813 0.039062 0.9625 0.064062 0.964063 0.064062 0.974531 0.071016 0.9664059999999999 0.048437999999999995 0.9476559999999999 0.029687 0.9359379999999999 0.021875 0.9289059999999999 0.020313 0.925 0.017969 0.929688 0.014063 0.93125 0.010156 0.9359379999999999 0.005469 0.9367190000000001 0 0.9195309999999999 0
0 0.777344 0.721094 0.775 0.723437 0.767969 0.720313 0.75 0.717187 0.747656 0.71875 0.746875 0.721094 0.739844 0.724219 0.739063 0.729688 0.74375 0.733594 0.746875 0.734375 0.770313 0.732812 0.775 0.730469 0.782031 0.734375 0.791406 0.734375 0.7984370000000001 0.73125 0.803125 0.73125 0.81875 0.727344 0.823437 0.724219 0.824219 0.720313 0.8132809999999999 0.717187 0.7875 0.717187 0.777344 0.721094
1 0.940625 0.392188 0.9359379999999999 0.404687 0.93125 0.407813 0.9273440000000001 0.4125 0.9234370000000001 0.413281 0.9195309999999999 0.419531 0.921875 0.423438 0.9148440000000001 0.424219 0.9117190000000001 0.427344 0.910937 0.435156 0.902344 0.465625 0.901563 0.475 0.9039059999999999 0.480469 0.910156 0.47968700000000003 0.917969 0.471875 0.928125 0.458594 0.932813 0.45 0.9320309999999999 0.439844 0.9242190000000001 0.43125 0.9226559999999999 0.425781 0.926562 0.423438 0.932813 0.42265600000000003 0.940625 0.415625 0.9445309999999999 0.407813 0.954688 0.396875 0.95625 0.39140600000000003 0.953125 0.388281 0.953125 0.385156 0.951562 0.38281200000000004 0.9476559999999999 0.384375 0.9460940000000001 0.3875 0.940625 0.392188