1 0.753125 0.157813 0.746875 0.164844 0.733594 0.173438 0.725 0.176562 0.719531 0.180469 0.713281 0.188281 0.7125 0.20078100000000002 0.707813 0.20468799999999998 0.702344 0.2125 0.700781 0.21718700000000002 0.7 0.227344 0.700781 0.2375 0.714062 0.267969 0.720313 0.277344 0.723438 0.275781 0.724219 0.27343799999999996 0.724219 0.263281 0.725781 0.257031 0.725 0.246875 0.729687 0.240625 0.728906 0.23593799999999998 0.726562 0.23281200000000002 0.724219 0.21640600000000002 0.727344 0.213281 0.7375 0.211719 0.744531 0.208594 0.752344 0.2 0.75625 0.192969 0.758594 0.18515600000000002 0.766406 0.171875 0.771875 0.157031 0.771875 0.145312 0.766406 0.145312 0.757031 0.15625 0.753125 0.157813
2 0.310156 0.9164059999999999 0.30625 0.925781 0.30625 0.948438 0.31171899999999997 0.95625 0.314063 0.9625 0.31875 0.9664059999999999 0.32031200000000004 0.964063 0.319531 0.9273440000000001 0.310156 0.9164059999999999
2 0.334375 0.9359379999999999 0.329688 0.9359379999999999 0.328125 0.9375 0.328125 0.9507809999999999 0.329688 0.959375 0.329688 0.971875 0.33125 0.978125 0.334375 0.979687 0.336719 0.970313 0.336719 0.946875 0.334375 0.9359379999999999
1 0.139062 0.9273440000000001 0.135156 0.9273440000000001 0.132031 0.934375 0.12734399999999998 0.9398440000000001 0.12343699999999999 0.941406 0.11093800000000001 0.9507809999999999 0.092969 0.9679690000000001 0.083594 0.982812 0.083594 0.988281 0.088281 0.989063 0.10078100000000001 0.9859370000000001 0.1125 0.980469 0.12734399999999998 0.9710940000000001 0.146875 0.9507809999999999 0.150781 0.9429690000000001 0.150781 0.9375 0.14843800000000001 0.9351559999999999 0.142188 0.933594 0.139062 0.9273440000000001
1 0.135938 0.653906 0.13125 0.654687 0.125 0.658594 0.114062 0.6625 0.110156 0.665625 0.10390600000000001 0.667187 0.09765599999999999 0.671094 0.0875 0.675 0.057813 0.700781 0.057031 0.705469 0.060937 0.708594 0.09218699999999999 0.707813 0.108594 0.703125 0.125781 0.696094 0.13828100000000002 0.689063 0.141406 0.690625 0.142188 0.694531 0.149219 0.702344 0.155469 0.702344 0.154687 0.691406 0.15234399999999998 0.685156 0.15234399999999998 0.66875 0.149219 0.661719 0.14453100000000002 0.657031 0.135938 0.653906
1 0.189063 0.45234399999999997 0.18515600000000002 0.459375 0.178125 0.464063 0.16796899999999998 0.459375 0.157031 0.458594 0.14296899999999998 0.460156 0.12890600000000002 0.464844 0.11640600000000001 0.467187 0.08984400000000001 0.478125 0.080469 0.48359399999999997 0.071875 0.490625 0.069531 0.49375 0.06875 0.498437 0.071875 0.5 0.086719 0.501563 0.11171899999999998 0.500781 0.154687 0.486719 0.166406 0.48125 0.175 0.48125 0.182031 0.47656200000000004 0.1875 0.465625 0.20078100000000002 0.464844 0.20625 0.463281 0.234375 0.448438 0.23671899999999998 0.442969 0.227344 0.442187 0.198438 0.446875 0.189063 0.45234399999999997
0 0.439844 0.584375 0.439063 0.582031 0.403125 0.550781 0.3875 0.534375 0.38281200000000004 0.527344 0.373437 0.51875 0.36875 0.517969 0.3625 0.525781 0.357812 0.529687 0.35625 0.529687 0.35 0.525 0.339063 0.524219 0.328125 0.521094 0.310156 0.517969 0.307031 0.515625 0.288281 0.516406 0.26640600000000003 0.513281 0.255469 0.513281 0.253906 0.514844 0.253125 0.517969 0.259375 0.521875 0.285156 0.529687 0.294531 0.535938 0.298438 0.535938 0.317187 0.54375 0.324219 0.54375 0.339063 0.540625 0.34453100000000003 0.5375 0.346094 0.532813 0.352344 0.546875 0.35859399999999997 0.553125 0.369531 0.558594 0.385938 0.578125 0.409375 0.594531 0.439063 0.607812 0.453125 0.611719 0.457812 0.611719 0.460156 0.609375 0.460156 0.60625 0.457031 0.601562 0.439844 0.584375
1 0.515625 0.613281 0.510937 0.61875 0.505469 0.620312 0.501563 0.63125 0.500781 0.647656 0.505469 0.671094 0.510156 0.670312 0.514062 0.636719 0.51875 0.629688 0.521875 0.628125 0.529687 0.627344 0.529687 0.623437 0.525781 0.6125 0.527344 0.603125 0.524219 0.601562 0.521094 0.601562 0.51875 0.603906 0.515625 0.613281
1 0.634375 0.601562 0.621094 0.614063 0.61875 0.614844 0.609375 0.624219 0.604687 0.630469 0.604687 0.632812 0.608594 0.635156 0.611719 0.635156 0.621094 0.63125 0.646094 0.613281 0.654687 0.604687 0.664062 0.607031 0.678906 0.607812 0.678906 0.603125 0.658594 0.596094 0.64375 0.596094 0.634375 0.601562
0 0.669531 0.578125 0.660938 0.575781 0.65 0.575781 0.639844 0.578125 0.638281 0.579688 0.639844 0.585156 0.653906 0.592187 0.665625 0.592187 0.669531 0.599219 0.674219 0.596094 0.678125 0.588281 0.68125 0.589062 0.688281 0.596875 0.692969 0.599219 0.705469 0.600781 0.707813 0.597656 0.70625 0.589062 0.686719 0.577344 0.669531 0.578125
1 0.932813 0.410937 0.925 0.40546899999999997 0.921875 0.404687 0.917188 0.397656 0.910937 0.397656 0.9070309999999999 0.400781 0.902344 0.402344 0.8914059999999999 0.402344 0.8851559999999999 0.40703100000000003 0.885938 0.4125 0.896875 0.415625 0.9117190000000001 0.414844 0.9164059999999999 0.410937 0.91875 0.410937 0.9273440000000001 0.423438 0.93125 0.426562 0.945312 0.426562 0.9476559999999999 0.425 0.9476559999999999 0.42265600000000003 0.9359379999999999 0.410937 0.932813 0.410937
0 0.767969 0.353125 0.750781 0.35859399999999997 0.741406 0.36875 0.735938 0.36875 0.725 0.364844 0.714062 0.364844 0.69375 0.367969 0.65625 0.388281 0.633594 0.40625 0.629688 0.4125 0.633594 0.415625 0.671094 0.41875 0.700781 0.413281 0.7125 0.409375 0.735156 0.396875 0.741406 0.388281 0.744531 0.3875 0.749219 0.383594 0.75 0.377344 0.7515620000000001 0.37578100000000003 0.764844 0.375 0.775781 0.371875 0.794531 0.35625 0.796875 0.349219 0.786719 0.348437 0.780469 0.35156200000000004 0.767969 0.353125
0 0.84375 0.240625 0.840625 0.225 0.847656 0.21875 0.853125 0.21718700000000002 0.8539059999999999 0.210156 0.851562 0.208594 0.851562 0.20468799999999998 0.848438 0.203906 0.847656 0.20625 0.8429690000000001 0.210938 0.8382809999999999 0.208594 0.839062 0.188281 0.8351559999999999 0.166406 0.8265629999999999 0.14375 0.824219 0.141406 0.8210940000000001 0.141406 0.817188 0.146094 0.815625 0.15234399999999998 0.816406 0.18984399999999998 0.8148440000000001 0.209375 0.815625 0.2125 0.8226559999999999 0.217969 0.828125 0.224219 0.8289059999999999 0.23828100000000002 0.8265629999999999 0.28203100000000003 0.8289059999999999 0.288281 0.832031 0.28906200000000004 0.834375 0.2875 0.8429690000000001 0.253906 0.84375 0.240625
1 0.8429690000000001 0.279687 0.8375 0.282813 0.840625 0.291406 0.839062 0.315625 0.840625 0.319531 0.8429690000000001 0.319531 0.8492190000000001 0.307031 0.85 0.29609399999999997 0.848438 0.286719 0.8570309999999999 0.279687 0.859375 0.275781 0.8625 0.26484399999999997 0.863281 0.254687 0.859375 0.251563 0.853125 0.25 0.85 0.257031 0.8429690000000001 0.279687
1 0.48515600000000003 0.959375 0.475 0.9398440000000001 0.467187 0.9304690000000001 0.453125 0.93125 0.446875 0.945312 0.442187 0.9507809999999999 0.442969 0.953125 0.447656 0.953125 0.451562 0.946875 0.454688 0.946875 0.45625 0.95 0.457031 0.957812 0.46875 0.9757809999999999 0.478906 0.9835940000000001 0.489062 0.99375 0.498437 0.9976559999999999 0.498437 0.9929690000000001 0.49375 0.9859370000000001 0.48515600000000003 0.959375
1 0.709375 0.164844 0.700781 0.16953100000000002 0.698437 0.171875 0.696094 0.178906 0.69375 0.182031 0.689063 0.182813 0.685937 0.188281 0.676563 0.182813 0.665625 0.182031 0.65625 0.185937 0.653125 0.189063 0.649219 0.196875 0.646875 0.197656 0.639062 0.194531 0.634375 0.196094 0.63125 0.2 0.6125 0.21484399999999998 0.605469 0.221875 0.597656 0.23203100000000002 0.595313 0.240625 0.598438 0.242188 0.615625 0.242188 0.632812 0.23906200000000002 0.640625 0.23593799999999998 0.646875 0.235156 0.664062 0.225 0.682812 0.208594 0.685156 0.202344 0.685937 0.192187 0.6875 0.18984399999999998 0.689844 0.18984399999999998 0.696875 0.18359399999999998 0.710156 0.184375 0.714062 0.18125 0.727344 0.15859399999999998 0.726562 0.15625 0.724219 0.155469 0.717187 0.15859399999999998 0.709375 0.164844
1 0.577344 0 0.578125 0.0078119999999999995 0.583594 0.027344 0.589844 0.0375 0.592187 0.045312000000000005 0.600781 0.054688 0.607031 0.059375 0.610938 0.067969 0.624219 0.08125 0.626563 0.086719 0.63125 0.08984400000000001 0.635156 0.090625 0.635156 0.085156 0.628125 0.073438 0.624219 0.060937 0.608594 0.036719 0.641406 0.003125 0.641406 0 0.577344 0
1 0.407813 0.041406 0.399219 0.046094 0.384375 0.060156 0.38281200000000004 0.067187 0.38281200000000004 0.08203099999999999 0.380469 0.085938 0.372656 0.08203099999999999 0.357031 0.07968800000000001 0.350781 0.08125 0.346094 0.085938 0.332812 0.113281 0.332812 0.124219 0.3375 0.125 0.34375 0.12265600000000002 0.347656 0.11953100000000001 0.346875 0.115625 0.35 0.1125 0.357812 0.11093800000000001 0.35859399999999997 0.10781199999999999 0.363281 0.10234399999999999 0.376563 0.094531 0.399219 0.09531300000000001 0.4 0.096094 0.396875 0.1 0.404687 0.10078100000000001 0.404687 0.096094 0.409375 0.091406 0.428906 0.078906 0.439844 0.067969 0.446094 0.06406300000000001 0.460156 0.050781 0.474219 0.033594 0.472656 0.029687 0.46953100000000003 0.028905999999999998 0.430469 0.035156 0.407813 0.041406
1 0.526562 0.21718700000000002 0.505469 0.208594 0.49218799999999996 0.20625 0.451562 0.20781200000000002 0.440625 0.2125 0.439063 0.215625 0.421875 0.2125 0.410937 0.213281 0.407813 0.21484399999999998 0.3875 0.215625 0.383594 0.21718700000000002 0.372656 0.21640600000000002 0.370313 0.22031299999999998 0.371875 0.221875 0.3875 0.225 0.404687 0.226562 0.409375 0.228125 0.43671899999999997 0.227344 0.442969 0.22968799999999998 0.448438 0.235156 0.4625 0.24375 0.478906 0.249219 0.514062 0.24843700000000002 0.529687 0.244531 0.551563 0.233594 0.55625 0.228906 0.557031 0.225781 0.554688 0.22109399999999998 0.550781 0.219531 0.526562 0.21718700000000002
1 0.24843700000000002 0.182031 0.242188 0.175 0.215625 0.155469 0.202344 0.149219 0.17578100000000002 0.15234399999999998 0.167188 0.154687 0.13671899999999998 0.157031 0.12343699999999999 0.1625 0.096094 0.166406 0.086719 0.16953100000000002 0.0875 0.175 0.09765599999999999 0.177344 0.135938 0.176562 0.154687 0.171875 0.1625 0.165625 0.172656 0.161719 0.190625 0.159375 0.192969 0.16406199999999999 0.197656 0.16796899999999998 0.20078100000000002 0.17421899999999998 0.202344 0.185937 0.20468799999999998 0.192969 0.209375 0.198438 0.21406299999999998 0.20703100000000002 0.22031299999999998 0.213281 0.23281200000000002 0.219531 0.244531 0.22343700000000002 0.25781200000000004 0.225 0.261719 0.226562 0.29375 0.225781 0.296875 0.22343700000000002 0.29609399999999997 0.21640600000000002 0.28203100000000003 0.203125 0.24843700000000002 0.182031
1 0.211719 0.09218699999999999 0.2125 0.09375 0.21718700000000002 0.092969 0.21875 0.08984400000000001 0.22265600000000002 0.086719 0.22343700000000002 0.08203099999999999 0.225 0.080469 0.226562 0.08125 0.225781 0.088281 0.221875 0.094531 0.215625 0.1125 0.21718700000000002 0.115625 0.226562 0.124219 0.22968799999999998 0.130469 0.23671899999999998 0.135938 0.241406 0.134375 0.24765600000000002 0.120313 0.253125 0.096094 0.253906 0.08125 0.253125 0.077344 0.24765600000000002 0.070312 0.23671899999999998 0.071094 0.233594 0.067969 0.228906 0.06875 0.221875 0.075781 0.211719 0.09218699999999999
1 0.139062 0.369531 0.135938 0.360938 0.129687 0.357031 0.121094 0.348437 0.117188 0.348437 0.114062 0.35 0.110156 0.353906 0.110156 0.359375 0.113281 0.365625 0.120313 0.373437 0.12265600000000002 0.38125 0.134375 0.396094 0.139062 0.396094 0.140625 0.392188 0.141406 0.38281200000000004 0.139062 0.369531
1 0 0.583594 0.0023439999999999997 0.583594 0.004687 0.58125 0.00625 0.582031 0.00625 0.596875 0.010156 0.605469 0.014062 0.605469 0.014844 0.599219 0.016406 0.596875 0.015625 0.582813 0.019531 0.577344 0.029687 0.576562 0.029687 0.567969 0.03125 0.565625 0.03125 0.560156 0.029687 0.559375 0.024218999999999997 0.559375 0.021093999999999998 0.560937 0.005469 0.557031 0 0.557031 0 0.575781 0.0023439999999999997 0.576562 0 0.577344 0 0.583594
1 1 0.294531 0.998437 0.294531 0.990625 0.285937 0.96875 0.271094 0.942187 0.25625 0.9078120000000001 0.249219 0.9046879999999999 0.246875 0.8882809999999999 0.251563 0.8898440000000001 0.25625 0.9320309999999999 0.267188 0.9351559999999999 0.269531 0.9375 0.275 0.945312 0.28125 0.9679690000000001 0.292188 0.978125 0.298438 0.9820309999999999 0.299219 0.9875 0.303125 1 0.303125 1 0.294531
1 0.8890629999999999 0.83125 0.8695309999999999 0.832813 0.8648440000000001 0.834375 0.8601559999999999 0.8335940000000001 0.8578129999999999 0.835938 0.8570309999999999 0.8414059999999999 0.8507809999999999 0.853125 0.8257809999999999 0.875 0.8257809999999999 0.8804690000000001 0.8367190000000001 0.8757809999999999 0.851562 0.867188 0.8585940000000001 0.859375 0.8625 0.847656 0.8648440000000001 0.8445309999999999 0.871875 0.8523440000000001 0.8757809999999999 0.854687 0.8851559999999999 0.8570309999999999 0.8992190000000001 0.85625 0.9125 0.8507809999999999 0.9289059999999999 0.839062 0.932813 0.8335940000000001 0.929688 0.832031 0.9210940000000001 0.83125 0.8890629999999999 0.83125
0 0.871094 0.766406 0.853125 0.758594 0.8453120000000001 0.758594 0.839062 0.7625 0.8367190000000001 0.7625 0.8296870000000001 0.758594 0.8148440000000001 0.75625 0.791406 0.75625 0.782031 0.760937 0.778906 0.7671870000000001 0.78125 0.775781 0.789844 0.782031 0.797656 0.784375 0.807812 0.785156 0.817188 0.784375 0.820312 0.7828120000000001 0.8304690000000001 0.7828120000000001 0.8375 0.775781 0.839062 0.775781 0.847656 0.78125 0.8570309999999999 0.784375 0.8601559999999999 0.788281 0.8726559999999999 0.79375 0.8851559999999999 0.794531 0.8898440000000001 0.79375 0.8921870000000001 0.791406 0.8898440000000001 0.7828120000000001 0.8820309999999999 0.774219 0.871094 0.766406
1 0.8773440000000001 0.688281 0.865625 0.674219 0.8578129999999999 0.667969 0.85 0.664062 0.847656 0.664062 0.8453120000000001 0.66875 0.8445309999999999 0.674219 0.8414059999999999 0.679688 0.839062 0.682031 0.834375 0.682812 0.821875 0.678906 0.8101559999999999 0.672656 0.800781 0.665625 0.796094 0.663281 0.792969 0.663281 0.792187 0.666406 0.8 0.679688 0.8117190000000001 0.690625 0.8148440000000001 0.696094 0.8273440000000001 0.696875 0.834375 0.69375 0.8375 0.695312 0.839062 0.703906 0.8453120000000001 0.717969 0.847656 0.717187 0.847656 0.710156 0.8460940000000001 0.704688 0.847656 0.700781 0.8507809999999999 0.699219 0.854687 0.700781 0.8679690000000001 0.7125 0.89375 0.728125 0.9039059999999999 0.73125 0.917188 0.73125 0.9203129999999999 0.729687 0.91875 0.724219 0.9046879999999999 0.710156 0.8773440000000001 0.688281
2 0.757812 0.670312 0.753906 0.664062 0.750781 0.653125 0.744531 0.642188 0.74375 0.6375 0.739844 0.628906 0.7375 0.626563 0.732031 0.627344 0.73125 0.633594 0.735938 0.649219 0.738281 0.664844 0.753906 0.692188 0.75625 0.694531 0.760156 0.695312 0.761719 0.69375 0.760937 0.679688 0.757812 0.670312
1 0.7796879999999999 0.885938 0.765625 0.884375 0.7515620000000001 0.884375 0.739844 0.890625 0.738281 0.8890629999999999 0.738281 0.884375 0.732812 0.8765620000000001 0.728125 0.8765620000000001 0.727344 0.879687 0.727344 0.8898440000000001 0.73125 0.89375 0.732031 0.9007809999999999 0.734375 0.9054690000000001 0.736719 0.9054690000000001 0.739063 0.903125 0.742188 0.902344 0.775 0.9039059999999999 0.789062 0.9070309999999999 0.8070309999999999 0.9070309999999999 0.816406 0.901563 0.8210940000000001 0.896875 0.8195309999999999 0.894531 0.8070309999999999 0.8929690000000001 0.7796879999999999 0.885938
2 1 0.792969 0.9945309999999999 0.794531 0.9898440000000001 0.7984370000000001 0.9875 0.8023440000000001 0.9867190000000001 0.8070309999999999 0.984375 0.8101559999999999 0.9859370000000001 0.816406 0.99375 0.8117190000000001 1 0.8125 1 0.792969
1 1 0.9195309999999999 0.998437 0.9195309999999999 0.996094 0.9164059999999999 0.99375 0.909375 0.988281 0.9070309999999999 0.982812 0.9 0.978125 0.898438 0.9773440000000001 0.9125 0.975 0.917969 0.9679690000000001 0.9226559999999999 0.960938 0.932813 0.9359379999999999 0.9625 0.9359379999999999 0.964063 0.928984 0.974531 0.951562 0.9664059999999999 0.970313 0.9476559999999999 0.978125 0.9359379999999999 0.979687 0.9289059999999999 0.9820309999999999 0.925 0.9859370000000001 0.929688 0.9898440000000001 0.93125 0.9945309999999999 0.9359379999999999 1 0.9367190000000001 1 0.9195309999999999
0 0.278906 0.777344 0.276563 0.775 0.279687 0.767969 0.282813 0.75 0.28125 0.747656 0.278906 0.746875 0.275781 0.739844 0.270312 0.739063 0.26640600000000003 0.74375 0.265625 0.746875 0.267188 0.770313 0.269531 0.775 0.265625 0.782031 0.265625 0.791406 0.26875 0.7984370000000001 0.26875 0.803125 0.272656 0.81875 0.275781 0.823437 0.279687 0.824219 0.282813 0.8132809999999999 0.282813 0.7875 0.278906 0.777344
1 0.607812 0.940625 0.595313 0.9359379999999999 0.592187 0.93125 0.5875 0.9273440000000001 0.586719 0.9234370000000001 0.580469 0.9195309999999999 0.576562 0.921875 0.575781 0.9148440000000001 0.572656 0.9117190000000001 0.564844 0.910937 0.534375 0.902344 0.525 0.901563 0.519531 0.9039059999999999 0.520313 0.910156 0.528125 0.917969 0.541406 0.928125 0.55 0.932813 0.560156 0.9320309999999999 0.56875 0.9242190000000001 0.574219 0.9226559999999999 0.576562 0.926562 0.577344 0.932813 0.584375 0.940625 0.592187 0.9445309999999999 0.603125 0.954688 0.608594 0.95625 0.611719 0.953125 0.614844 0.953125 0.617188 0.951562 0.615625 0.9476559999999999 0.6125 0.9460940000000001 0.607812 0.940625