1 1 0.134375 0.99375 0.135937 0.9820309999999999 0.14375 0.9789059999999999 0.14453100000000002 0.970313 0.15234399999999998 0.9523440000000001 0.161719 0.9523440000000001 0.166406 0.960938 0.171875 0.9625 0.178125 0.967187 0.178125 0.970313 0.173437 0.975 0.170313 0.975 0.166406 0.9789059999999999 0.159375 0.996094 0.139844 1 0.139063 1 0.134375
2 0.467187 0.814063 0.442969 0.8132809999999999 0.439844 0.814063 0.433594 0.8210940000000001 0.432031 0.825 0.432031 0.8304690000000001 0.435156 0.832812 0.44375 0.832812 0.478906 0.8257809999999999 0.48515600000000003 0.8226559999999999 0.48515600000000003 0.8179690000000001 0.477344 0.817187 0.467187 0.814063
1 0.954688 0.189062 0.9539059999999999 0.194531 0.9585940000000001 0.210156 0.9632809999999999 0.20546899999999998 0.967187 0.20546899999999998 0.9695309999999999 0.202344 0.982812 0.2 0.989063 0.19375 0.990625 0.189062 0.979687 0.192188 0.954688 0.189062
2 0.851562 0.19531199999999999 0.8421879999999999 0.203125 0.839844 0.211719 0.840625 0.22109399999999998 0.8421879999999999 0.22109399999999998 0.8460940000000001 0.217188 0.853125 0.20625 0.8585940000000001 0.20078100000000002 0.864063 0.197656 0.8757809999999999 0.185938 0.875 0.184375 0.8726559999999999 0.18359399999999998 0.851562 0.19531199999999999
1 0.775 0.061719 0.771094 0.058594 0.7640629999999999 0.05625 0.755469 0.059375 0.748437 0.063281 0.744531 0.067187 0.744531 0.071875 0.742188 0.072656 0.739844 0.076563 0.734375 0.078125 0.732031 0.083594 0.728906 0.086719 0.713281 0.09375 0.700781 0.096094 0.692188 0.099219 0.686719 0.10390600000000001 0.692188 0.10703100000000002 0.710156 0.108594 0.716406 0.110937 0.740625 0.10703100000000002 0.745312 0.10390600000000001 0.745312 0.10078100000000001 0.747656 0.09765599999999999 0.760937 0.092969 0.770313 0.085938 0.783594 0.063281 0.7796879999999999 0.060937 0.775 0.061719
0 0.594531 0.192969 0.586719 0.182812 0.585156 0.176563 0.578906 0.172656 0.575 0.167187 0.575781 0.13671899999999998 0.574219 0.133594 0.571875 0.13281199999999999 0.56875 0.13828100000000002 0.564844 0.15859399999999998 0.560937 0.160938 0.557812 0.157031 0.557031 0.15 0.550781 0.140625 0.536719 0.12734399999999998 0.529687 0.12265600000000002 0.513281 0.11875 0.5 0.11171899999999998 0.495313 0.110156 0.489844 0.110937 0.489844 0.11484399999999999 0.49921899999999997 0.12734399999999998 0.514062 0.13671899999999998 0.525 0.139844 0.532031 0.145313 0.532813 0.150781 0.53125 0.155469 0.535938 0.15859399999999998 0.5375 0.1625 0.5375 0.167187 0.546094 0.170313 0.552344 0.170313 0.55625 0.17421899999999998 0.553906 0.177344 0.553906 0.182031 0.559375 0.18359399999999998 0.5625 0.185938 0.566406 0.19531199999999999 0.575 0.203125 0.580469 0.204687 0.596875 0.204687 0.597656 0.19921899999999998 0.594531 0.192969
1 0.1625 0.375 0.15859399999999998 0.375 0.151563 0.366406 0.146094 0.366406 0.146094 0.371094 0.15 0.377344 0.15 0.382031 0.146875 0.388281 0.15 0.397656 0.15625 0.400781 0.157813 0.397969 0.15875 0.393672 0.162187 0.390937 0.168047 0.388672 0.174141 0.386563 0.17968800000000001 0.385156 0.182031 0.384375 0.189688 0.37851599999999996 0.17421899999999998 0.374531 0.1625 0.375
1 0.538281 0.49375 0.514844 0.497656 0.508594 0.503125 0.48125 0.503125 0.46093799999999996 0.505469 0.459375 0.510156 0.471875 0.516406 0.491406 0.516406 0.503125 0.51875 0.509375 0.521875 0.517188 0.521875 0.517188 0.517969 0.51875 0.516406 0.516016 0.5154690000000001 0.515156 0.511328 0.523672 0.505625 0.53125 0.503125 0.533594 0.500781 0.536641 0.49960899999999997 0.540156 0.496875 0.540937 0.49351599999999995 0.538281 0.49375
1 0.364062 0.576562 0.364062 0.599219 0.367969 0.611719 0.37015600000000004 0.615469 0.36875 0.617969 0.371094 0.622656 0.371094 0.626563 0.364844 0.635156 0.3625 0.641406 0.3625 0.663281 0.364062 0.671875 0.364062 0.682813 0.36718799999999996 0.697656 0.36875 0.714063 0.372656 0.723437 0.375 0.723437 0.378125 0.721094 0.382031 0.70625 0.385156 0.679688 0.3875 0.670312 0.389062 0.642188 0.39140600000000003 0.636719 0.39140600000000003 0.63125 0.389062 0.623437 0.380469 0.61875 0.378828 0.6131249999999999 0.376563 0.607031 0.37578100000000003 0.595313 0.377344 0.592969 0.376406 0.5926560000000001 0.377344 0.590703 0.375859 0.587266 0.375 0.582031 0.37421899999999997 0.565625 0.371094 0.557031 0.36875 0.555469 0.365625 0.560156 0.364062 0.576562
1 0.302344 0.88125 0.302344 0.895312 0.292188 0.9085940000000001 0.28125 0.926562 0.277344 0.929688 0.271094 0.945312 0.271094 0.975 0.272656 0.9773440000000001 0.275781 0.978125 0.285156 0.9625 0.299219 0.946875 0.301562 0.941406 0.303125 0.9304690000000001 0.309375 0.9195309999999999 0.31328100000000003 0.9085940000000001 0.32031200000000004 0.896875 0.32031200000000004 0.8898440000000001 0.310937 0.882812 0.31171899999999997 0.876563 0.308594 0.876563 0.302344 0.88125
1 0.24531299999999998 0.9273440000000001 0.244531 0.9351559999999999 0.24609399999999998 0.953125 0.244531 0.9554690000000001 0.23828100000000002 0.959375 0.228125 0.970313 0.228125 0.972656 0.22343700000000002 0.9820309999999999 0.224219 0.984375 0.23046899999999998 0.9835940000000001 0.23671899999999998 0.973437 0.242969 0.96875 0.25 0.9664059999999999 0.251563 0.9601559999999999 0.253906 0.957812 0.257031 0.957031 0.260156 0.9476559999999999 0.260938 0.9304690000000001 0.259375 0.9273440000000001 0.252344 0.925781 0.24531299999999998 0.9273440000000001
1 0.377344 0.9554690000000001 0.371875 0.9554690000000001 0.365625 0.9523440000000001 0.359375 0.951562 0.35859399999999997 0.946875 0.36015600000000003 0.94375 0.36015600000000003 0.939063 0.353906 0.9320309999999999 0.350781 0.9304690000000001 0.333594 0.928125 0.326562 0.925781 0.30625 0.925 0.301562 0.932813 0.301562 0.940625 0.30468799999999996 0.94375 0.317187 0.9507809999999999 0.328125 0.954688 0.34296899999999997 0.9554690000000001 0.35 0.9523440000000001 0.354688 0.9523440000000001 0.3625 0.9625 0.36718799999999996 0.964063 0.37421899999999997 0.964063 0.378125 0.9617190000000001 0.389062 0.959375 0.392188 0.9554690000000001 0.379687 0.953125 0.377344 0.9554690000000001
1 0.685156 0.8898440000000001 0.682812 0.875 0.679688 0.863281 0.678906 0.851562 0.676563 0.8445309999999999 0.673438 0.842187 0.667187 0.840625 0.653906 0.844375 0.637031 0.85 0.653906 0.853125 0.6630469999999999 0.864687 0.678906 0.9039059999999999 0.685156 0.909375 0.689063 0.9085940000000001 0.689063 0.8960940000000001 0.685156 0.8898440000000001
1 0.772656 0.583594 0.765625 0.585938 0.760156 0.590625 0.757109 0.593281 0.753906 0.595469 0.751797 0.596719 0.749375 0.5985940000000001 0.747344 0.600234 0.745469 0.600313 0.743906 0.602109 0.741406 0.6 0.734375 0.603125 0.733594 0.611719 0.729687 0.617188 0.729687 0.625781 0.725 0.630469 0.7125 0.638281 0.704688 0.646094 0.700781 0.653125 0.700781 0.658594 0.707813 0.657813 0.7125 0.65 0.721094 0.642969 0.725 0.641406 0.728906 0.636719 0.732031 0.635938 0.735938 0.632031 0.744531 0.628906 0.754688 0.614062 0.7828120000000001 0.584375 0.783594 0.579688 0.778906 0.578906 0.772656 0.583594
1 0.719531 0.671094 0.714844 0.675781 0.711719 0.684375 0.708594 0.688281 0.688281 0.700781 0.679688 0.708594 0.677344 0.7125 0.677344 0.717187 0.678906 0.71875 0.684375 0.71875 0.703906 0.710938 0.708594 0.705469 0.717969 0.698438 0.722656 0.69375 0.725 0.688281 0.728906 0.683594 0.728125 0.670312 0.724219 0.66875 0.719531 0.671094
1 0.914062 0.763281 0.9125 0.767188 0.9085940000000001 0.771094 0.9039059999999999 0.772656 0.8890629999999999 0.782813 0.8898440000000001 0.786719 0.8882809999999999 0.790625 0.8820309999999999 0.798438 0.878906 0.8054690000000001 0.878906 0.8101559999999999 0.8804690000000001 0.8117190000000001 0.8914059999999999 0.8070309999999999 0.896875 0.8023440000000001 0.8992190000000001 0.797656 0.9046879999999999 0.791406 0.9070309999999999 0.784375 0.9164059999999999 0.784375 0.9351559999999999 0.767969 0.9375 0.764844 0.942187 0.748437 0.942187 0.74375 0.9398440000000001 0.741406 0.9320309999999999 0.746094 0.914062 0.763281
1 0.828125 0.820312 0.824219 0.815625 0.823437 0.809375 0.8179690000000001 0.800781 0.8140620000000001 0.800781 0.8117190000000001 0.804688 0.8109379999999999 0.810937 0.8125 0.821875 0.821875 0.834375 0.8265629999999999 0.835938 0.828125 0.834375 0.828125 0.820312
1 0.8335940000000001 0.373437 0.828125 0.3875 0.828125 0.4 0.8257809999999999 0.403906 0.820312 0.407813 0.8148440000000001 0.423438 0.8148440000000001 0.43828100000000003 0.8179690000000001 0.44531200000000004 0.8226559999999999 0.442969 0.8265629999999999 0.435937 0.8304690000000001 0.42265600000000003 0.835938 0.413281 0.835938 0.392188 0.839844 0.378906 0.84375 0.375 0.8429690000000001 0.364844 0.839844 0.364844 0.8335940000000001 0.373437
1 0.7375 0.428125 0.725 0.428125 0.7125 0.41718700000000003 0.70625 0.41718700000000003 0.705469 0.42109399999999997 0.709375 0.428906 0.717969 0.439844 0.717969 0.442969 0.720313 0.446875 0.725 0.447656 0.730469 0.440625 0.736719 0.43671899999999997 0.739844 0.43281200000000003 0.739844 0.430469 0.7375 0.428125
1 0.677344 0.428125 0.673438 0.43125 0.66875 0.43125 0.665625 0.42968799999999996 0.657813 0.42109399999999997 0.653125 0.419531 0.653906 0.428125 0.660156 0.435937 0.667187 0.441406 0.675781 0.440625 0.683594 0.432031 0.682031 0.428125 0.677344 0.428125