1 0.782813 0.575 0.782031 0.583594 0.786719 0.594531 0.789062 0.60625 0.792969 0.611719 0.799219 0.628125 0.802344 0.648438 0.807031 0.659375 0.816406 0.670312 0.828125 0.679688 0.833594 0.682813 0.838281 0.683594 0.839063 0.680469 0.835938 0.671094 0.8304690000000001 0.664062 0.822656 0.658594 0.820312 0.654687 0.822656 0.64375 0.8210940000000001 0.628125 0.808594 0.592187 0.797656 0.580469 0.788281 0.575
1 0.982812 0.529687 0.976562 0.532813 0.967187 0.552344 0.9625 0.559375 0.954688 0.580469 0.9398440000000001 0.600781 0.932813 0.607031 0.928125 0.617188 0.9226560000000001 0.625 0.917969 0.635938 0.9148440000000001 0.65 0.915625 0.652344 0.9195309999999999 0.654687 0.926562 0.655469 0.9304690000000001 0.6625 0.9375 0.666406 0.95 0.678906 0.9507809999999999 0.68125 0.9554690000000001 0.677344 0.951562 0.671875 0.951562 0.669531 0.94375 0.657813 0.939063 0.657031 0.935937 0.654687 0.93125 0.655469 0.9289059999999999 0.653125 0.9289059999999999 0.65 0.948438 0.632812 0.963281 0.611719 0.975 0.589844 0.9820309999999999 0.572656 0.984375 0.561719 0.984375 0.553125 0.985938 0.548438 0.985938 0.532813
1 0.800781 0.053905999999999996 0.796094 0.051562 0.7875 0.052344 0.782813 0.053905999999999996 0.779687 0.057031 0.778906 0.060937 0.763281 0.061719 0.752344 0.071094 0.735938 0.065625 0.732812 0.067969 0.732812 0.072656 0.742969 0.083594 0.75 0.0875 0.75625 0.09375 0.760938 0.089063 0.761719 0.084375 0.769531 0.075 0.779687 0.070312 0.784375 0.065625 0.797656 0.060937 0.801562 0.057031
2 0.309375 0.021094 0.309375 0.025781 0.311719 0.028905999999999998 0.317188 0.030469000000000003 0.329688 0.0375 0.339062 0.048438 0.341406 0.052344 0.341406 0.05625 0.34375 0.0625 0.35 0.063281 0.351562 0.060156 0.350781 0.048438 0.342969 0.035937 0.340625 0.033594 0.329688 0.028905999999999998 0.322656 0.022656
2 0.120313 0.388281 0.120313 0.389844 0.12265600000000002 0.391406 0.142187 0.39375 0.145313 0.396875 0.146094 0.400781 0.147656 0.402344 0.154688 0.403125 0.159375 0.398438 0.158594 0.389062 0.157031 0.385937 0.150781 0.38125 0.136719 0.38125 0.128906 0.383594
1 0.169531 0.647656 0.167969 0.649219 0.167187 0.664844 0.164844 0.672656 0.165625 0.677344 0.163281 0.682031 0.158594 0.685156 0.149219 0.684375 0.134375 0.691406 0.125781 0.700781 0.127344 0.705469 0.129688 0.707812 0.135937 0.705469 0.146875 0.703906 0.154688 0.699219 0.1625 0.696875 0.164844 0.694531 0.164844 0.691406 0.167969 0.683594 0.16875 0.674219 0.171875 0.670312 0.173437 0.65
1 0.370312 0.347656 0.367188 0.357031 0.358594 0.371094 0.353906 0.374219 0.349219 0.373437 0.347656 0.378125 0.349219 0.382031 0.3625 0.3875 0.366406 0.391406 0.369531 0.396875 0.370312 0.403125 0.373437 0.40625 0.377344 0.4 0.377344 0.392188 0.375781 0.3875 0.370312 0.38125 0.370312 0.378906 0.376563 0.367188 0.376563 0.351562 0.375781 0.348438 0.374219 0.346875
1 0.314063 0.23828100000000002 0.3125 0.239844 0.313281 0.24765600000000002 0.321875 0.280469 0.322656 0.288281 0.325781 0.294531 0.324219 0.298438 0.325 0.302344 0.327344 0.303906 0.342187 0.303906 0.353906 0.310156 0.354687 0.304688 0.353125 0.3 0.345313 0.29375 0.336719 0.290625 0.340625 0.280469 0.340625 0.267188 0.335156 0.251563 0.332031 0.246875 0.325 0.240625 0.320312 0.23828100000000002
2 0.088281 0.317969 0.089844 0.323437 0.095312 0.325 0.108594 0.322656 0.123438 0.322656 0.128125 0.321094 0.130469 0.31875 0.128906 0.315625 0.107813 0.311719 0.094531 0.311719 0.089844 0.313281
1 0.307031 0.142187 0.309375 0.146875 0.315625 0.152344 0.334375 0.163281 0.344531 0.171094 0.35625 0.177344 0.364844 0.184375 0.371875 0.188281 0.389062 0.188281 0.40546899999999997 0.185938 0.42265600000000003 0.178906 0.427344 0.178125 0.435156 0.174219 0.439063 0.170313 0.43828100000000003 0.16875 0.43281200000000003 0.16875 0.415625 0.172656 0.403906 0.177344 0.386719 0.180469 0.383594 0.176563 0.376563 0.174219 0.375781 0.16875 0.372656 0.164062 0.371875 0.160156 0.367188 0.155469 0.357812 0.15 0.347656 0.146094 0.332031 0.142969
1 0.572656 0.039844 0.560156 0.040625 0.546875 0.045312 0.519531 0.060156 0.509375 0.06875 0.50625 0.06875 0.498437 0.064062 0.48906299999999997 0.061719 0.482812 0.057031 0.480469 0.057813 0.47968700000000003 0.060937 0.494531 0.072656 0.496875 0.076563 0.497656 0.082812 0.49921899999999997 0.085156 0.5 0.09375 0.502344 0.095312 0.517188 0.089844 0.557031 0.060156 0.561719 0.057813 0.571094 0.046875 0.572656 0.04375
2 0.6375 0.085156 0.634375 0.085156 0.632812 0.086719 0.629687 0.09375 0.620313 0.10703100000000002 0.626563 0.11484399999999999 0.63125 0.11171899999999998 0.63125 0.108594 0.6375 0.098437
1 0.361719 0.739844 0.353906 0.742188 0.341406 0.751563 0.333594 0.753125 0.325781 0.760156 0.322656 0.760156 0.317188 0.763281 0.315625 0.767188 0.315625 0.800781 0.317188 0.803125 0.323437 0.803125 0.332031 0.796094 0.336719 0.79375 0.342187 0.792969 0.348438 0.783594 0.348438 0.767969 0.361719 0.746094
1 0.10625 0.689844 0.10390600000000001 0.69375 0.11171899999999998 0.703125 0.11875 0.717187 0.11875 0.736719 0.120313 0.739844 0.125 0.741406 0.142969 0.752344 0.161719 0.759375 0.165625 0.758594 0.166406 0.754687 0.164062 0.746875 0.157812 0.7375 0.152344 0.732031 0.146875 0.728906 0.141406 0.727344 0.129688 0.728125 0.128906 0.724219 0.13125 0.720313 0.13125 0.715625 0.125 0.700781 0.115625 0.692187
2 0.2125 0.9351559999999999 0.2125 0.9398440000000001 0.225 0.949219 0.227344 0.9523439999999999 0.22968700000000003 0.96875 0.23125 0.9710940000000001 0.23125 0.975 0.232813 0.9757809999999999 0.239844 0.95625 0.239844 0.9507809999999999 0.234375 0.9382810000000001 0.225781 0.9351559999999999
2 0.9398440000000001 0.7875 0.9351559999999999 0.7875 0.93125 0.80625 0.929688 0.823438 0.927344 0.832031 0.927344 0.8367190000000001 0.925 0.8429689999999999 0.925 0.848437 0.921875 0.8625 0.91875 0.86875 0.917188 0.878125 0.911719 0.8898439999999999 0.911719 0.8976559999999999 0.91875 0.896875 0.9242190000000001 0.892188 0.9304690000000001 0.889062 0.933594 0.882812 0.940625 0.8742189999999999 0.946875 0.8601560000000001 0.946875 0.853906 0.948438 0.8507809999999999 0.949219 0.80625 0.946875 0.798438
1 0.750781 0.708594 0.754297 0.713672 0.759297 0.716719 0.764844 0.71875 0.778906 0.726562 0.783281 0.728281 0.789062 0.73125 0.79375 0.7375 0.796875 0.7375 0.8125 0.742969 0.83125 0.74375 0.860938 0.741406 0.867188 0.735156 0.8742189999999999 0.721094 0.873437 0.714844 0.8679690000000001 0.7125 0.857812 0.710938 0.8375 0.710938 0.826562 0.7125 0.8125 0.716406 0.8 0.723437 0.792969 0.723437 0.786719 0.720313 0.78125 0.719531 0.776563 0.716406 0.759375 0.711719 0.753125 0.707812