1 0.134375 0 0.135937 0.00625 0.14375 0.017969 0.144531 0.021094 0.152344 0.029687 0.161719 0.047656 0.166406 0.047656 0.171875 0.039062 0.178125 0.0375 0.178125 0.032813 0.173437 0.029687 0.170313 0.025 0.166406 0.025 0.159375 0.021094 0.139844 0.0039060000000000006 0.139063 0
2 0.817969 0.514844 0.817187 0.522656 0.814063 0.532813 0.8132810000000001 0.557031 0.814063 0.560156 0.8210940000000001 0.566406 0.825 0.567969 0.8304690000000001 0.567969 0.832812 0.564844 0.832812 0.55625 0.8257809999999999 0.521094 0.822656 0.514844
1 0.189062 0.009375 0.192188 0.020313 0.189062 0.045312 0.194531 0.046094 0.210156 0.041406 0.20546899999999998 0.036719 0.20546899999999998 0.032813 0.202344 0.030469000000000003 0.2 0.017188 0.19375 0.010937
2 0.184375 0.125 0.183594 0.127344 0.195312 0.148438 0.203125 0.157812 0.211719 0.160156 0.22109399999999998 0.159375 0.22109399999999998 0.157812 0.217188 0.153906 0.20625 0.146875 0.20078100000000002 0.141406 0.197656 0.135937 0.185938 0.124219
1 0.063281 0.21640600000000002 0.060937 0.220312 0.061719 0.225 0.058594 0.228906 0.05625 0.235937 0.059375 0.244531 0.063281 0.251563 0.067187 0.255469 0.071875 0.255469 0.072656 0.257812 0.076563 0.260156 0.078125 0.265625 0.083594 0.267969 0.086719 0.271094 0.09375 0.286719 0.096094 0.299219 0.099219 0.307812 0.10390600000000001 0.313281 0.10703100000000002 0.307812 0.108594 0.289844 0.110937 0.283594 0.10703100000000002 0.259375 0.10390600000000001 0.254688 0.10078099999999998 0.254688 0.097656 0.252344 0.092969 0.23906299999999997 0.085938 0.22968700000000003
0 0.204687 0.403125 0.199219 0.402344 0.192969 0.40546899999999997 0.182812 0.413281 0.176563 0.414844 0.172656 0.42109399999999997 0.167187 0.425 0.136719 0.424219 0.133594 0.425781 0.132812 0.428125 0.138281 0.43125 0.158594 0.435156 0.160938 0.439063 0.157031 0.44218799999999997 0.15 0.442969 0.140625 0.449219 0.127344 0.463281 0.12265600000000002 0.470313 0.11875 0.486719 0.11171899999999998 0.5 0.110156 0.504687 0.110937 0.510156 0.11484399999999999 0.510156 0.127344 0.500781 0.136719 0.485938 0.139844 0.475 0.145313 0.46796899999999997 0.150781 0.467187 0.155469 0.46875 0.158594 0.46406200000000003 0.1625 0.4625 0.167187 0.4625 0.170313 0.45390600000000003 0.170313 0.447656 0.174219 0.44375 0.177344 0.446094 0.182031 0.446094 0.183594 0.440625 0.185938 0.4375 0.195312 0.433594 0.203125 0.425 0.204687 0.419531
1 0.378516 0.810312 0.374531 0.8257809999999999 0.375 0.8375 0.375 0.8414059999999999 0.366406 0.848437 0.366406 0.853906 0.371094 0.853906 0.377344 0.85 0.382031 0.85 0.388281 0.853125 0.397656 0.85 0.400781 0.84375 0.397969 0.842187 0.393672 0.8412500000000002 0.390937 0.837813 0.388672 0.831953 0.386563 0.825859 0.385156 0.820312 0.384375 0.817969
1 0.496875 0.45984400000000003 0.49351599999999995 0.459063 0.49375 0.461719 0.497656 0.48515600000000003 0.503125 0.491406 0.503125 0.51875 0.505469 0.539062 0.510156 0.540625 0.516406 0.528125 0.516406 0.508594 0.51875 0.496875 0.521875 0.490625 0.521875 0.482812 0.517969 0.482812 0.516406 0.48125 0.515469 0.4839840000000001 0.511328 0.484844 0.505625 0.476328 0.503125 0.46875 0.500781 0.466406 0.4996090000000001 0.46335899999999997
1 0.555469 0.63125 0.560156 0.634375 0.576562 0.635938 0.599219 0.635938 0.611719 0.632031 0.615469 0.629844 0.617969 0.63125 0.622656 0.628906 0.626563 0.628906 0.635156 0.635156 0.641406 0.6375 0.663281 0.6375 0.671875 0.635938 0.682813 0.635938 0.697656 0.632812 0.714063 0.63125 0.723437 0.627344 0.723437 0.625 0.721094 0.621875 0.70625 0.617969 0.679688 0.614844 0.670312 0.6125 0.642188 0.610938 0.636719 0.608594 0.63125 0.608594 0.623437 0.610938 0.61875 0.619531 0.613125 0.621172 0.607031 0.623437 0.595313 0.624219 0.592969 0.622656 0.592656 0.623594 0.590703 0.622656 0.587266 0.624141 0.582031 0.625 0.565625 0.625781 0.557031 0.628906
1 0.876563 0.688281 0.876563 0.691406 0.88125 0.697656 0.895312 0.697656 0.9085940000000001 0.707812 0.926562 0.71875 0.929688 0.722656 0.945312 0.728906 0.975 0.728906 0.9773440000000001 0.727344 0.978125 0.724219 0.9625 0.714844 0.946875 0.700781 0.941406 0.698438 0.9304690000000001 0.696875 0.9195309999999999 0.690625 0.9085940000000001 0.686719 0.896875 0.679688 0.8898439999999999 0.679688 0.882812 0.689063
1 0.927344 0.740625 0.925781 0.747656 0.927344 0.754687 0.9351559999999999 0.755469 0.953125 0.753906 0.9554690000000001 0.755469 0.959375 0.761719 0.970313 0.771875 0.972656 0.771875 0.9820309999999999 0.776563 0.984375 0.775781 0.9835939999999999 0.769531 0.973437 0.763281 0.96875 0.757031 0.9664059999999999 0.75 0.9601559999999999 0.748437 0.957812 0.746094 0.957031 0.742969 0.947656 0.739844 0.9304690000000001 0.739062
1 0.9554690000000001 0.607812 0.953125 0.620313 0.9554690000000001 0.622656 0.9554690000000001 0.628125 0.9523439999999999 0.634375 0.951562 0.640625 0.946875 0.641406 0.94375 0.639844 0.939063 0.639844 0.932031 0.646094 0.9304690000000001 0.649219 0.928125 0.666406 0.925781 0.673438 0.925 0.69375 0.932813 0.698438 0.940625 0.698438 0.94375 0.695312 0.9507809999999999 0.682813 0.954688 0.671875 0.9554690000000001 0.657031 0.9523439999999999 0.65 0.9523439999999999 0.645312 0.9625 0.6375 0.964063 0.632812 0.964063 0.625781 0.9617190000000001 0.621875 0.959375 0.610938
1 0.9085940000000001 0.310937 0.896094 0.310937 0.8898439999999999 0.314844 0.875 0.317188 0.863281 0.320312 0.851562 0.321094 0.8445310000000001 0.323437 0.842187 0.326562 0.840625 0.332813 0.844375 0.346094 0.85 0.362969 0.853125 0.346094 0.864687 0.336953 0.9039059999999999 0.321094 0.909375 0.314844
1 0.579688 0.21640600000000002 0.578906 0.22109399999999998 0.583594 0.227344 0.585938 0.234375 0.590625 0.239844 0.593281 0.24289100000000002 0.595469 0.24609399999999998 0.596719 0.248203 0.598594 0.250625 0.600234 0.252656 0.600313 0.254531 0.602109 0.256094 0.6 0.258594 0.603125 0.265625 0.611719 0.266406 0.617188 0.270313 0.625781 0.270313 0.630469 0.275 0.638281 0.2875 0.646094 0.295312 0.653125 0.299219 0.658594 0.299219 0.657813 0.292187 0.65 0.2875 0.642969 0.278906 0.641406 0.275 0.636719 0.271094 0.635938 0.267969 0.632031 0.264062 0.628906 0.255469 0.614062 0.24531200000000003 0.584375 0.217188
1 0.670312 0.271875 0.66875 0.275781 0.671094 0.280469 0.675781 0.285156 0.684375 0.288281 0.688281 0.291406 0.700781 0.311719 0.708594 0.320312 0.7125 0.322656 0.717187 0.322656 0.71875 0.321094 0.71875 0.315625 0.710938 0.296094 0.705469 0.291406 0.698438 0.282031 0.69375 0.277344 0.688281 0.275 0.683594 0.271094
1 0.741406 0.060156 0.746094 0.067969 0.763281 0.085938 0.767188 0.0875 0.771094 0.091406 0.772656 0.096094 0.782813 0.110937 0.786719 0.110156 0.790625 0.11171899999999998 0.798438 0.11796900000000002 0.8054690000000001 0.121094 0.8101559999999999 0.121094 0.8117189999999999 0.11953100000000001 0.807031 0.108594 0.802344 0.103125 0.797656 0.10078099999999998 0.791406 0.095312 0.784375 0.092969 0.784375 0.083594 0.767969 0.064844 0.764844 0.0625 0.748437 0.057813 0.74375 0.057813
1 0.835938 0.173437 0.834375 0.171875 0.820312 0.171875 0.815625 0.175781 0.809375 0.176563 0.800781 0.182031 0.800781 0.185938 0.804688 0.188281 0.810937 0.189062 0.821875 0.1875 0.834375 0.178125
1 0.364844 0.157031 0.364844 0.160156 0.373437 0.166406 0.3875 0.171875 0.4 0.171875 0.403906 0.174219 0.407813 0.179688 0.423438 0.185156 0.43828100000000003 0.185156 0.44531200000000004 0.182031 0.442969 0.177344 0.435937 0.173437 0.42265600000000003 0.169531 0.413281 0.164062 0.392188 0.164062 0.378906 0.160156 0.375 0.15625
1 0.43281200000000003 0.260156 0.430469 0.260156 0.428125 0.2625 0.428125 0.275 0.41718700000000003 0.2875 0.41718700000000003 0.29375 0.42109399999999997 0.294531 0.428906 0.290625 0.439844 0.282031 0.442969 0.282031 0.446875 0.279687 0.447656 0.275 0.440625 0.269531 0.43671899999999997 0.263281
1 0.432031 0.316406 0.428125 0.317969 0.428125 0.322656 0.43125 0.326562 0.43125 0.33125 0.42968799999999996 0.334375 0.42109399999999997 0.342187 0.419531 0.346875 0.428125 0.346094 0.435937 0.339844 0.441406 0.332813 0.440625 0.324219