2 0.032813 0.425 0.028905999999999998 0.425 0.022656 0.42968799999999996 0.021094 0.434375 0.008594 0.450781 0.00625 0.45781299999999997 0.0015629999999999997 0.461719 0 0.461719 0 0.494531 0.002344 0.494531 0.007031 0.485938 0.007031 0.482812 0.009375 0.478125 0.016406 0.46953100000000003 0.017969 0.4625 0.025781 0.444531 0.032813 0.43281200000000003
0 0.322656 0.086719 0.322656 0.069531 0.319531 0.05625 0.320312 0.015625 0.322656 0.007812000000000001 0.322656 0 0.311719 0 0.310937 0.010937 0.3125 0.033594 0.310937 0.035937 0.309375 0.032813 0.298438 0.021875 0.282813 0.014844 0.269531 0.0125 0.250781 0.014063 0.242969 0.016406 0.23046899999999998 0.022656 0.21875 0.032031 0.21875 0.033594 0.22343799999999997 0.036719 0.263281 0.039844 0.267188 0.041406 0.274219 0.041406 0.277344 0.042969 0.296094 0.044531 0.307812 0.05 0.313281 0.055469000000000004 0.317969 0.080469 0.317188 0.084375 0.319531 0.086719
1 0.11640599999999998 0.634375 0.12265600000000002 0.646875 0.125 0.649219 0.125 0.654687 0.128125 0.658594 0.128906 0.665625 0.132031 0.66875 0.139063 0.667969 0.1625 0.653906 0.185938 0.647656 0.188281 0.642969 0.186719 0.638281 0.164844 0.6375 0.15625 0.639062 0.146094 0.638281 0.133594 0.644531 0.13125 0.64375 0.126562 0.638281 0.121094 0.634375
1 0.404687 0.758594 0.386719 0.769531 0.373437 0.772656 0.365625 0.771875 0.365625 0.752344 0.35625 0.7375 0.353906 0.73125 0.349219 0.728906 0.346094 0.732031 0.346094 0.735938 0.342969 0.744531 0.346875 0.751563 0.349219 0.760938 0.352344 0.767188 0.352344 0.772656 0.34375 0.780469 0.338281 0.782813 0.329688 0.791406 0.333594 0.792969 0.338281 0.792969 0.341406 0.789844 0.346875 0.789062 0.360938 0.780469 0.377344 0.779687 0.385937 0.777344 0.397656 0.770312 0.403906 0.764062
1 0.183594 0.80625 0.188281 0.8125 0.197656 0.817187 0.211719 0.8304690000000001 0.220312 0.845313 0.220312 0.8507809999999999 0.224219 0.855469 0.227344 0.851562 0.235937 0.846875 0.24765600000000002 0.846875 0.267188 0.853906 0.278125 0.8601560000000001 0.285938 0.860938 0.290625 0.863281 0.296875 0.8617190000000001 0.296875 0.8570309999999999 0.2875 0.848437 0.270313 0.8375 0.257031 0.832031 0.246875 0.829688 0.2375 0.8304690000000001 0.233594 0.832031 0.23046899999999998 0.8351559999999999 0.22968700000000003 0.838281 0.226562 0.839844 0.224219 0.8375 0.22265600000000002 0.8289060000000001 0.217969 0.822656 0.20625 0.8132810000000001 0.201563 0.8117189999999999 0.20078100000000002 0.8101559999999999 0.190625 0.80625
1 0.315625 0.24765600000000002 0.314063 0.24765600000000002 0.310937 0.263281 0.304688 0.272656 0.298438 0.277344 0.290625 0.285156 0.289062 0.282813 0.285938 0.282813 0.288281 0.2875 0.285938 0.296094 0.285938 0.302344 0.282031 0.3125 0.278125 0.316406 0.271094 0.336719 0.271094 0.350781 0.275781 0.35 0.275781 0.348438 0.280469 0.34375 0.285938 0.330469 0.2875 0.329688 0.291406 0.322656 0.297656 0.307031 0.307031 0.295312 0.303906 0.290625 0.303906 0.288281 0.30625 0.284375 0.309375 0.282813 0.310937 0.275 0.316406 0.264062 0.317188 0.25
1 0.425781 0.028905999999999998 0.42656299999999997 0.032031 0.430469 0.032031 0.44531200000000004 0.026561999999999995 0.460156 0.026561999999999995 0.46796899999999997 0.028125 0.478906 0.033594 0.48359399999999997 0.039844 0.489844 0.04375 0.49921899999999997 0.033594 0.504687 0.030469000000000003 0.508594 0.030469000000000003 0.514844 0.033594 0.521094 0.041406 0.525 0.050781 0.528125 0.045312 0.523438 0.032031 0.516406 0.025 0.507031 0.021094 0.49921899999999997 0.022656 0.492969 0.028905999999999998 0.490625 0.034375 0.484375 0.021875 0.474219 0.014844 0.467187 0.011719 0.45390600000000003 0.011719 0.44375 0.014844 0.433594 0.020313
1 0.328906 0.542969 0.324219 0.540625 0.317188 0.542188 0.302344 0.552344 0.296875 0.553906 0.283594 0.555469 0.258594 0.555469 0.255469 0.55625 0.255469 0.560937 0.260156 0.564063 0.267188 0.564844 0.273438 0.567187 0.286719 0.56875 0.3 0.567969 0.31875 0.557813 0.328125 0.547656
2 0.292969 0.45 0.290625 0.451562 0.289062 0.471094 0.290625 0.488281 0.289062 0.490625 0.29375 0.498437 0.296094 0.49921899999999997 0.298438 0.496875 0.299219 0.49375 0.299219 0.475781 0.297656 0.472656 0.296094 0.459375 0.296875 0.450781
2 0.2625 0.30625 0.258594 0.30625 0.249219 0.311719 0.242969 0.313281 0.228125 0.321875 0.21640600000000002 0.332813 0.213281 0.3375 0.21406200000000003 0.340625 0.224219 0.342969 0.228906 0.342187 0.24375 0.328906 0.259375 0.3125 0.2625 0.310937
1 0.328906 0.375 0.325781 0.378906 0.325781 0.382031 0.332031 0.390625 0.333594 0.396875 0.328125 0.408594 0.333594 0.409375 0.335156 0.41093799999999997 0.335156 0.420312 0.33125 0.435156 0.332031 0.43671899999999997 0.335156 0.43671899999999997 0.345313 0.428125 0.35 0.41875 0.350781 0.4 0.346875 0.3875 0.34375 0.382812 0.334375 0.375781
2 0.335938 0.451562 0.335156 0.455469 0.3375 0.460156 0.3375 0.467187 0.339844 0.471094 0.339844 0.482031 0.341406 0.48515600000000003 0.346094 0.48515600000000003 0.348438 0.478906 0.348438 0.472656 0.346094 0.463281 0.342187 0.45390600000000003 0.338281 0.451562
1 0.109375 0.475781 0.10234400000000002 0.475781 0.0875 0.484375 0.073438 0.5 0.067969 0.510938 0.063281 0.510938 0.060937 0.5125 0.055469000000000004 0.5125 0.053905999999999996 0.514062 0.04375 0.515625 0.040625 0.517188 0.041406 0.521875 0.055469000000000004 0.528125 0.057031 0.529687 0.057031 0.532031 0.059375 0.533594 0.072656 0.532031 0.099219 0.502344 0.10078099999999998 0.497656 0.109375 0.484375