1 0.129688 0.367188 0.13125 0.371875 0.133594 0.374219 0.138281 0.375781 0.151562 0.389062 0.157812 0.389844 0.160938 0.392188 0.164844 0.397656 0.165625 0.400781 0.170313 0.404687 0.18125 0.408594 0.191406 0.416406 0.234375 0.428125 0.258594 0.43125 0.2875 0.430469 0.301563 0.424219 0.300781 0.419531 0.29375 0.41718700000000003 0.285938 0.416406 0.283594 0.41406200000000004 0.278125 0.414844 0.267969 0.4125 0.25 0.403125 0.24765600000000002 0.403125 0.235156 0.397656 0.21484399999999998 0.395313 0.203906 0.395313 0.194531 0.397656 0.188281 0.397656 0.178125 0.390625 0.171875 0.384375 0.1625 0.378906 0.148438 0.372656 0.142969 0.371875 0.139844 0.367969 0.135156 0.366406
1 0.322656 0.139063 0.320312 0.142969 0.324219 0.154688 0.327344 0.158594 0.327344 0.1625 0.332031 0.173437 0.334375 0.192969 0.332813 0.202344 0.329688 0.20781299999999997 0.328906 0.213281 0.332031 0.217188 0.338281 0.217188 0.34375 0.21484399999999998 0.355469 0.2 0.357031 0.194531 0.35625 0.178906 0.353906 0.172656 0.345313 0.167187 0.330469 0.146094 0.328906 0.141406 0.326562 0.139063
1 0 0.155469 0 0.176563 0.0015629999999999997 0.176563 0.005469 0.182031 0.009375 0.184375 0.03125 0.182812 0.064844 0.184375 0.073438 0.182812 0.077344 0.178906 0.077344 0.175781 0.075 0.173437 0.054688 0.165625 0.035156 0.161719 0.015625 0.161719 0.009375 0.163281 0.007031 0.160938 0.005469 0.15625
1 0.310156 0.814063 0.310156 0.81875 0.316406 0.826562 0.314844 0.839063 0.309375 0.845313 0.311719 0.851562 0.310156 0.864844 0.3125 0.86875 0.314063 0.88125 0.321875 0.898438 0.326562 0.903125 0.328906 0.8757810000000001 0.332813 0.864844 0.344531 0.8429689999999999 0.345313 0.832031 0.339844 0.817969 0.334375 0.815625 0.324219 0.816406
1 0.20546899999999998 0.808594 0.203125 0.8125 0.203125 0.816406 0.208594 0.8289060000000001 0.210938 0.8429689999999999 0.21406200000000003 0.846875 0.21406200000000003 0.8507809999999999 0.2125 0.853906 0.21406200000000003 0.853906 0.21640600000000002 0.857812 0.211719 0.871094 0.2125 0.885156 0.210938 0.892188 0.196875 0.915625 0.19375 0.923438 0.192969 0.9351559999999999 0.19375 0.939063 0.196875 0.941406 0.20078100000000002 0.940625 0.20703100000000002 0.935937 0.210156 0.9351559999999999 0.220312 0.925781 0.228125 0.910937 0.23203100000000002 0.8929690000000001 0.23125 0.873437 0.228906 0.8679690000000001 0.221875 0.8585939999999999 0.22343799999999997 0.851562 0.22265600000000002 0.840625 0.21875 0.833594 0.217188 0.8273439999999999 0.210156 0.817187 0.210156 0.814063 0.20703100000000002 0.8117189999999999
2 0.521875 0.021875 0.520312 0.021875 0.517188 0.027344 0.513281 0.027344 0.511719 0.029687 0.511719 0.032813 0.507031 0.035937 0.49921899999999997 0.054688 0.49921899999999997 0.070312 0.505469 0.086719 0.505469 0.089844 0.508594 0.092188 0.510156 0.092188 0.510156 0.079687 0.507812 0.071875 0.507812 0.061719 0.513281 0.042969 0.514062 0.034375 0.517188 0.030469000000000003 0.521875 0.029687 0.523438 0.025781
2 0.060937 0.821875 0.058594 0.8273439999999999 0.055469000000000004 0.8304690000000001 0.052344 0.838281 0.046875 0.8445310000000001 0.04375 0.8523440000000001 0.042188 0.8617190000000001 0.041406 0.902344 0.044531 0.9132809999999999 0.049219 0.9132809999999999 0.051562 0.9085940000000001 0.05625 0.878125 0.0625 0.859375 0.064844 0.832031 0.063281 0.825
2 0.771094 0.446875 0.76875 0.451562 0.76875 0.459375 0.771094 0.463281 0.771094 0.467187 0.776563 0.48125 0.777344 0.4875 0.782813 0.49375 0.7875 0.494531 0.7875 0.485938 0.785937 0.48359399999999997 0.785937 0.475781 0.784375 0.471094 0.784375 0.461719 0.78125 0.455469
1 0.442969 0.521094 0.442969 0.522656 0.44531200000000004 0.523438 0.446094 0.530469 0.45 0.533594 0.45234399999999997 0.542188 0.45781299999999997 0.551562 0.46875 0.564844 0.46953100000000003 0.567969 0.477344 0.578906 0.48125 0.580469 0.48359399999999997 0.592187 0.49375 0.609375 0.49531200000000003 0.609375 0.498437 0.6125 0.500781 0.61875 0.504687 0.621875 0.509375 0.623437 0.5125 0.628125 0.515625 0.645312 0.51875 0.653125 0.519531 0.660156 0.522656 0.667188 0.527344 0.697656 0.525781 0.721094 0.529687 0.748437 0.533594 0.761719 0.534375 0.76875 0.545312 0.8054690000000001 0.555469 0.83125 0.560156 0.8375 0.564844 0.8375 0.56875 0.834375 0.570312 0.8289060000000001 0.570312 0.8039059999999999 0.563281 0.755469 0.560156 0.746875 0.559375 0.739062 0.555469 0.724219 0.549219 0.709375 0.546094 0.69375 0.538281 0.673438 0.530469 0.657813 0.527344 0.646875 0.521875 0.635938 0.519531 0.621875 0.523438 0.615625 0.524219 0.6 0.521094 0.584375 0.515625 0.572656 0.514062 0.565625 0.507812 0.553906 0.50625 0.547656 0.503125 0.544531 0.502344 0.540625 0.497656 0.534375 0.488281 0.532031 0.4625 0.532031 0.460156 0.530469 0.45625 0.530469 0.451562 0.523438 0.449219 0.523438 0.446094 0.521094
1 0.475 0.752344 0.471875 0.755469 0.46796899999999997 0.773438 0.458594 0.795312 0.454688 0.799219 0.45 0.801562 0.45 0.807031 0.45625 0.8195309999999999 0.458594 0.8304690000000001 0.461719 0.8367190000000001 0.4625 0.842187 0.466406 0.8523440000000001 0.471094 0.8523440000000001 0.471094 0.8445310000000001 0.46093799999999996 0.8101559999999999 0.471875 0.800781 0.477344 0.790625 0.480469 0.776563 0.480469 0.766406 0.478906 0.757031
1 0.465625 0.4625 0.46093799999999996 0.4625 0.451562 0.470313 0.44578100000000004 0.47171900000000005 0.441406 0.474219 0.43828100000000003 0.478906 0.433594 0.482031 0.423438 0.484375 0.41718700000000003 0.489844 0.41406200000000004 0.494531 0.413281 0.501563 0.4 0.540625 0.4 0.549219 0.40546899999999997 0.546875 0.414844 0.5375 0.428125 0.517969 0.43125 0.510938 0.432031 0.503906 0.430469 0.49375 0.43281200000000003 0.491406 0.4375 0.490625 0.450781 0.482031 0.458594 0.475 0.46406200000000003 0.467187
2 0.120313 0.914062 0.11796900000000002 0.9148440000000001 0.11484399999999999 0.925 0.107813 0.9351559999999999 0.10625 0.9398440000000001 0.10625 0.957031 0.108594 0.964063 0.110937 0.965625 0.11484399999999999 0.963281 0.11875 0.9554690000000001 0.121094 0.941406 0.11953100000000001 0.928125 0.124219 0.916406
2 0.158594 0.767969 0.153125 0.761719 0.15 0.761719 0.141406 0.766406 0.135937 0.772656 0.129688 0.776563 0.124219 0.782031 0.121094 0.786719 0.121875 0.790625 0.123438 0.791406 0.124219 0.789844 0.132812 0.7875 0.141406 0.780469 0.142969 0.780469 0.150781 0.772656 0.158594 0.772656
2 0.13125 0.621875 0.126562 0.621094 0.11640599999999998 0.636719 0.109375 0.64375 0.107813 0.647656 0.103125 0.652344 0.1 0.652344 0.096875 0.655469 0.09375 0.661719 0.094531 0.667188 0.105469 0.667188 0.113281 0.6625 0.128125 0.657031 0.135156 0.652344 0.139063 0.645312 0.139063 0.638281 0.135937 0.632031 0.135156 0.627344