0 0.24375 0.196875 0.24375 0.202344 0.246875 0.20703100000000002 0.246875 0.210156 0.250781 0.22109399999999998 0.266406 0.24765600000000002 0.266406 0.249219 0.261719 0.251563 0.258594 0.255469 0.258594 0.260156 0.260937 0.264062 0.267969 0.26875 0.271094 0.272656 0.277344 0.275781 0.308594 0.2875 0.327344 0.296094 0.341406 0.299219 0.347656 0.299219 0.35 0.296875 0.349219 0.290625 0.330469 0.274219 0.307031 0.259375 0.286719 0.249219 0.283594 0.24531200000000003 0.283594 0.235937 0.280469 0.23125 0.255469 0.202344 0.250781 0.199219
2 0.8617190000000001 0.853125 0.860938 0.8570309999999999 0.853125 0.870313 0.8523440000000001 0.876563 0.849219 0.884375 0.85 0.889062 0.8523440000000001 0.8898439999999999 0.860938 0.889062 0.86875 0.8820309999999999 0.870313 0.878906 0.870313 0.869531 0.8679690000000001 0.860938 0.865625 0.8570309999999999 0.8625 0.855469
0 0.146094 0.741406 0.146094 0.753125 0.173437 0.753125 0.182812 0.765625 0.196094 0.774219 0.208594 0.778125 0.215625 0.782031 0.228125 0.795312 0.233594 0.796094 0.244531 0.800781 0.253125 0.802344 0.258594 0.802344 0.264062 0.8 0.263281 0.789844 0.260937 0.785156 0.250781 0.775 0.22968700000000003 0.758594 0.217188 0.752344 0.199219 0.739062 0.183594 0.738281 0.175 0.742969 0.167187 0.739844 0.149219 0.739062
1 0.478125 0.753906 0.474219 0.753125 0.458594 0.771875 0.454688 0.771875 0.44843700000000003 0.767969 0.44375 0.76875 0.441406 0.771875 0.441406 0.776563 0.44375 0.78125 0.45234399999999997 0.792188 0.45625 0.801562 0.459375 0.8039059999999999 0.470313 0.8039059999999999 0.475 0.8 0.475781 0.79375 0.474219 0.791406 0.474219 0.7875 0.47968700000000003 0.771875 0.47968700000000003 0.758594
1 0.357031 0.178125 0.364844 0.184375 0.379688 0.183594 0.388281 0.186719 0.421875 0.183594 0.43125 0.180469 0.44375 0.16875 0.444531 0.164844 0.43828100000000003 0.164062 0.430469 0.167969 0.420312 0.16875 0.416406 0.164844 0.41093799999999997 0.163281 0.389844 0.163281 0.385937 0.164844 0.380469 0.170313 0.367188 0.171094 0.360156 0.173437 0.357031 0.175781
1 0.596094 0.8835940000000001 0.597656 0.8882809999999999 0.603125 0.89375 0.608594 0.896875 0.617969 0.90625 0.622656 0.916406 0.625 0.917969 0.63125 0.917969 0.632812 0.916406 0.633594 0.911719 0.635938 0.909375 0.644531 0.9054689999999999 0.646875 0.902344 0.646875 0.9 0.64375 0.898438 0.634375 0.900781 0.627344 0.9 0.621875 0.896875 0.615625 0.890625 0.6125 0.8898439999999999 0.607812 0.884375 0.6 0.88125
1 0.094531 0.689063 0.095312 0.692969 0.098437 0.694531 0.10078099999999998 0.697656 0.10625 0.698438 0.11171899999999998 0.696875 0.11640599999999998 0.699219 0.135937 0.714063 0.142187 0.717187 0.147656 0.722656 0.15625 0.726562 0.167187 0.729688 0.174219 0.729688 0.180469 0.728125 0.196875 0.728906 0.196875 0.724219 0.19375 0.721094 0.180469 0.714063 0.165625 0.700781 0.160156 0.698438 0.149219 0.696875 0.136719 0.689844 0.11796900000000002 0.682031 0.115625 0.679688 0.110156 0.679688 0.10078099999999998 0.689063 0.096094 0.6875
0 0.174219 0.571094 0.170313 0.571875 0.157812 0.579688 0.146875 0.589063 0.141406 0.60625 0.141406 0.615625 0.145313 0.623437 0.148438 0.625 0.153906 0.63125 0.153125 0.642188 0.148438 0.65 0.148438 0.653906 0.144531 0.664062 0.141406 0.689063 0.142969 0.689844 0.142969 0.692969 0.144531 0.694531 0.157031 0.7 0.160156 0.698438 0.167969 0.686719 0.173437 0.671875 0.174219 0.657031 0.172656 0.649219 0.169531 0.646094 0.169531 0.642969 0.170313 0.642188 0.171875 0.644531 0.175 0.644531 0.184375 0.639062 0.185938 0.635156 0.183594 0.620313 0.178906 0.610938 0.175 0.607812 0.174219 0.605469
1 0.23203100000000002 0.797656 0.228125 0.798438 0.224219 0.823438 0.22109399999999998 0.829688 0.22109399999999998 0.832812 0.21640600000000002 0.833594 0.215625 0.845313 0.21875 0.85625 0.22109399999999998 0.8585939999999999 0.225 0.8601560000000001 0.228906 0.85625 0.23671899999999998 0.8601560000000001 0.2375 0.8757810000000001 0.239844 0.8898439999999999 0.242969 0.898438 0.24609399999999998 0.91875 0.248438 0.9226560000000001 0.250781 0.9210939999999999 0.252344 0.914062 0.253125 0.8820309999999999 0.251563 0.870313 0.248438 0.8625 0.24531200000000003 0.8585939999999999 0.24609399999999998 0.8054690000000001 0.24375 0.800781
0 0.036719 0.516406 0.036719 0.520312 0.034375 0.525781 0.032031 0.5375 0.03125 0.55625 0.033594 0.5625 0.036719 0.564844 0.039062 0.570312 0.042188 0.573438 0.042188 0.575781 0.040625 0.576562 0.036719 0.574219 0.035937 0.582031 0.033594 0.586719 0.032813 0.60625 0.034375 0.614844 0.034375 0.624219 0.036719 0.638281 0.039844 0.646875 0.042969 0.648438 0.048438 0.648438 0.053905999999999996 0.646094 0.05625 0.639844 0.057813 0.629687 0.058594 0.603125 0.055469000000000004 0.599219 0.055469000000000004 0.595313 0.047656 0.592187 0.047656 0.5875 0.046094 0.585156 0.046094 0.582031 0.047656 0.579688 0.046094 0.576562 0.048438 0.573438 0.050781 0.578125 0.053125 0.578906 0.060937 0.573438 0.075 0.56875 0.077344 0.566406 0.079687 0.55625 0.078125 0.550781 0.071875 0.54375 0.064844 0.545312 0.052344 0.560156 0.050781 0.557031 0.050781 0.551562 0.046094 0.535156 0.04375 0.520312 0.041406 0.516406
1 0.832031 0.130469 0.832031 0.139063 0.833594 0.14375 0.848437 0.165625 0.8601560000000001 0.189062 0.880469 0.21875 0.8929690000000001 0.22968700000000003 0.895312 0.227344 0.896094 0.22343799999999997 0.892188 0.217969 0.8914060000000001 0.20781299999999997 0.886719 0.191406 0.88125 0.177344 0.871094 0.158594 0.85 0.133594 0.8414059999999999 0.130469
1 0.110937 0.403906 0.11171899999999998 0.407813 0.11875 0.413281 0.146094 0.423438 0.155469 0.428125 0.190625 0.439063 0.202344 0.439063 0.204687 0.440625 0.2125 0.440625 0.21484399999999998 0.44218799999999997 0.224219 0.440625 0.228125 0.44375 0.242188 0.444531 0.253906 0.449219 0.274219 0.45390600000000003 0.310156 0.455469 0.307812 0.450781 0.272656 0.435937 0.253125 0.430469 0.235937 0.428906 0.22265600000000002 0.424219 0.21406200000000003 0.416406 0.209375 0.41406200000000004 0.178125 0.409375 0.1625 0.404687 0.151562 0.404687 0.13125 0.40156200000000003 0.11484399999999999 0.402344
1 0.127344 0.311719 0.120313 0.310937 0.11953100000000001 0.309375 0.11484399999999999 0.307812 0.11484399999999999 0.310156 0.108594 0.314844 0.082031 0.320312 0.065625 0.321875 0.060156 0.325781 0.057813 0.335156 0.053125 0.341406 0.053125 0.346094 0.049219 0.355469 0.048438 0.361719 0.06875 0.359375 0.071094 0.353906 0.071094 0.35 0.075 0.34375 0.086719 0.335938 0.096875 0.332813 0.120313 0.322656 0.125781 0.31875 0.128125 0.314844
1 0.21406200000000003 0.010937 0.2125 0.014063 0.227344 0.026561999999999995 0.22968700000000003 0.035937 0.22968700000000003 0.044531 0.225781 0.059375 0.21875 0.075781 0.217969 0.084375 0.220312 0.085938 0.225 0.084375 0.22968700000000003 0.072656 0.23671899999999998 0.063281 0.244531 0.066406 0.24765600000000002 0.069531 0.264062 0.078125 0.277344 0.089844 0.278906 0.092969 0.294531 0.110156 0.302344 0.11640599999999998 0.307031 0.115625 0.307812 0.110156 0.304688 0.096094 0.2875 0.070312 0.278906 0.060156 0.26875 0.051562 0.260156 0.046875 0.249219 0.046875 0.239844 0.050781 0.23671899999999998 0.050781 0.235937 0.04375 0.239844 0.028125 0.234375 0.014063 0.226562 0.010937