1 0.217188 0.302344 0.211719 0.298438 0.210938 0.292187 0.208594 0.286719 0.20171900000000004 0.277734 0.20078100000000002 0.286641 0.203125 0.29375 0.2 0.299219 0.188281 0.302344 0.176563 0.307812 0.146875 0.316406 0.142969 0.31875 0.138281 0.31875 0.125781 0.325781 0.125781 0.327344 0.130469 0.329688 0.152344 0.327344 0.178125 0.321094 0.183594 0.321094 0.189844 0.31875 0.198437 0.317969 0.20625 0.314844 0.217969 0.307031
1 0.25625 0.7875 0.25625 0.771875 0.253125 0.763281 0.253125 0.759375 0.25 0.754687 0.248438 0.745313 0.246875 0.742969 0.24765600000000002 0.7375 0.257031 0.728125 0.258594 0.725 0.257812 0.721094 0.253906 0.71875 0.24765600000000002 0.717969 0.209375 0.721875 0.190625 0.728125 0.164844 0.734375 0.159375 0.739844 0.161719 0.74375 0.165625 0.745313 0.18125 0.747656 0.192188 0.747656 0.196094 0.749219 0.2125 0.747656 0.227344 0.74375 0.23828100000000002 0.742969 0.239844 0.744531 0.23906299999999997 0.759375 0.241406 0.76875 0.244531 0.775781 0.251563 0.785156
1 0.196875 0.032813 0.2 0.04375 0.204687 0.052344 0.213281 0.060937 0.208594 0.063281 0.20546899999999998 0.063281 0.20140600000000003 0.065625 0.19625 0.067969 0.191406 0.067969 0.1875 0.072656 0.208594 0.073438 0.214922 0.072891 0.222031 0.070625 0.23125 0.06875 0.235937 0.060156 0.228906 0.05625 0.225 0.055469000000000004 0.217969 0.046875 0.213281 0.04375 0.20703100000000002 0.036719 0.201563 0.033594
1 0.371094 0.153906 0.367188 0.153906 0.358594 0.150781 0.349219 0.140625 0.34375 0.142187 0.345313 0.145313 0.344531 0.15 0.341406 0.15 0.335156 0.153125 0.330469 0.153906 0.326562 0.158594 0.3625 0.160156 0.364063 0.157812 0.370312 0.155469
2 0.089844 0.501563 0.092188 0.505469 0.1 0.5125 0.12265600000000002 0.525 0.128906 0.521875 0.136719 0.514062 0.136719 0.508594 0.135156 0.507031 0.130469 0.507031 0.127344 0.504687 0.11171899999999998 0.505469 0.096875 0.500781 0.091406 0.5
1 0.199219 0.595313 0.196875 0.594531 0.192188 0.6 0.190625 0.60625 0.192969 0.622656 0.196094 0.627344 0.196094 0.630469 0.1875 0.633594 0.178906 0.639062 0.163281 0.652344 0.160156 0.65625 0.160156 0.661719 0.161719 0.664844 0.166406 0.661719 0.178906 0.649219 0.183594 0.646875 0.189844 0.641406 0.21406200000000003 0.632031 0.219531 0.628125 0.21875 0.620313 0.209375 0.620313 0.204687 0.614062 0.201563 0.598437
1 0.085156 0.779687 0.082031 0.779687 0.079687 0.782031 0.078125 0.797656 0.078906 0.8125 0.082031 0.8273439999999999 0.0875 0.834375 0.091406 0.8367190000000001 0.10078099999999998 0.838281 0.10390600000000001 0.839844 0.105469 0.8429689999999999 0.101562 0.847656 0.091406 0.854688 0.078125 0.871875 0.061719 0.886719 0.059375 0.8914060000000001 0.044531 0.907813 0.034375 0.9242190000000001 0.024219 0.947656 0.023438 0.95625 0.025 0.957812 0.033594 0.9539060000000001 0.04375 0.951562 0.0625 0.932813 0.066406 0.925 0.078125 0.911719 0.094531 0.8976559999999999 0.1 0.8914060000000001 0.1125 0.882812 0.117188 0.875 0.11953100000000001 0.873437 0.11875 0.869531 0.130469 0.853125 0.130469 0.8414059999999999 0.127344 0.839844 0.11484399999999999 0.839844 0.110937 0.8351559999999999 0.10625 0.824219 0.092969 0.802344 0.0875 0.782031
1 0.328125 0.882812 0.325781 0.880469 0.321094 0.880469 0.300781 0.8835940000000001 0.296094 0.8820309999999999 0.289844 0.8820309999999999 0.286719 0.884375 0.284375 0.884375 0.290625 0.8875 0.294531 0.892188 0.290625 0.896094 0.285938 0.909375 0.288281 0.910156 0.291406 0.909375 0.295312 0.90625 0.299219 0.90625 0.304688 0.903125 0.315625 0.89375 0.325781 0.890625 0.328125 0.8875
1 0.547656 0.9460940000000001 0.541406 0.959375 0.54375 0.9617190000000001 0.547656 0.963281 0.552344 0.963281 0.557031 0.965625 0.560156 0.9757809999999999 0.561719 1 0.586719 1 0.585938 0.974219 0.584375 0.970313 0.575 0.957812 0.570312 0.9460940000000001 0.56875 0.9445309999999999
2 0.522656 0.710156 0.517188 0.710938 0.516406 0.722656 0.514062 0.732031 0.513359 0.735938 0.511328 0.739219 0.511016 0.741016 0.508594 0.744141 0.507031 0.746094 0.511094 0.745937 0.513359 0.744688 0.515469 0.742578 0.518359 0.740391 0.522422 0.738125 0.521875 0.735938 0.521875 0.732812 0.526563 0.725781 0.527344 0.715625
1 0.505469 0.55625 0.503125 0.560156 0.504687 0.565625 0.501563 0.573438 0.502344 0.579688 0.510938 0.584375 0.521094 0.585156 0.528906 0.6 0.532031 0.603125 0.535937 0.603125 0.541406 0.591406 0.546875 0.586719 0.547656 0.582812 0.532031 0.570312 0.525 0.56875 0.515625 0.564063 0.510156 0.558594
1 0.46796899999999997 0.41406200000000004 0.465625 0.413281 0.4625 0.414844 0.45781299999999997 0.427344 0.45781299999999997 0.43671899999999997 0.46093799999999996 0.44375 0.460156 0.447656 0.42109399999999997 0.459375 0.409375 0.465625 0.408594 0.46875 0.417969 0.46875 0.434375 0.463281 0.44843700000000003 0.46093799999999996 0.451562 0.458594 0.455469 0.459375 0.45781299999999997 0.457031 0.46796899999999997 0.453125 0.46953100000000003 0.450781 0.475 0.450781 0.475781 0.446094 0.471094 0.43671899999999997 0.470313 0.42265600000000003
1 0.328125 0.48515600000000003 0.3125 0.47656200000000004 0.305469 0.47656200000000004 0.303125 0.478125 0.303906 0.482031 0.310937 0.486719 0.310937 0.490625 0.309375 0.49375 0.309375 0.497656 0.30625 0.5 0.297656 0.513281 0.298438 0.517188 0.303125 0.517188 0.314844 0.513281 0.31875 0.507812 0.328125 0.502344 0.332031 0.498437 0.33125 0.49218799999999996
1 0.509375 0.423438 0.49375 0.41875 0.497656 0.428125 0.507031 0.43828100000000003 0.510938 0.439844 0.509375 0.441406 0.509375 0.44531200000000004 0.510938 0.447656 0.500781 0.45781299999999997 0.49921899999999997 0.45781299999999997 0.489844 0.46796899999999997 0.4875 0.47343799999999997 0.482031 0.478125 0.474219 0.489844 0.470313 0.49921899999999997 0.470313 0.503906 0.466406 0.515625 0.466406 0.519531 0.46953100000000003 0.519531 0.475 0.516406 0.485938 0.504687 0.486719 0.502344 0.505469 0.48359399999999997 0.526563 0.465625 0.532031 0.459375 0.532813 0.455469 0.536719 0.451562 0.536719 0.446094 0.533594 0.44218799999999997 0.533594 0.439063 0.528125 0.43828100000000003 0.519531 0.43125 0.515625 0.42968799999999996
1 0.625 0.435156 0.61875 0.435156 0.617969 0.439844 0.614844 0.442969 0.611719 0.442969 0.605469 0.439063 0.603125 0.439063 0.601562 0.440625 0.600781 0.44375 0.609375 0.455469 0.60625 0.463281 0.598437 0.46875 0.591406 0.478906 0.591406 0.48125 0.5875 0.485938 0.583594 0.49531200000000003 0.583594 0.500781 0.592187 0.498437 0.600781 0.49218799999999996 0.603906 0.491406 0.619531 0.478906 0.626563 0.471094 0.630469 0.46875 0.635938 0.470313 0.639062 0.467187 0.639844 0.454688 0.635156 0.45 0.635156 0.44843700000000003 0.625 0.439063
1 0.397656 0.311016 0.40109399999999995 0.314688 0.4066409999999999 0.317266 0.414375 0.319141 0.419922 0.320391 0.423438 0.322656 0.43281200000000003 0.325 0.450859 0.322891 0.4575 0.324141 0.4475779999999999 0.332578 0.440547 0.336797 0.44156300000000004 0.340313 0.44578100000000004 0.338906 0.45 0.3375 0.453125 0.333594 0.460156 0.332031 0.471094 0.325 0.48359399999999997 0.319531 0.48359399999999997 0.313281 0.472656 0.310937 0.439063 0.3125 0.428125 0.310156 0.415625 0.310156
1 0.442969 0.077344 0.440625 0.080469 0.453125 0.089844 0.45195299999999994 0.097734 0.448906 0.104297 0.448984 0.108984 0.454141 0.109922 0.460156 0.10390600000000001 0.461719 0.098437 0.465625 0.092969 0.46796899999999997 0.092969 0.470313 0.096094 0.471875 0.096094 0.475781 0.091406 0.474219 0.0875 0.457031 0.082812 0.44843700000000003 0.077344
1 0.540625 0.089844 0.540625 0.092188 0.544531 0.096875 0.545312 0.1 0.552344 0.10703100000000002 0.563281 0.1125 0.564063 0.117188 0.560937 0.124219 0.560937 0.129688 0.563281 0.132812 0.571094 0.13125 0.5875 0.11953100000000001 0.5875 0.11484399999999999 0.580469 0.113281 0.575781 0.10703100000000002 0.559375 0.099219 0.546875 0.089063
1 0.796094 0.589844 0.79375 0.590625 0.792969 0.594531 0.789844 0.596875 0.784375 0.605469 0.78125 0.607031 0.7625 0.607031 0.767188 0.611719 0.775 0.616406 0.783594 0.617969 0.7875 0.620313 0.788281 0.63125 0.7875 0.638281 0.785937 0.640625 0.785937 0.648438 0.790625 0.650781 0.795312 0.65 0.804688 0.636719 0.807813 0.629687 0.809375 0.620313 0.808594 0.610156 0.807031 0.605469 0.799219 0.595313 0.799219 0.591406
1 0.685156 0.724219 0.683594 0.728906 0.685156 0.732031 0.691406 0.7375 0.696875 0.747656 0.696875 0.764062 0.698438 0.766406 0.701562 0.767188 0.708594 0.7625 0.709375 0.751563 0.713281 0.747656 0.717969 0.739844 0.719531 0.734375 0.713281 0.726562 0.703125 0.728125
1 0.86875 0.728125 0.86875 0.735156 0.8757810000000001 0.738281 0.879687 0.742188 0.885938 0.742188 0.892188 0.739844 0.895312 0.742188 0.898438 0.742188 0.901563 0.740625 0.903125 0.736719 0.902344 0.73125 0.900781 0.729688 0.896875 0.729688 0.8882809999999999 0.724219 0.878125 0.724219 0.8726559999999999 0.728125
0 0.9851560000000001 0.403906 0.978906 0.403906 0.963281 0.41406200000000004 0.958594 0.414844 0.954688 0.41875 0.9539060000000001 0.421875 0.949219 0.425 0.917969 0.424219 0.9148440000000001 0.425781 0.914062 0.428125 0.9210939999999999 0.432031 0.940625 0.435156 0.942187 0.439844 0.939063 0.44218799999999997 0.933594 0.44218799999999997 0.9195309999999999 0.450781 0.9039059999999999 0.470313 0.8992190000000001 0.48906299999999997 0.8914060000000001 0.503906 0.892188 0.510156 0.896875 0.509375 0.909375 0.5 0.916406 0.489844 0.921875 0.475781 0.928125 0.46796899999999997 0.93125 0.46796899999999997 0.934375 0.472656 0.9367189999999999 0.472656 0.9398440000000001 0.46953100000000003 0.942187 0.471094 0.945312 0.471094 0.942969 0.467187 0.946875 0.463281 0.948438 0.458594 0.948438 0.439844 0.959375 0.435156 0.967187 0.435937 0.9679689999999999 0.432031 0.9710940000000001 0.428906 0.975 0.432031 0.975 0.428125 0.979688 0.424219 0.978906 0.420312 0.9835939999999999 0.419531 0.9851560000000001 0.41718700000000003
0 0.84375 0.21640600000000002 0.842187 0.21875 0.8429689999999999 0.225781 0.8414059999999999 0.227344 0.839844 0.233594 0.840625 0.241406 0.845313 0.251563 0.851562 0.258594 0.851562 0.260156 0.854688 0.260937 0.8570309999999999 0.259375 0.8585939999999999 0.264062 0.86875 0.271094 0.8757810000000001 0.285938 0.876563 0.292187 0.880469 0.303125 0.885156 0.307812 0.886719 0.303125 0.8875 0.290625 0.8914060000000001 0.283594 0.8882809999999999 0.260156 0.885156 0.255469 0.88125 0.255469 0.878125 0.252344 0.8742189999999999 0.239844 0.8679690000000001 0.23046899999999998 0.849219 0.217969
1 0.763281 0.173437 0.764062 0.186719 0.767188 0.192969 0.767188 0.196875 0.759375 0.204687 0.759375 0.20703100000000002 0.767969 0.20781299999999997 0.774219 0.203906 0.778906 0.203906 0.78125 0.20625 0.78125 0.21875 0.783594 0.22109399999999998 0.785156 0.215625 0.789062 0.213281 0.789062 0.209375 0.791406 0.20703100000000002 0.791406 0.201563 0.789062 0.192188 0.778125 0.178906 0.76875 0.173437
1 0.8 0 0.797656 0 0.798438 0.007031 0.801562 0.007812000000000001 0.801562 0.013280999999999998 0.796875 0.016406 0.789844 0.016406 0.779687 0.022656 0.771094 0.032813 0.764062 0.045312 0.760938 0.053125 0.760156 0.060156 0.75625 0.072656 0.75625 0.078125 0.757812 0.079687 0.760938 0.079687 0.764844 0.076563 0.772656 0.065625 0.795312 0.041406 0.799219 0.034375 0.810937 0.024219 0.810937 0.01875 0.804688 0.013280999999999998 0.803125 0.007031 0.800781 0.004687
1 0.915625 0 0.915625 0.004687 0.925781 0.022656 0.932813 0.029687 0.94375 0.047656 0.948438 0.047656 0.9507809999999999 0.042969 0.954688 0.039062 0.959375 0.0375 0.9601559999999999 0.032813 0.9554690000000001 0.028905999999999998 0.953125 0.025 0.946875 0.024219 0.940625 0.021094 0.925 0.007812000000000001 0.920312 0.002344 0.920312 0
2 0.9664059999999999 0.124219 0.964844 0.127344 0.9757809999999999 0.146875 0.985938 0.159375 1 0.160156 1 0.155469 0.998437 0.155469 0.995313 0.151562 0.988281 0.147656 0.9820309999999999 0.141406 0.974219 0.130469 0.96875 0.125
1 0.76875 0.9625 0.767188 0.960938 0.7625 0.9601559999999999 0.753125 0.963281 0.735156 0.965625 0.728906 0.970313 0.725 0.970313 0.7125 0.974219 0.700781 0.982812 0.696094 0.984375 0.682031 0.99375 0.678125 0.9976559999999999 0.678125 1 0.739062 1 0.739062 0.998437 0.764844 0.971875 0.767969 0.967187
2 0.23671899999999998 0.989844 0.23671899999999998 0.994531 0.242188 0.9976559999999999 0.242969 1 0.280469 1 0.280469 0.996094 0.278906 0.9929690000000001 0.273438 0.989844 0.254688 0.989062 0.24765600000000002 0.9875 0.242969 0.9875