1 0.420312 0.434375 0.414844 0.432031 0.404687 0.43125 0.399219 0.432813 0.395312 0.4375 0.394531 0.449219 0.396875 0.451562 0.39843799999999996 0.488281 0.402344 0.503125 0.403125 0.5125 0.40546899999999997 0.51875 0.40546899999999997 0.526562 0.40703100000000003 0.533594 0.414844 0.545312 0.417188 0.545312 0.417188 0.533594 0.41406200000000004 0.51875 0.410937 0.486719 0.40703100000000003 0.472656 0.40703100000000003 0.466406 0.410937 0.455469 0.419531 0.451562 0.426562 0.451562 0.439063 0.458594 0.446094 0.45625 0.449219 0.45234399999999997 0.449219 0.447656 0.450781 0.44375 0.45 0.433594 0.446875 0.430469 0.442969 0.430469 0.428906 0.434375 0.420312 0.434375
0 0.474219 0.192969 0.471094 0.178906 0.466406 0.164844 0.460156 0.15234399999999998 0.447656 0.13828100000000002 0.447656 0.134375 0.451562 0.13125 0.45390600000000003 0.110156 0.45625 0.10078100000000001 0.45625 0.09531300000000001 0.453125 0.089063 0.453125 0.07968800000000001 0.450781 0.07421900000000001 0.448125 0.068828 0.447656 0.064844 0.433594 0.035156 0.423438 0.021093999999999998 0.417188 0.009375 0.411719 0.007031 0.407813 0.0125 0.404687 0.021875 0.403906 0.030469000000000003 0.410937 0.054688 0.415625 0.06640599999999999 0.41875 0.083594 0.421875 0.091406 0.425781 0.109375 0.432031 0.12343699999999999 0.43125 0.12734399999999998 0.439063 0.135156 0.43828100000000003 0.15234399999999998 0.439844 0.16796899999999998 0.44375 0.185937 0.44531200000000004 0.1875 0.45 0.203906 0.4625 0.224219 0.471875 0.234375 0.478906 0.235156 0.482031 0.22968799999999998 0.48125 0.2125 0.474219 0.192969
0 0.689844 0.135938 0.685937 0.13281199999999999 0.673438 0.132031 0.660156 0.12890600000000002 0.621875 0.11640600000000001 0.614844 0.1125 0.610156 0.10781199999999999 0.609375 0.104688 0.605469 0.101562 0.591406 0.098437 0.564063 0.088281 0.54375 0.083594 0.534375 0.083594 0.534375 0.088281 0.546094 0.1 0.563281 0.113281 0.589062 0.12734399999999998 0.5875 0.132031 0.584375 0.134375 0.5875 0.1375 0.6 0.134375 0.603906 0.132031 0.611719 0.13125 0.633594 0.147656 0.644531 0.146875 0.666406 0.150781 0.684375 0.14843800000000001 0.701562 0.149219 0.703125 0.146875 0.703125 0.142188 0.701562 0.140625 0.689844 0.135938
1 0.692969 0.096094 0.685937 0.099219 0.6875 0.10234399999999999 0.696875 0.10703100000000002 0.701562 0.11093800000000001 0.70625 0.15234399999999998 0.710938 0.16015600000000002 0.713281 0.16015600000000002 0.715625 0.157813 0.717969 0.15234399999999998 0.720313 0.135938 0.720313 0.124219 0.714062 0.11171899999999998 0.735938 0.104688 0.742188 0.104688 0.74375 0.103125 0.741406 0.099219 0.701562 0.099219 0.698437 0.096875 0.692969 0.096094
1 0 0.8570309999999999 0.00625 0.859375 0.01875 0.8695309999999999 0.026562999999999996 0.8734379999999999 0.040625 0.878125 0.046875 0.8773440000000001 0.046094 0.8757809999999999 0.041406 0.875 0.034375 0.8679690000000001 0.036719 0.8648440000000001 0.044531 0.8617190000000001 0.047656 0.8578129999999999 0.047656 0.8523440000000001 0.05 0.8460940000000001 0.049219 0.84375 0.044531 0.84375 0.036719 0.8492190000000001 0.029687 0.847656 0.014844 0.840625 0.007031 0.832813 0.0023439999999999997 0.8257809999999999 0 0.8257809999999999 0 0.8570309999999999
1 0.067187 0.726562 0.065625 0.704688 0.063281 0.702344 0.060156 0.695312 0.055469000000000004 0.677344 0.055469000000000004 0.671094 0.052344 0.667969 0.053125 0.664844 0.057031 0.667187 0.059375 0.660156 0.063281 0.654687 0.067187 0.639062 0.06640599999999999 0.626563 0.06406300000000001 0.623437 0.06406300000000001 0.619531 0.060156 0.608594 0.057031 0.603906 0.05625 0.597656 0.052344 0.596094 0.047656 0.599219 0.044531 0.603906 0.044531 0.607812 0.046094 0.607812 0.048437999999999995 0.610938 0.046875 0.6375 0.047656 0.678125 0.045312000000000005 0.684375 0.04375 0.696094 0.04375 0.709375 0.045312000000000005 0.717187 0.057813 0.741406 0.060937 0.744531 0.067969 0.75625 0.071094 0.758594 0.073438 0.758594 0.075 0.757031 0.075 0.754688 0.067187 0.726562
1 0.030469000000000003 0.55625 0.032812999999999995 0.558594 0.0375 0.558594 0.039844000000000004 0.560156 0.0375 0.561719 0.036719 0.564844 0.03125 0.571094 0.028125 0.578906 0.027344 0.595313 0.029687 0.604687 0.032812999999999995 0.609375 0.038280999999999996 0.609375 0.04375 0.602344 0.044531 0.582813 0.050781 0.5625 0.050781 0.560156 0.045312000000000005 0.557031 0.039062 0.550781 0.039062 0.548438 0.042969 0.545312 0.041406 0.542187 0.036719 0.542969 0.029687 0.552344 0.030469000000000003 0.55625
1 0.139062 0.800781 0.146875 0.799219 0.146875 0.796875 0.13828100000000002 0.79375 0.13281199999999999 0.788281 0.129687 0.776562 0.124219 0.76875 0.125 0.763281 0.12265600000000002 0.760156 0.11875 0.766406 0.11875 0.769531 0.11640600000000001 0.775 0.117188 0.8 0.11953100000000001 0.8101559999999999 0.124219 0.820312 0.129687 0.825 0.134375 0.825 0.1375 0.820312 0.13671899999999998 0.803125 0.139062 0.800781
1 0.185937 0.741406 0.16875 0.73125 0.166406 0.728125 0.157813 0.732812 0.15390600000000002 0.732812 0.146875 0.735938 0.140625 0.735938 0.146094 0.738281 0.15 0.742969 0.159375 0.74375 0.17968800000000001 0.748437 0.18515600000000002 0.750781 0.18984399999999998 0.750781 0.18984399999999998 0.747656 0.185937 0.74375 0.185937 0.741406
2 0.2375 0.703125 0.235156 0.702344 0.23203100000000002 0.703906 0.23203100000000002 0.714844 0.234375 0.724219 0.23281200000000002 0.728906 0.23593799999999998 0.735938 0.239844 0.739063 0.24375 0.739063 0.24609399999999998 0.742188 0.263281 0.754688 0.26640600000000003 0.754688 0.26640600000000003 0.749219 0.244531 0.717969 0.2375 0.703125
1 0.367969 0.816406 0.360938 0.823437 0.357031 0.824219 0.357031 0.83125 0.355469 0.8367190000000001 0.347656 0.848438 0.348437 0.8617190000000001 0.346875 0.8664059999999999 0.346875 0.8820309999999999 0.349219 0.8882809999999999 0.360938 0.8820309999999999 0.365625 0.8773440000000001 0.365625 0.8742190000000001 0.369531 0.86875 0.371094 0.8617190000000001 0.373437 0.8578129999999999 0.37578100000000003 0.846875 0.376563 0.8289059999999999 0.38125 0.821875 0.394531 0.81875 0.403125 0.8148440000000001 0.401563 0.8109379999999999 0.392969 0.8117190000000001 0.375 0.816406 0.367969 0.816406
1 0.467187 0.86875 0.450781 0.8804690000000001 0.447656 0.878906 0.44375 0.875 0.439063 0.8757809999999999 0.439063 0.8773440000000001 0.442187 0.8804690000000001 0.442969 0.884375 0.44531200000000004 0.886719 0.45 0.8882809999999999 0.448438 0.8914059999999999 0.448438 0.895312 0.45234399999999997 0.9070309999999999 0.453125 0.9148440000000001 0.457031 0.926562 0.464063 0.9359379999999999 0.464063 0.9398440000000001 0.46953100000000003 0.9445309999999999 0.474219 0.951562 0.482812 0.954688 0.4875 0.959375 0.490625 0.9585940000000001 0.48515600000000003 0.9460940000000001 0.474219 0.9304690000000001 0.471875 0.9234370000000001 0.451562 0.8882809999999999 0.455469 0.886719 0.465625 0.8914059999999999 0.473437 0.8914059999999999 0.478906 0.8898440000000001 0.489062 0.88125 0.495313 0.870312 0.5 0.847656 0.501563 0.8460940000000001 0.5 0.84375 0.49375 0.8445309999999999 0.486719 0.8492190000000001 0.467187 0.86875
1 0.528906 0.88125 0.522656 0.8757809999999999 0.510156 0.8695309999999999 0.498437 0.865625 0.496875 0.867188 0.496875 0.871094 0.503906 0.8765620000000001 0.514844 0.8898440000000001 0.521094 0.89375 0.53125 0.8960940000000001 0.535938 0.89375 0.538281 0.8890629999999999 0.541406 0.8882809999999999 0.541406 0.884375 0.534375 0.8835940000000001 0.528906 0.88125
1 0.603125 0.917969 0.592969 0.9203129999999999 0.589062 0.925 0.589062 0.928125 0.592969 0.93125 0.6 0.932813 0.614063 0.9320309999999999 0.625781 0.928125 0.628906 0.925781 0.629688 0.9234370000000001 0.627344 0.9203129999999999 0.616406 0.917969 0.603125 0.917969
1 0.692969 0.9148440000000001 0.686719 0.9132809999999999 0.676563 0.9078120000000001 0.676563 0.9148440000000001 0.682812 0.9242190000000001 0.684375 0.945312 0.688281 0.9695309999999999 0.6875 0.9867190000000001 0.689844 0.9945309999999999 0.69375 0.9976559999999999 0.698437 0.9976559999999999 0.699219 0.992188 0.696094 0.9773440000000001 0.696094 0.964844 0.692969 0.939063 0.690625 0.9320309999999999 0.6875 0.929688 0.686719 0.9273440000000001 0.689844 0.925781 0.702344 0.9304690000000001 0.716406 0.9320309999999999 0.723438 0.928125 0.73125 0.91875 0.733594 0.914062 0.732812 0.909375 0.724219 0.909375 0.710156 0.9132809999999999 0.692969 0.9148440000000001
1 0.8421879999999999 0.9039059999999999 0.83125 0.902344 0.791406 0.8820309999999999 0.782031 0.879687 0.769531 0.879687 0.760937 0.878125 0.755469 0.879687 0.742969 0.878906 0.739063 0.8804690000000001 0.74375 0.8851559999999999 0.757031 0.8875 0.764844 0.8875 0.7671870000000001 0.8890629999999999 0.772656 0.8898440000000001 0.778125 0.894531 0.7828120000000001 0.9070309999999999 0.788281 0.9125 0.801563 0.921875 0.8109379999999999 0.925 0.8140620000000001 0.9273440000000001 0.8265629999999999 0.9289059999999999 0.8351559999999999 0.9320309999999999 0.8460940000000001 0.9320309999999999 0.8585940000000001 0.928125 0.859375 0.9234370000000001 0.8539059999999999 0.9148440000000001 0.8421879999999999 0.9039059999999999
1 0.8569530000000001 0.801719 0.852266 0.8046089999999999 0.847031 0.8058590000000001 0.841484 0.808438 0.8335940000000001 0.8109379999999999 0.8296870000000001 0.8125 0.825 0.8117190000000001 0.820312 0.8132809999999999 0.8148440000000001 0.8132809999999999 0.809375 0.8195309999999999 0.8054690000000001 0.821875 0.8054690000000001 0.8289059999999999 0.807812 0.8335940000000001 0.807812 0.8460940000000001 0.8109379999999999 0.8609370000000001 0.8109379999999999 0.8679690000000001 0.8132809999999999 0.8742190000000001 0.8140620000000001 0.885938 0.816406 0.884375 0.8179690000000001 0.879687 0.8179690000000001 0.8757809999999999 0.816406 0.8726559999999999 0.816406 0.8601559999999999 0.8148440000000001 0.8570309999999999 0.8148440000000001 0.846875 0.817188 0.8445309999999999 0.8226559999999999 0.84375 0.823437 0.835938 0.8265629999999999 0.832813 0.853125 0.8210940000000001 0.8765620000000001 0.804688 0.879687 0.799219 0.8874219999999999 0.791641 0.873672 0.793984 0.8631249999999999 0.798828 0.8569530000000001 0.801719
2 0.773438 0.777344 0.772656 0.772656 0.767969 0.764844 0.763281 0.763281 0.763281 0.771875 0.767969 0.7875 0.778906 0.8039059999999999 0.7828120000000001 0.803125 0.7828120000000001 0.7984370000000001 0.780469 0.790625 0.773438 0.777344
1 0.9820309999999999 0.750781 0.979687 0.7515620000000001 0.973438 0.757812 0.9742190000000001 0.764844 0.9851559999999999 0.775781 0.9859370000000001 0.784375 0.988281 0.7875 0.990625 0.7875 0.992188 0.785938 0.99375 0.780469 0.996875 0.775781 0.9945309999999999 0.771094 0.9945309999999999 0.764844 0.9976559999999999 0.747656 0.99375 0.741406 0.990625 0.740625 0.9875 0.742969 0.9859370000000001 0.746875 0.9820309999999999 0.750781
2 0.9289059999999999 0.8773440000000001 0.9195309999999999 0.8773440000000001 0.9117190000000001 0.88125 0.9070309999999999 0.8882809999999999 0.9070309999999999 0.8929690000000001 0.910937 0.894531 0.9203129999999999 0.894531 0.9382809999999999 0.890625 0.9523440000000001 0.8914059999999999 0.957812 0.8898440000000001 0.9585940000000001 0.8882809999999999 0.953125 0.884375 0.9429690000000001 0.8804690000000001 0.9289059999999999 0.8773440000000001
1 0.915625 0.61875 0.909375 0.615625 0.9125 0.614063 0.9242190000000001 0.613281 0.9242190000000001 0.610156 0.9078120000000001 0.598438 0.885938 0.589062 0.8695309999999999 0.578906 0.863281 0.579688 0.8679690000000001 0.583594 0.8820309999999999 0.603906 0.894531 0.615625 0.895312 0.617969 0.91875 0.63125 0.921875 0.63125 0.9226559999999999 0.626563 0.915625 0.621875 0.915625 0.61875
1 0.9398440000000001 0.591406 0.9203129999999999 0.575 0.9054690000000001 0.564844 0.9 0.558594 0.89375 0.553906 0.8921870000000001 0.542969 0.8898440000000001 0.539844 0.8742190000000001 0.536719 0.8414059999999999 0.535156 0.8289059999999999 0.539062 0.8273440000000001 0.540625 0.8273440000000001 0.544531 0.834375 0.548438 0.8460940000000001 0.55 0.8570309999999999 0.553906 0.8734379999999999 0.557031 0.8734379999999999 0.559375 0.867188 0.564063 0.865625 0.567969 0.8617190000000001 0.571875 0.8617190000000001 0.576562 0.8648440000000001 0.578906 0.8648440000000001 0.580469 0.8664059999999999 0.579688 0.8679690000000001 0.575781 0.8851559999999999 0.564844 0.9070309999999999 0.584375 0.9234370000000001 0.594531 0.9382809999999999 0.6 0.949219 0.6 0.946875 0.597656 0.946875 0.595313 0.9398440000000001 0.591406
2 0.775781 0.61875 0.774219 0.613281 0.767969 0.60625 0.765625 0.59375 0.763281 0.589062 0.7625 0.579688 0.759375 0.578125 0.753906 0.586719 0.754688 0.601562 0.757812 0.608594 0.7640629999999999 0.611719 0.7640629999999999 0.616406 0.7671870000000001 0.621875 0.775 0.628125 0.778125 0.627344 0.778125 0.621875 0.775781 0.61875
2 0.875 0.471094 0.8765620000000001 0.484375 0.879844 0.49179700000000004 0.8835940000000001 0.480469 0.8851559999999999 0.439844 0.8835940000000001 0.426562 0.8820309999999999 0.423438 0.8773440000000001 0.42109399999999997 0.875 0.423438 0.8734379999999999 0.43125 0.875 0.471094
1 0.9375 0.29609399999999997 0.9351559999999999 0.29765600000000003 0.9304690000000001 0.294531 0.9234370000000001 0.292969 0.909375 0.285156 0.903125 0.286719 0.9007809999999999 0.289844 0.8992190000000001 0.307813 0.896875 0.310156 0.898438 0.316406 0.896875 0.33593799999999996 0.8976559999999999 0.34453100000000003 0.901563 0.34453100000000003 0.910937 0.334375 0.910937 0.330469 0.9148440000000001 0.317969 0.915625 0.29765600000000003 0.925 0.300781 0.933594 0.301562 0.939063 0.30468799999999996 0.9523440000000001 0.305469 0.9539059999999999 0.302344 0.951562 0.3 0.9429690000000001 0.29609399999999997 0.9375 0.29609399999999997
1 0.8289059999999999 0.286719 0.8265629999999999 0.282813 0.8148440000000001 0.270312 0.8117190000000001 0.271094 0.8109379999999999 0.272656 0.8101559999999999 0.271875 0.8101559999999999 0.263281 0.804688 0.254687 0.8 0.25078100000000003 0.7953129999999999 0.25078100000000003 0.792187 0.25625 0.792187 0.261719 0.788281 0.278125 0.789062 0.303125 0.790625 0.30468799999999996 0.7953129999999999 0.303906 0.8023440000000001 0.29609399999999997 0.80625 0.285937 0.8109379999999999 0.284375 0.8148440000000001 0.2875 0.816406 0.290625 0.823437 0.29609399999999997 0.8289059999999999 0.303906 0.83125 0.303906 0.832031 0.298438 0.8296870000000001 0.29375 0.8289059999999999 0.286719
1 0.736719 0.46093799999999996 0.732812 0.459375 0.696875 0.45625 0.685156 0.453125 0.677344 0.453125 0.660156 0.45 0.644531 0.442187 0.642188 0.442187 0.640625 0.44531200000000004 0.645313 0.471094 0.647656 0.475 0.647656 0.480469 0.652344 0.496094 0.653984 0.499141 0.655859 0.503437 0.6586719999999999 0.510703 0.659844 0.5191410000000001 0.6643749999999999 0.539141 0.664922 0.521328 0.665625 0.505469 0.663281 0.49921899999999997 0.6625 0.488281 0.660156 0.482812 0.660156 0.478125 0.657813 0.474219 0.657813 0.46875 0.660156 0.467187 0.660938 0.4625 0.6625 0.4625 0.663281 0.464844 0.666406 0.467187 0.675781 0.470313 0.685156 0.475781 0.688281 0.478906 0.688281 0.482812 0.690625 0.482812 0.692188 0.480469 0.694531 0.479688 0.729687 0.479688 0.748437 0.473437 0.752344 0.470313 0.760156 0.46875 0.761719 0.467187 0.758594 0.464063 0.752344 0.4625 0.736719 0.46093799999999996
1 0.689844 0.739844 0.695312 0.734375 0.696094 0.728125 0.682812 0.710938 0.680469 0.705469 0.675781 0.700781 0.671875 0.699219 0.670312 0.696875 0.664844 0.696875 0.6625 0.711719 0.660938 0.713281 0.65625 0.713281 0.653906 0.711719 0.655469 0.721094 0.6625 0.729687 0.665625 0.73125 0.671094 0.73125 0.673438 0.728906 0.675781 0.73125 0.692969 0.760156 0.696094 0.772656 0.7 0.777344 0.702344 0.777344 0.704688 0.775 0.702344 0.764844 0.689844 0.739844
1 0.545312 0.591406 0.534375 0.592187 0.532031 0.594531 0.532031 0.6125 0.5387500000000001 0.6260939999999999 0.545391 0.635469 0.549219 0.6404690000000001 0.550312 0.645547 0.553203 0.651797 0.555859 0.658047 0.557031 0.648828 0.556406 0.642578 0.554531 0.634297 0.553125 0.626797 0.553125 0.621094 0.552344 0.615625 0.554688 0.613281 0.566406 0.615625 0.579688 0.614063 0.596094 0.602344 0.600781 0.600781 0.603125 0.591406 0.6 0.589062 0.551563 0.592969 0.545312 0.591406
1 0.639844 0.185937 0.639844 0.180469 0.634375 0.18125 0.625781 0.188281 0.621875 0.196094 0.61875 0.208594 0.620312 0.210156 0.623437 0.210156 0.623437 0.208594 0.628906 0.203125 0.635156 0.202344 0.64375 0.209375 0.658594 0.210938 0.660938 0.209375 0.651562 0.203906 0.642188 0.194531 0.639844 0.185937
2 0.676563 0.36875 0.673438 0.357031 0.66875 0.347656 0.66875 0.335156 0.665625 0.33125 0.657031 0.332031 0.653906 0.333594 0.651562 0.340625 0.653125 0.348437 0.663281 0.367969 0.670312 0.378125 0.673438 0.380469 0.675781 0.380469 0.678906 0.378125 0.678906 0.371875 0.676563 0.36875
1 0.707813 0.208594 0.703906 0.202344 0.69375 0.190625 0.684375 0.18359399999999998 0.682031 0.180469 0.678906 0.182031 0.676563 0.185937 0.676563 0.19375 0.678906 0.20156200000000002 0.684375 0.210938 0.696094 0.22343700000000002 0.704688 0.226562 0.720313 0.246875 0.723438 0.249219 0.725781 0.249219 0.726562 0.24375 0.711719 0.22031299999999998 0.707813 0.208594
0 0.4375 0.35156200000000004 0.435156 0.35156200000000004 0.4125 0.34375 0.403125 0.34453100000000003 0.367969 0.340625 0.346094 0.334375 0.33125 0.32734399999999997 0.314063 0.325781 0.307813 0.321875 0.307813 0.317969 0.305469 0.317187 0.302344 0.31875 0.299219 0.342187 0.294531 0.34296899999999997 0.292969 0.346094 0.267188 0.3625 0.263281 0.36718799999999996 0.25078100000000003 0.377344 0.228906 0.390625 0.227344 0.392969 0.228906 0.396094 0.235156 0.396094 0.242969 0.394531 0.253906 0.38984399999999997 0.264062 0.388281 0.269531 0.385156 0.278906 0.38281200000000004 0.28906200000000004 0.376563 0.295312 0.370313 0.301562 0.373437 0.301562 0.380234 0.303359 0.388125 0.306094 0.37921900000000003 0.306016 0.367266 0.304375 0.356719 0.30960899999999997 0.354297 0.311797 0.348125 0.31171899999999997 0.34375 0.310937 0.338281 0.31171899999999997 0.32890600000000003 0.31328100000000003 0.326562 0.315625 0.326562 0.317187 0.328125 0.317187 0.335156 0.31875 0.339063 0.332031 0.35625 0.34375 0.363281 0.369531 0.373437 0.389062 0.376563 0.40703100000000003 0.376563 0.41406200000000004 0.37421899999999997 0.421875 0.373437 0.440625 0.365625 0.44531200000000004 0.361719 0.44531200000000004 0.357031 0.440625 0.352344 0.439844 0.349219 0.4375 0.35156200000000004
1 0.310937 0.41406200000000004 0.305469 0.414844 0.296875 0.413281 0.295312 0.414844 0.29609399999999997 0.417188 0.3 0.419531 0.303906 0.427344 0.310156 0.444531 0.31171899999999997 0.442969 0.310937 0.427344 0.31328100000000003 0.425 0.319531 0.424219 0.334375 0.414844 0.346875 0.400781 0.348437 0.396875 0.347656 0.395312 0.342187 0.396094 0.328125 0.40625 0.310937 0.41406200000000004
1 0.45 0.567969 0.444531 0.560156 0.439844 0.555469 0.435156 0.554688 0.432813 0.558594 0.428125 0.575781 0.428125 0.589062 0.42968799999999996 0.592969 0.434375 0.592969 0.440625 0.582031 0.446094 0.578125 0.45390600000000003 0.585938 0.459375 0.586719 0.459375 0.582031 0.453125 0.575 0.45 0.567969
2 0.401563 0.5875 0.397656 0.566406 0.39375 0.560937 0.392969 0.550781 0.39140600000000003 0.550781 0.384375 0.557812 0.377344 0.567969 0.37578100000000003 0.574219 0.37578100000000003 0.58125 0.38281200000000004 0.590625 0.380469 0.596094 0.383594 0.596875 0.385938 0.599219 0.3875 0.603906 0.39375 0.608594 0.394531 0.611719 0.400781 0.613281 0.404687 0.611719 0.40625 0.599219 0.401563 0.5875
1 0.31328100000000003 0.540625 0.30625 0.529687 0.302344 0.525781 0.30625 0.517969 0.30625 0.514844 0.310937 0.514844 0.310937 0.505469 0.303125 0.494531 0.29765600000000003 0.49375 0.285937 0.502344 0.283594 0.509375 0.285156 0.517969 0.2875 0.522656 0.29765600000000003 0.529687 0.302344 0.542187 0.308594 0.550781 0.3125 0.560937 0.3125 0.564063 0.316406 0.570312 0.321875 0.597656 0.326562 0.597656 0.32734399999999997 0.586719 0.325 0.567969 0.31328100000000003 0.540625
2 0.392188 0.610938 0.39140600000000003 0.60625 0.3875 0.597656 0.378125 0.589062 0.36875 0.585938 0.366406 0.592969 0.371094 0.596094 0.3875 0.613281 0.388281 0.616406 0.395312 0.625781 0.39843799999999996 0.626563 0.39843799999999996 0.61875 0.396094 0.614063 0.392188 0.610938
1 0.522656 0.540625 0.521875 0.533594 0.519531 0.528906 0.51875 0.517188 0.520313 0.501563 0.514062 0.500781 0.5125 0.498437 0.510156 0.485938 0.508594 0.464063 0.50625 0.457031 0.502344 0.450781 0.497656 0.450781 0.496094 0.458594 0.495313 0.482812 0.496875 0.486719 0.497656 0.495313 0.503125 0.504688 0.505469 0.50625 0.510937 0.50625 0.513281 0.508594 0.511719 0.529687 0.513281 0.533594 0.514062 0.542187 0.51875 0.552344 0.5224219999999999 0.556562 0.524219 0.560937 0.530312 0.5650000000000001 0.536484 0.569531 0.542734 0.570703 0.53125 0.55625 0.522656 0.540625
1 0.91875 0.19921899999999998 0.910937 0.196875 0.9078120000000001 0.196875 0.910156 0.19921899999999998 0.9085940000000001 0.202344 0.9046879999999999 0.203125 0.9046879999999999 0.20546899999999998 0.9234370000000001 0.224219 0.9277340000000001 0.22609400000000002 0.937187 0.229453 0.93125 0.221875 0.9289059999999999 0.21640600000000002 0.93125 0.21406299999999998 0.940625 0.213281 0.949219 0.209375 0.949219 0.20468799999999998 0.925781 0.19921899999999998 0.91875 0.19921899999999998
1 0.870312 0.11484399999999999 0.868438 0.113125 0.8664059999999999 0.110156 0.8585940000000001 0.1 0.859375 0.096094 0.865625 0.091406 0.871875 0.080469 0.8726559999999999 0.067969 0.871094 0.063281 0.8679690000000001 0.061719 0.859375 0.069531 0.854687 0.071875 0.8539059999999999 0.075781 0.846875 0.086719 0.8460940000000001 0.096875 0.853125 0.108594 0.8570309999999999 0.11093800000000001 0.871875 0.125781 0.88125 0.129687 0.8835940000000001 0.128125 0.8835940000000001 0.126563 0.870312 0.11484399999999999
2 0.564063 0.49218799999999996 0.552344 0.497656 0.539844 0.500781 0.536719 0.503125 0.535938 0.50625 0.539844 0.510156 0.549219 0.515625 0.55625 0.517969 0.560937 0.516406 0.566406 0.517188 0.582031 0.511719 0.590625 0.504688 0.596094 0.497656 0.5875 0.489062 0.583594 0.4875 0.564063 0.49218799999999996
2 0.646875 0.589062 0.640625 0.580469 0.635156 0.576562 0.630469 0.576562 0.627344 0.579688 0.627344 0.584375 0.636719 0.599219 0.641406 0.614844 0.646875 0.615625 0.65 0.60625 0.65 0.601562 0.646875 0.589062