1 0.15859399999999998 0.209375 0.184375 0.235156 0.189062 0.2375 0.19531199999999999 0.23828100000000002 0.196875 0.239844 0.188281 0.259375 0.189062 0.264062 0.19375 0.263281 0.20781299999999997 0.242969 0.21875 0.232813 0.217969 0.228125 0.210156 0.22265600000000002 0.19921899999999998 0.22265600000000002 0.182031 0.215625 0.16953100000000002 0.20546899999999998 0.15390600000000002 0.19531199999999999 0.15390600000000002 0.202344 0.15859399999999998 0.209375
1 0.290625 0.646875 0.289844 0.660937 0.292969 0.682031 0.296875 0.692969 0.303906 0.702344 0.30781200000000003 0.705469 0.298438 0.709375 0.29375 0.716406 0.284375 0.724219 0.28203100000000003 0.727344 0.28203100000000003 0.732812 0.2875 0.73125 0.29218700000000003 0.725781 0.298438 0.721094 0.310937 0.717969 0.316406 0.711719 0.322656 0.708594 0.32343700000000003 0.707031 0.322656 0.703125 0.32031200000000004 0.700781 0.3125 0.685937 0.307031 0.671094 0.302344 0.65 0.3 0.645312 0.3 0.640625 0.302344 0.638281 0.295312 0.632031 0.291406 0.63125 0.28906200000000004 0.633594 0.290625 0.646875
1 0.17578100000000002 0.526563 0.180469 0.539844 0.18125 0.546094 0.18359399999999998 0.548438 0.177344 0.55 0.160938 0.557813 0.15234399999999998 0.563281 0.140625 0.576562 0.1375 0.583594 0.139063 0.588281 0.142187 0.590625 0.146875 0.591406 0.14843800000000001 0.5875 0.153125 0.585938 0.154688 0.583594 0.165625 0.578125 0.171094 0.571875 0.18515600000000002 0.5625 0.194531 0.560156 0.196094 0.558594 0.19531199999999999 0.553906 0.190625 0.549219 0.190625 0.542188 0.184375 0.535937 0.182031 0.526563 0.178125 0.523438 0.178125 0.521094 0.173437 0.519531 0.173437 0.524219 0.17578100000000002 0.526563
1 0.248438 0.513281 0.242188 0.532031 0.241406 0.546875 0.24531200000000003 0.55625 0.249219 0.560937 0.24531200000000003 0.563281 0.226562 0.566406 0.22109399999999998 0.570312 0.208594 0.573438 0.20546899999999998 0.575781 0.20703100000000002 0.578906 0.217188 0.582031 0.21875 0.579688 0.22343799999999997 0.578125 0.233594 0.577344 0.24609399999999998 0.572656 0.249219 0.572656 0.252344 0.569531 0.26093700000000003 0.56875 0.2625 0.563281 0.261719 0.504687 0.260156 0.502344 0.25625 0.503906 0.248438 0.513281
1 0.284375 0.540625 0.275781 0.557031 0.274219 0.565625 0.274219 0.575781 0.278906 0.5875 0.278125 0.594531 0.275 0.596875 0.26640600000000003 0.598437 0.252344 0.605469 0.24765600000000002 0.60625 0.23046899999999998 0.613281 0.228906 0.615625 0.217969 0.622656 0.215625 0.626563 0.21640600000000002 0.628125 0.228125 0.628125 0.255469 0.619531 0.264062 0.615625 0.275 0.613281 0.28203100000000003 0.608594 0.28906200000000004 0.600781 0.29218700000000003 0.594531 0.292969 0.567969 0.298438 0.539844 0.298438 0.534375 0.29609399999999997 0.53125 0.290625 0.533594 0.284375 0.540625
1 0.380469 0.847656 0.376563 0.8507809999999999 0.371094 0.851562 0.360938 0.845313 0.35859399999999997 0.848437 0.359375 0.854688 0.3625 0.8570309999999999 0.3625 0.8585940000000001 0.349219 0.8648440000000001 0.345313 0.8679690000000001 0.342187 0.8679690000000001 0.341406 0.871094 0.34296899999999997 0.873437 0.338281 0.878906 0.335156 0.8851559999999999 0.338281 0.885938 0.341406 0.8835940000000001 0.34843799999999997 0.88125 0.350781 0.878906 0.355469 0.878125 0.365625 0.871875 0.373437 0.86875 0.37968799999999997 0.863281 0.389062 0.857812 0.389062 0.8523440000000001 0.385156 0.847656 0.380469 0.847656
1 0.829688 0.451562 0.8273440000000001 0.454688 0.8273440000000001 0.4875 0.8257809999999999 0.491406 0.8226559999999999 0.494531 0.817187 0.49218799999999996 0.798438 0.488281 0.790625 0.488281 0.788281 0.489844 0.778906 0.491406 0.758594 0.498437 0.747656 0.504687 0.7375 0.5125 0.735156 0.516406 0.735156 0.51875 0.746094 0.521094 0.771094 0.522656 0.785937 0.522656 0.791406 0.521094 0.799219 0.521875 0.8023440000000001 0.520312 0.8070309999999999 0.520312 0.8125 0.516406 0.821875 0.514844 0.8289059999999999 0.511719 0.832031 0.50625 0.83125 0.501563 0.834375 0.496875 0.835938 0.491406 0.835938 0.475 0.8335940000000001 0.453125 0.832031 0.451562 0.829688 0.451562
1 0.9539059999999999 0.538281 0.9507809999999999 0.538281 0.9445309999999999 0.534375 0.925781 0.527344 0.8929690000000001 0.524219 0.884375 0.525 0.873437 0.528906 0.870313 0.532031 0.870313 0.534375 0.876563 0.540625 0.890625 0.545312 0.9054690000000001 0.547656 0.925 0.553125 0.9445309999999999 0.553125 0.946875 0.552344 0.951562 0.546094 0.957031 0.546094 0.965625 0.541406 0.9710940000000001 0.535156 0.9710940000000001 0.523438 0.959375 0.535156 0.9539059999999999 0.538281
1 0.751563 0.578906 0.759375 0.578125 0.764844 0.576562 0.767969 0.574219 0.771875 0.574219 0.778125 0.576562 0.780469 0.578906 0.783594 0.608594 0.792188 0.627344 0.8054690000000001 0.64375 0.8117190000000001 0.646094 0.81875 0.650781 0.826562 0.650781 0.826562 0.642188 0.823438 0.639844 0.825 0.632031 0.823438 0.624219 0.8101559999999999 0.60625 0.807813 0.6 0.8070309999999999 0.590625 0.801562 0.578125 0.798438 0.574219 0.789844 0.571094 0.7875 0.56875 0.785937 0.564063 0.78125 0.560937 0.778906 0.560937 0.765625 0.567187 0.760156 0.565625 0.751563 0.566406 0.742188 0.560937 0.736719 0.560937 0.734375 0.564844 0.742188 0.573438 0.751563 0.578906
2 0.8125 0.66875 0.8125 0.676562 0.817187 0.689063 0.821875 0.692969 0.823438 0.692187 0.825 0.688281 0.825 0.670312 0.828125 0.663281 0.828125 0.658594 0.826562 0.657813 0.826562 0.651563 0.8210940000000001 0.654687 0.8125 0.66875
2 0.651563 0.740625 0.653125 0.744531 0.653125 0.757031 0.655469 0.767188 0.658594 0.771094 0.666406 0.771875 0.670312 0.767188 0.666406 0.763281 0.664062 0.75625 0.663281 0.748437 0.659375 0.739062 0.653906 0.735156 0.652344 0.736719 0.651563 0.740625
1 0.8429690000000001 0.9117190000000001 0.8445309999999999 0.9242190000000001 0.8492190000000001 0.9375 0.857812 0.95 0.85625 0.9539059999999999 0.845313 0.965625 0.8364839999999999 0.9798439999999999 0.845703 0.974375 0.855469 0.9679690000000001 0.8585940000000001 0.964844 0.8601559999999999 0.960938 0.859375 0.9554690000000001 0.8625 0.953125 0.867188 0.9532809999999999 0.872734 0.9550000000000001 0.873594 0.9561719999999999 0.875703 0.954922 0.878125 0.953125 0.875469 0.949219 0.873437 0.939063 0.8601559999999999 0.9117190000000001 0.8585940000000001 0.90625 0.85 0.889062 0.845313 0.886719 0.8429690000000001 0.889062 0.8429690000000001 0.9117190000000001