2 0.538281 1 0.538281 0.998437 0.542187 0.99375 0.549219 0.9914059999999999 0.565625 0.9789059999999999 0.570312 0.9773440000000001 0.575 0.9710940000000001 0.575 0.967187 0.567188 0.967187 0.555469 0.9742190000000001 0.5375 0.9820309999999999 0.530469 0.9835940000000001 0.521875 0.990625 0.517188 0.9929690000000001 0.514062 0.9929690000000001 0.505469 0.9976559999999999 0.505469 1 0.538281 1
0 1 0.677344 0.992188 0.677344 0.984375 0.679688 0.94375 0.680469 0.9304690000000001 0.677344 0.9132809999999999 0.677344 0.9132809999999999 0.680469 0.915625 0.682812 0.9195309999999999 0.682031 0.9445309999999999 0.686719 0.95 0.692188 0.9554690000000001 0.703906 0.957031 0.722656 0.9585940000000001 0.725781 0.9585940000000001 0.732812 0.9601559999999999 0.736719 0.9632809999999999 0.776562 0.9664059999999999 0.78125 0.9679690000000001 0.78125 0.9773440000000001 0.769531 0.9835940000000001 0.757031 0.9859370000000001 0.749219 0.9875 0.730469 0.9851559999999999 0.717187 0.978125 0.701562 0.967187 0.690625 0.964063 0.689063 0.9664059999999999 0.6875 0.989063 0.689063 1 0.688281 1 0.677344
1 0.35625 0.86875 0.355469 0.8664059999999999 0.361719 0.8539059999999999 0.360938 0.84375 0.3625 0.8351559999999999 0.361719 0.8132809999999999 0.357031 0.8117190000000001 0.352344 0.8140620000000001 0.346094 0.8375 0.332031 0.8609370000000001 0.33125 0.8679690000000001 0.334375 0.871094 0.341406 0.871875 0.345313 0.875 0.350781 0.875 0.353125 0.8773440000000001 0.365625 0.8835940000000001 0.365625 0.878906 0.361719 0.8734379999999999 0.35625 0.86875
1 0.22265600000000002 0.614063 0.22031299999999998 0.622656 0.219531 0.639062 0.210938 0.653125 0.210156 0.658594 0.20703100000000002 0.661719 0.20703100000000002 0.666406 0.208594 0.670312 0.21718700000000002 0.661719 0.219531 0.65625 0.227344 0.647656 0.23281200000000002 0.647656 0.23906200000000002 0.650781 0.24843700000000002 0.653125 0.255469 0.657031 0.264062 0.653906 0.267969 0.653906 0.271094 0.650781 0.26875 0.646094 0.2625 0.64375 0.24765600000000002 0.634375 0.228125 0.634375 0.227344 0.626563 0.23046899999999998 0.613281 0.241406 0.595313 0.23593799999999998 0.596094 0.22968799999999998 0.602344 0.22265600000000002 0.614063
1 0.188281 0.7984370000000001 0.186719 0.79375 0.177344 0.782031 0.171094 0.777344 0.1625 0.775781 0.16015600000000002 0.773438 0.161719 0.770313 0.164844 0.769531 0.16796899999999998 0.766406 0.16953100000000002 0.7625 0.170312 0.753125 0.16796899999999998 0.742969 0.1625 0.729687 0.151563 0.7125 0.14296899999999998 0.703125 0.13828100000000002 0.703125 0.13671899999999998 0.709375 0.139062 0.714062 0.139844 0.721875 0.146094 0.732812 0.153125 0.752344 0.153125 0.7640629999999999 0.14843800000000001 0.772656 0.14453100000000002 0.775781 0.149219 0.7796879999999999 0.154687 0.7796879999999999 0.16953100000000002 0.788281 0.182813 0.8023440000000001 0.1875 0.8117190000000001 0.19375 0.816406 0.19375 0.809375 0.18984399999999998 0.799219 0.188281 0.7984370000000001
1 0.725 0.689063 0.717187 0.690625 0.715625 0.69375 0.711719 0.696094 0.709375 0.696094 0.704688 0.692969 0.692969 0.702344 0.677344 0.708594 0.670312 0.7125 0.669531 0.714062 0.65625 0.719531 0.651562 0.724219 0.65 0.724219 0.649219 0.728906 0.663281 0.728906 0.683594 0.721875 0.6875 0.717969 0.697656 0.714062 0.703906 0.714062 0.7125 0.711719 0.717187 0.714062 0.717187 0.710938 0.714844 0.709375 0.722656 0.701562 0.727344 0.695312 0.736719 0.689063 0.752344 0.685937 0.752344 0.684375 0.75 0.682812 0.735938 0.683594 0.725 0.689063
1 0.988281 0.546094 0.988281 0.532813 0.9851559999999999 0.525781 0.978125 0.515625 0.965625 0.509375 0.9710940000000001 0.507031 0.9773440000000001 0.500781 0.9789059999999999 0.492969 0.975 0.48359399999999997 0.9679690000000001 0.47656200000000004 0.954688 0.471875 0.949219 0.475 0.9585940000000001 0.478906 0.9664059999999999 0.48515600000000003 0.9695309999999999 0.491406 0.9695309999999999 0.495313 0.9664059999999999 0.500781 0.95625 0.510156 0.9601559999999999 0.516406 0.9664059999999999 0.521094 0.971875 0.532031 0.973438 0.539844 0.973438 0.554688 0.9679690000000001 0.569531 0.9679690000000001 0.573437 0.9710940000000001 0.574219 0.979687 0.566406 0.9851559999999999 0.55625 0.988281 0.546094
1 0.432031 0.7 0.43125 0.713281 0.432813 0.726562 0.435156 0.732812 0.435937 0.739844 0.439063 0.744531 0.44375 0.744531 0.444531 0.741406 0.444531 0.716406 0.446094 0.703125 0.447656 0.697656 0.457812 0.682812 0.459375 0.675781 0.457031 0.671094 0.45234399999999997 0.671875 0.442187 0.68125 0.432031 0.7
2 0.527344 0.702344 0.524219 0.700781 0.50625 0.700781 0.503125 0.701562 0.500781 0.703906 0.501563 0.70625 0.509375 0.710938 0.511719 0.709375 0.528906 0.710938 0.548438 0.709375 0.55 0.707031 0.549219 0.703125 0.540625 0.703906 0.527344 0.702344
2 0.671094 0.75625 0.657813 0.771094 0.657031 0.775781 0.659375 0.785938 0.6625 0.786719 0.667187 0.783594 0.678125 0.771875 0.686719 0.757031 0.688281 0.750781 0.69375 0.741406 0.69375 0.7375 0.689063 0.7375 0.6875 0.740625 0.671094 0.75625
1 0.6125 0.653125 0.6 0.649219 0.58125 0.65 0.571875 0.654687 0.563281 0.664844 0.563281 0.667969 0.564844 0.66875 0.579688 0.664844 0.589062 0.664844 0.590625 0.666406 0.591406 0.671875 0.603125 0.666406 0.609375 0.667969 0.617969 0.674219 0.621094 0.674219 0.625 0.671094 0.624219 0.665625 0.617188 0.65625 0.6125 0.653125
2 0.536719 0.653906 0.527344 0.651562 0.521094 0.651562 0.514844 0.653906 0.514844 0.658594 0.517969 0.660156 0.528906 0.660156 0.532813 0.6625 0.539844 0.6625 0.544531 0.664844 0.548438 0.664062 0.548438 0.661719 0.546094 0.657813 0.536719 0.653906
1 0.497656 0.9007809999999999 0.46796899999999997 0.9273440000000001 0.466406 0.940625 0.46796899999999997 0.9429690000000001 0.470313 0.9429690000000001 0.471875 0.9445309999999999 0.478125 0.9585940000000001 0.482812 0.959375 0.484375 0.95625 0.485938 0.9460940000000001 0.4875 0.9445309999999999 0.4875 0.939063 0.489062 0.9367190000000001 0.489062 0.9320309999999999 0.5 0.926562 0.515625 0.9125 0.524219 0.8976559999999999 0.524219 0.890625 0.515625 0.890625 0.502344 0.8992190000000001 0.497656 0.9007809999999999