1 0.15 0.027344 0.141406 0.028905999999999998 0.1375 0.032031 0.134375 0.04375 0.134375 0.052344 0.136719 0.061719 0.14375 0.072656 0.15625 0.080469 0.153906 0.082812 0.146094 0.085156 0.141406 0.088281 0.133281 0.095859 0.142109 0.095312 0.148438 0.096328 0.155391 0.095312 0.162109 0.093984 0.171094 0.094531 0.184688 0.089297 0.188281 0.088281 0.191328 0.082109 0.194531 0.079687 0.192969 0.074687 0.185234 0.075469 0.177344 0.075781 0.164844 0.067187 0.160156 0.0625 0.155469 0.054688 0.154688 0.05 0.15 0.040625 0.15 0.035156 0.154688 0.030469000000000003 0.154688 0.028125
1 0.8585939999999999 0 0.8445310000000001 0 0.8460940000000001 0.00625 0.853906 0.014063 0.859375 0.016406 0.8601560000000001 0.01875 0.842187 0.023438 0.838281 0.027344 0.8304690000000001 0.032031 0.8195309999999999 0.044531 0.8132810000000001 0.048438 0.8117189999999999 0.058594 0.807813 0.064062 0.807031 0.069531 0.8101559999999999 0.071094 0.815469 0.068359 0.820312 0.063281 0.8273439999999999 0.05625 0.8445310000000001 0.042969 0.848437 0.038281 0.8507809999999999 0.0375 0.854688 0.032813 0.859375 0.030469000000000003 0.8617190000000001 0.021094 0.8617190000000001 0.0125
1 0.088281 0.146094 0.079141 0.145937 0.070156 0.148438 0.065781 0.149531 0.060937 0.153906 0.052344 0.158594 0.046094 0.167969 0.0375 0.177344 0.035156 0.18125 0.035937 0.185938 0.038281 0.185938 0.042969 0.182812 0.047656 0.176563 0.055469000000000004 0.169531 0.058906 0.166953 0.063594 0.163203 0.065625 0.159375 0.079687 0.155469 0.088281 0.154688
1 0.079687 0.248438 0.079687 0.252344 0.083594 0.260156 0.09375 0.274219 0.096094 0.279687 0.10078099999999998 0.28125 0.110937 0.289062 0.11953100000000001 0.291406 0.139844 0.291406 0.152344 0.289062 0.154688 0.285938 0.154688 0.28125 0.153125 0.278906 0.155469 0.275781 0.157812 0.267969 0.1625 0.264844 0.164062 0.260156 0.1625 0.258594 0.157031 0.258594 0.146094 0.263281 0.144531 0.266406 0.140625 0.269531 0.1375 0.277344 0.134375 0.278125 0.11484399999999999 0.276562 0.10078099999999998 0.265625 0.084375 0.248438
1 0.070312 0.372656 0.067969 0.370312 0.064062 0.369531 0.0625 0.372656 0.044531 0.389062 0.041406 0.390625 0.039844 0.394531 0.036719 0.396875 0.041406 0.397656 0.048438 0.39375 0.057813 0.388125 0.0625 0.384375 0.06875 0.377344
1 0.06875 0.417969 0.067187 0.420312 0.076563 0.421875 0.084375 0.425781 0.088281 0.425781 0.092969 0.428125 0.086719 0.43671899999999997 0.08125 0.450781 0.08125 0.465625 0.083594 0.471875 0.088281 0.472656 0.098437 0.441406 0.10234400000000002 0.435156 0.10703100000000002 0.430469 0.11171899999999998 0.428125 0.110156 0.423438 0.10625 0.42265600000000003 0.101562 0.419531 0.092969 0.41718700000000003 0.0875 0.41875
1 0 0.525 0 0.533594 0.002344 0.533594 0.005469 0.5375 0.009375 0.538281 0.011719 0.540625 0.017969 0.542969 0.025 0.548438 0.025 0.552344 0.014844 0.564844 0.007812000000000001 0.582812 0.007812000000000001 0.59375 0.009375 0.6 0.014063 0.600781 0.014063 0.596094 0.017969 0.590625 0.021094 0.58125 0.0375 0.557031 0.041406 0.542969 0.039844 0.540625 0.032813 0.5375 0.026561999999999995 0.532813 0.021875 0.533594 0.01875 0.530469 0.008594 0.530469 0.00625 0.529687 0.002344 0.525
1 0.115625 0.605469 0.1125 0.603125 0.096094 0.603125 0.092188 0.595313 0.089844 0.594531 0.085156 0.589063 0.076563 0.589844 0.069531 0.585156 0.067187 0.585156 0.066406 0.588281 0.071094 0.592969 0.075 0.594531 0.078125 0.598437 0.079687 0.603125 0.079687 0.610938 0.075 0.624219 0.059375 0.64375 0.048438 0.666406 0.053125 0.667188 0.054688 0.664844 0.058594 0.663281 0.078125 0.644531 0.089844 0.635938 0.105469 0.620313 0.110937 0.610938 0.115625 0.607812
2 0.089063 0.672656 0.082031 0.671875 0.075781 0.675 0.060937 0.678125 0.028905999999999998 0.673438 0.028905999999999998 0.678125 0.038281 0.683594 0.055469000000000004 0.688281 0.077344 0.689844 0.085156 0.684375 0.088281 0.678906
2 0.067187 0.654687 0.071094 0.654687 0.079687 0.657813 0.092969 0.659375 0.095312 0.657813 0.105469 0.65625 0.107813 0.653906 0.107813 0.65 0.089844 0.644531 0.079687 0.64375 0.071094 0.649219
2 0.044531 0.639844 0.044531 0.64375 0.052344 0.649219 0.057031 0.649219 0.061719 0.642969 0.061719 0.638281 0.046875 0.638281
1 0.090625 0.692969 0.092188 0.696875 0.092969 0.711719 0.095312 0.723437 0.099219 0.732031 0.105469 0.741406 0.11953100000000001 0.753125 0.1375 0.759375 0.138281 0.760938 0.146875 0.7625 0.148438 0.764062 0.141406 0.769531 0.136719 0.778906 0.132812 0.782813 0.132031 0.794531 0.128125 0.798438 0.128906 0.810937 0.134375 0.810937 0.139844 0.804688 0.142969 0.795312 0.151562 0.78125 0.155469 0.777344 0.160938 0.775781 0.161719 0.771875 0.164844 0.770312 0.167969 0.764844 0.170313 0.7625 0.174219 0.7625 0.179688 0.755469 0.176563 0.750781 0.167969 0.746875 0.158594 0.736719 0.153906 0.735938 0.144531 0.730469 0.107813 0.700781 0.096094 0.692969
1 0.204687 0.927344 0.204687 0.9367189999999999 0.208594 0.945312 0.211719 0.948438 0.22343799999999997 0.953125 0.23671899999999998 0.954688 0.235156 0.958594 0.217969 0.976562 0.21640600000000002 0.9820309999999999 0.211719 0.989844 0.213281 1 0.21406200000000003 0.996875 0.217188 0.995313 0.22109399999999998 0.989844 0.22968700000000003 0.9820309999999999 0.242969 0.9664059999999999 0.250781 0.954688 0.25625 0.9507809999999999 0.258594 0.946875 0.252344 0.942187 0.244531 0.942969 0.233594 0.939063 0.22265600000000002 0.93125 0.22109399999999998 0.9289059999999999 0.21640600000000002 0.9289059999999999 0.213281 0.927344
1 0.373437 0.971875 0.373437 0.965625 0.367188 0.960938 0.361719 0.946875 0.360938 0.9382810000000001 0.357812 0.9351559999999999 0.348438 0.94375 0.341406 0.9460940000000001 0.332031 0.94375 0.326562 0.9375 0.322656 0.939063 0.310937 0.939063 0.311719 0.94375 0.315625 0.9507809999999999 0.325781 0.957031 0.329688 0.9554690000000001 0.342187 0.957031 0.346094 0.954688 0.35 0.957031 0.353125 0.9523439999999999 0.35625 0.963281 0.360156 0.96875 0.360938 0.974219 0.371094 0.973437
1 0.378125 0.833594 0.382031 0.842187 0.389062 0.851562 0.399219 0.8617190000000001 0.40156200000000003 0.865625 0.4063280000000001 0.8686719999999999 0.411719 0.870313 0.413281 0.871875 0.4125 0.8742189999999999 0.398047 0.8800779999999999 0.385313 0.8862500000000001 0.409687 0.881797 0.42656299999999997 0.8757810000000001 0.433594 0.8742189999999999 0.4375 0.871094 0.43671899999999997 0.865625 0.432031 0.864062 0.428906 0.8601560000000001 0.423438 0.859375 0.41406200000000004 0.854688 0.396875 0.8414059999999999 0.392969 0.840625 0.385156 0.833594 0.382031 0.832031 0.379688 0.832031
1 0.260937 0.630469 0.261719 0.635156 0.266406 0.642969 0.278906 0.65625 0.289844 0.664844 0.303906 0.671094 0.310937 0.671875 0.314063 0.674219 0.310937 0.68125 0.297656 0.696875 0.296875 0.702344 0.303125 0.708594 0.303906 0.7125 0.307031 0.715625 0.310937 0.725781 0.314063 0.728125 0.316406 0.727344 0.321094 0.717969 0.326562 0.699219 0.3375 0.671094 0.336719 0.661719 0.33125 0.657813 0.325781 0.658594 0.323437 0.661719 0.309375 0.657813 0.284375 0.64375 0.270313 0.632812 0.264062 0.629687
1 0.036875 0.081719 0.026952999999999998 0.075078 0.009375 0.062813 0.021641 0.080391 0.031094 0.090859 0.040391 0.10242199999999999 0.042656 0.110312 0.036172 0.111484 0.031016 0.11187499999999999 0.024531 0.11484399999999999 0.019531 0.117188 0.009375 0.126562 0.006875000000000001 0.138359 0.015781 0.136719 0.021875 0.134375 0.024219 0.129688 0.026561999999999995 0.129688 0.029063 0.126406 0.030469000000000003 0.128125 0.033594 0.125 0.0375 0.123438 0.043828 0.12125 0.049062 0.118828 0.057031 0.11171899999999998 0.057031 0.108594
1 0.359375 0.516406 0.357812 0.514844 0.341406 0.515625 0.335156 0.521875 0.332031 0.528125 0.321875 0.5375 0.314844 0.541406 0.310937 0.541406 0.307812 0.542969 0.302344 0.548438 0.296875 0.548438 0.295312 0.550781 0.291406 0.550781 0.289844 0.552344 0.290625 0.555469 0.299219 0.555469 0.3 0.571875 0.307031 0.572656 0.323437 0.560937 0.353906 0.526563 0.359375 0.51875
1 0.4125 0.421875 0.408594 0.421875 0.40703100000000003 0.423438 0.408594 0.435156 0.41406200000000004 0.440625 0.416406 0.447656 0.424219 0.455469 0.423438 0.459375 0.414844 0.46406200000000003 0.40703100000000003 0.466406 0.392188 0.47656200000000004 0.367969 0.490625 0.3625 0.49531200000000003 0.357031 0.497656 0.346875 0.505469 0.34375 0.509375 0.345313 0.5125 0.35 0.5125 0.352344 0.509375 0.365625 0.508594 0.373437 0.504687 0.392969 0.5 0.403125 0.49375 0.415625 0.488281 0.428906 0.478906 0.43828100000000003 0.470313 0.439063 0.464844 0.428906 0.45625 0.428125 0.442969 0.421875 0.439844 0.41875 0.43671899999999997 0.416406 0.430469 0.413281 0.42656299999999997
1 0.267188 0.411719 0.267969 0.416406 0.276562 0.425781 0.28125 0.43828100000000003 0.292187 0.441406 0.310937 0.44375 0.322656 0.453125 0.330469 0.45390600000000003 0.33125 0.449219 0.333594 0.447656 0.332813 0.44375 0.336719 0.439844 0.335156 0.435156 0.332813 0.434375 0.330469 0.43125 0.301563 0.420312 0.292187 0.41875 0.279687 0.41406200000000004 0.275781 0.41406200000000004 0.271875 0.411719
1 0.171875 0.546094 0.174219 0.546875 0.177344 0.545312 0.194531 0.523438 0.217969 0.503125 0.224219 0.49921899999999997 0.235937 0.49531200000000003 0.248438 0.49531200000000003 0.25 0.49375 0.248438 0.49218799999999996 0.244531 0.49218799999999996 0.242188 0.489844 0.228125 0.48906299999999997 0.21484399999999998 0.48515600000000003 0.192188 0.48359399999999997 0.1875 0.48125 0.182812 0.482031 0.186719 0.484375 0.188281 0.4875 0.20625 0.492969 0.20781299999999997 0.494531 0.196875 0.502344 0.190625 0.510156 0.1875 0.516406 0.185156 0.517969 0.172656 0.539844
1 0.166406 0.447656 0.164062 0.44843700000000003 0.159375 0.453125 0.155469 0.461719 0.154688 0.478125 0.155469 0.482812 0.158594 0.485938 0.141406 0.505469 0.141406 0.510156 0.146875 0.510156 0.157812 0.504687 0.161719 0.49921899999999997 0.166406 0.496875 0.16875 0.490625 0.173437 0.489844 0.175781 0.4875 0.176563 0.482031 0.171875 0.455469 0.170313 0.450781
1 0.201563 0.325781 0.203906 0.329688 0.208594 0.332813 0.224219 0.3375 0.23906299999999997 0.34375 0.2625 0.346875 0.273438 0.346875 0.279687 0.349219 0.278125 0.353906 0.263281 0.367969 0.2625 0.370312 0.2625 0.379688 0.264844 0.391406 0.269531 0.4 0.273438 0.403906 0.277344 0.403906 0.279687 0.399219 0.282813 0.386719 0.283594 0.375781 0.285156 0.36875 0.2875 0.364844 0.288281 0.357812 0.290625 0.353125 0.296875 0.347656 0.297656 0.344531 0.295312 0.342187 0.285938 0.342969 0.282813 0.346094 0.280469 0.341406 0.277344 0.341406 0.271875 0.339062 0.242969 0.334375 0.235156 0.334375 0.23203100000000002 0.33125 0.228906 0.33125 0.226562 0.329688 0.20546899999999998 0.325
1 0.305469 0.183594 0.301563 0.183594 0.298438 0.185156 0.295312 0.189062 0.294531 0.192969 0.30625 0.194531 0.310156 0.197656 0.309375 0.20078100000000002 0.30625 0.203125 0.300781 0.21406200000000003 0.296094 0.220312 0.29375 0.235937 0.294531 0.246875 0.299219 0.244531 0.311719 0.213281 0.319531 0.203125 0.324219 0.201563 0.324219 0.196094 0.322656 0.192969 0.317969 0.189062
1 0.267969 0.126562 0.26875 0.128906 0.296094 0.128125 0.300781 0.129688 0.303203 0.129297 0.305703 0.129375 0.308359 0.130156 0.310312 0.133281 0.311797 0.135156 0.314297 0.137031 0.315625 0.139063 0.317969 0.142187 0.321094 0.142969 0.320312 0.154688 0.321875 0.160156 0.325 0.163281 0.329688 0.164844 0.333594 0.1625 0.335156 0.148438 0.338281 0.1375 0.338281 0.133594 0.334375 0.13125 0.330469 0.132031 0.326562 0.127344 0.321094 0.128125 0.319531 0.126562 0.311719 0.126562 0.311016 0.125078 0.310781 0.123672 0.309609 0.12375 0.308594 0.12265600000000002 0.299219 0.120313 0.285156 0.120313 0.275 0.12265600000000002
1 0.307031 0.15 0.305469 0.15 0.302344 0.153906 0.300781 0.158594 0.300781 0.166406 0.288281 0.171875 0.278906 0.182031 0.276562 0.186719 0.275781 0.197656 0.277344 0.20703100000000002 0.278906 0.209375 0.285938 0.202344 0.288281 0.196875 0.294531 0.192188 0.296875 0.188281 0.303125 0.183594 0.311719 0.174219 0.3125 0.169531 0.309375 0.164844 0.308594 0.153906
1 0.240625 0 0.240625 0.002344 0.24765600000000002 0.009375 0.264062 0.019531 0.282031 0.028905999999999998 0.292187 0.03125 0.3125 0.029687 0.335156 0.023438 0.339844 0.023438 0.345313 0.027344 0.388281 0.027344 0.391406 0.029687 0.392969 0.032813 0.399219 0.029687 0.40156200000000003 0.025781 0.400781 0.021094 0.385937 0.014844 0.359375 0.014063 0.328906 0.017188 0.326562 0.019531 0.320312 0.019531 0.302344 0.014063 0.299219 0.011719 0.291406 0.009375 0.2875 0.00625 0.280469 0.008594 0.276562 0.008594 0.253125 0.002344 0.252344 0
1 0.459375 0.03125 0.454688 0.03125 0.450781 0.034375 0.446094 0.032031 0.439063 0.022656 0.433594 0.026561999999999995 0.416406 0.030469000000000003 0.403125 0.029687 0.395313 0.032031 0.390625 0.036719 0.390625 0.042188 0.396875 0.046094 0.413281 0.047656 0.423438 0.045312 0.430469 0.042188 0.435156 0.038281 0.43828100000000003 0.038281 0.442969 0.04375 0.447656 0.045312 0.457031 0.040625 0.459375 0.035937
1 0.428125 0.042969 0.424219 0.044531 0.41406200000000004 0.055469000000000004 0.409375 0.066406 0.410156 0.080469 0.41875 0.089844 0.419531 0.092188 0.4125 0.096094 0.396094 0.10078099999999998 0.377344 0.110937 0.378125 0.113281 0.38125 0.114062 0.3875 0.1125 0.397656 0.107813 0.4125 0.10390600000000001 0.430469 0.094531 0.43125 0.091406 0.428125 0.083594 0.428125 0.076563 0.42968799999999996 0.072656 0.42968799999999996 0.047656
0 0.387422 0.227344 0.390625 0.228125 0.404687 0.235937 0.41093799999999997 0.235937 0.415625 0.23828100000000002 0.41718700000000003 0.240625 0.414844 0.244531 0.410391 0.24398400000000003 0.40156200000000003 0.242969 0.398125 0.241406 0.393516 0.236875 0.387734 0.23476599999999997 0.380469 0.231094 0.370391 0.22374999999999998 0.377344 0.22374999999999998 0.382578 0.225156
1 0.39 0.235469 0.387344 0.234063 0.383359 0.232187 0.380469 0.23125 0.380469 0.246875 0.384375 0.251563 0.386719 0.252344 0.389062 0.260156 0.385937 0.264062 0.376563 0.264062 0.372656 0.266406 0.367969 0.267188 0.328906 0.267188 0.326562 0.271875 0.341406 0.275 0.349219 0.274219 0.361719 0.275781 0.372656 0.272656 0.3875 0.271875 0.400781 0.267969 0.399219 0.259375 0.395313 0.251563 0.39375 0.241406 0.391406 0.2375
1 0.372656 0.551562 0.371875 0.553125 0.373437 0.557031 0.377344 0.558594 0.38125 0.564844 0.3875 0.570312 0.402344 0.578125 0.408594 0.577344 0.411719 0.579688 0.40703100000000003 0.589844 0.40703100000000003 0.592187 0.403906 0.596875 0.402344 0.610156 0.402344 0.627344 0.403906 0.634375 0.408594 0.633594 0.414844 0.613281 0.41875 0.605469 0.424219 0.597656 0.430469 0.592187 0.435937 0.582812 0.432031 0.578125 0.419531 0.578125 0.411719 0.569531 0.392969 0.561719 0.385156 0.560937 0.382031 0.55625 0.375 0.554688
1 0.8835940000000001 0.178906 0.880469 0.182031 0.8742189999999999 0.192969 0.8742189999999999 0.211719 0.878125 0.23125 0.878906 0.258594 0.8773440000000001 0.264062 0.8835940000000001 0.264844 0.885156 0.263281 0.8882809999999999 0.263281 0.889062 0.264062 0.885938 0.264844 0.885156 0.267969 0.8929690000000001 0.274219 0.9054689999999999 0.273438 0.9070310000000001 0.271875 0.9054689999999999 0.265625 0.9039059999999999 0.264062 0.892188 0.260156 0.896875 0.248438 0.896875 0.235156 0.894531 0.224219 0.89375 0.2125 0.889062 0.196094 0.886719 0.179688
1 0.428125 0.128125 0.424219 0.126562 0.407813 0.125781 0.404687 0.124219 0.392188 0.12265600000000002 0.392188 0.128125 0.396094 0.128125 0.40156200000000003 0.130469 0.4 0.134375 0.384375 0.14375 0.36875 0.157812 0.36875 0.1625 0.40546899999999997 0.15 0.41093799999999997 0.149219 0.423438 0.142969 0.428906 0.139063 0.430469 0.135937 0.430469 0.132812
1 0.496094 0.56875 0.49375 0.56875 0.492969 0.571094 0.49375 0.578125 0.49531200000000003 0.58125 0.494531 0.591406 0.4875 0.599219 0.478906 0.614844 0.478125 0.625781 0.47968700000000003 0.626563 0.486719 0.626563 0.49375 0.621094 0.502344 0.608594 0.50625 0.6 0.50625 0.596094 0.510156 0.590625 0.511719 0.592187 0.524219 0.592187 0.523438 0.5875 0.517969 0.586719 0.514844 0.582812 0.50625 0.582031 0.500781 0.571875
1 0.467187 0.679688 0.459375 0.678125 0.450781 0.678906 0.449219 0.680469 0.44531200000000004 0.68125 0.441406 0.685156 0.44375 0.689063 0.440625 0.691406 0.435156 0.701562 0.43281200000000003 0.711719 0.43281200000000003 0.717187 0.43671899999999997 0.717187 0.442969 0.711719 0.450781 0.700781 0.465625 0.685937 0.46796899999999997 0.682031
1 0.4625 0.716406 0.459375 0.719531 0.458594 0.742188 0.463281 0.751563 0.46875 0.753906 0.47343799999999997 0.753906 0.47656200000000004 0.75625 0.47656200000000004 0.769531 0.47968700000000003 0.788281 0.482031 0.792969 0.4875 0.79375 0.49531200000000003 0.784375 0.49921899999999997 0.771875 0.500781 0.763281 0.5 0.7375 0.497656 0.735156 0.489844 0.740625 0.485938 0.741406 0.482812 0.744531 0.478906 0.742969 0.475781 0.739062 0.47343799999999997 0.732031 0.466406 0.719531
0 0.427344 0.876563 0.427344 0.896094 0.43125 0.921875 0.444531 0.942969 0.454688 0.953125 0.46875 0.957031 0.47656200000000004 0.957812 0.48515600000000003 0.9625 0.48515600000000003 0.967187 0.482031 0.9710940000000001 0.475781 0.9851560000000001 0.474219 0.985938 0.475 0.989844 0.472656 0.99375 0.472656 1 0.503906 1 0.510938 0.9835939999999999 0.5125 0.9664059999999999 0.508594 0.958594 0.509375 0.954688 0.486719 0.9539060000000001 0.48515600000000003 0.9523439999999999 0.484375 0.948438 0.48515600000000003 0.939063 0.482812 0.9367189999999999 0.47656200000000004 0.9351559999999999 0.467187 0.917188 0.460156 0.9070310000000001 0.454688 0.903125 0.453125 0.898438 0.449219 0.8929690000000001 0.440625 0.886719 0.440625 0.884375 0.43828100000000003 0.880469 0.432031 0.8757810000000001
0 0.588281 0.939063 0.585156 0.942187 0.580469 0.942969 0.573438 0.946875 0.5625 0.946875 0.55625 0.95 0.542188 0.953125 0.533594 0.964063 0.528125 0.980469 0.527344 0.990625 0.525781 0.994531 0.528906 0.996875 0.534375 0.996094 0.538281 0.99375 0.552344 0.990625 0.558594 0.9867190000000001 0.564844 0.985938 0.573438 0.9664059999999999 0.58125 0.960938 0.586719 0.948438 0.586719 0.9460940000000001 0.588281 0.9445309999999999
0 0.7625 0.75 0.760938 0.751563 0.760938 0.759375 0.764844 0.775781 0.767969 0.783594 0.765625 0.786719 0.75625 0.788281 0.754687 0.791406 0.759375 0.794531 0.775 0.796094 0.778125 0.798438 0.774219 0.808594 0.772656 0.835938 0.775781 0.849219 0.786719 0.875 0.792188 0.876563 0.794531 0.8742189999999999 0.803125 0.838281 0.803125 0.786719 0.798438 0.786719 0.789062 0.782031 0.775 0.765625 0.771875 0.759375 0.765625 0.751563
1 0.8429689999999999 0.849219 0.8351559999999999 0.8507809999999999 0.829688 0.853906 0.8101559999999999 0.8726559999999999 0.801562 0.885938 0.795312 0.9 0.792188 0.910937 0.792188 0.915625 0.79375 0.917188 0.799219 0.916406 0.8125 0.907813 0.8304690000000001 0.889062 0.840625 0.8757810000000001 0.842187 0.871875 0.846875 0.8679690000000001 0.853125 0.865625 0.853906 0.860938 0.851562 0.860938 0.847656 0.857812 0.8460940000000001 0.8523440000000001
1 0.658594 0.740625 0.653906 0.741406 0.646094 0.751563 0.646094 0.76875 0.61875 0.798438 0.617188 0.801562 0.6125 0.832031 0.6125 0.8460940000000001 0.614844 0.8507809999999999 0.620313 0.85 0.628125 0.842187 0.670312 0.780469 0.671094 0.76875 0.670312 0.767188 0.665625 0.765625 0.663281 0.763281
1 0.696875 0.7375 0.694531 0.74375 0.695312 0.760156 0.696875 0.7625 0.698516 0.765547 0.701094 0.753359 0.705469 0.759375 0.70625 0.760938 0.713281 0.764844 0.720313 0.767188 0.735156 0.76875 0.746875 0.767969 0.745313 0.764062 0.722656 0.752344 0.714844 0.746094 0.707031 0.742188 0.701562 0.735938
1 0.567969 0.653906 0.56875 0.659375 0.574219 0.665625 0.584375 0.671875 0.607812 0.672656 0.615781 0.685078 0.616406 0.689844 0.617422 0.700625 0.619688 0.704297 0.619531 0.682031 0.618437 0.678359 0.618125 0.674609 0.617188 0.671094 0.619531 0.666406 0.617969 0.663281 0.614062 0.6625 0.610938 0.664062 0.591406 0.664062 0.582812 0.660937 0.572656 0.653906
1 0.678906 0.525781 0.676562 0.515625 0.673438 0.5125 0.671875 0.505469 0.6625 0.489844 0.657813 0.491406 0.650781 0.497656 0.642969 0.49921899999999997 0.625781 0.49921899999999997 0.615625 0.496875 0.610156 0.497656 0.622656 0.509375 0.628125 0.510938 0.641406 0.510938 0.646875 0.509375 0.653125 0.50625 0.657813 0.502344 0.658594 0.5 0.665625 0.513281 0.671875 0.519531 0.675781 0.525781
0 0.598437 0.380469 0.599219 0.385937 0.607031 0.390625 0.614844 0.392969 0.629687 0.392969 0.638281 0.388281 0.666406 0.389062 0.667188 0.384375 0.648438 0.376563 0.625781 0.376563 0.608594 0.36875 0.602344 0.36875 0.603906 0.375 0.605469 0.376563 0.599219 0.378906
2 0.45390600000000003 0.146094 0.460156 0.150781 0.467187 0.152344 0.470313 0.155469 0.478125 0.155469 0.482031 0.157812 0.485938 0.157031 0.48515600000000003 0.149219 0.47968700000000003 0.146875 0.47656200000000004 0.146875 0.475 0.145313 0.471094 0.146094 0.467187 0.142187 0.46406200000000003 0.14375 0.458594 0.142969
1 0.502344 0.075781 0.5 0.082031 0.5 0.092969 0.498437 0.095312 0.49921899999999997 0.099219 0.496875 0.10234400000000002 0.48906299999999997 0.10625 0.48359399999999997 0.110937 0.480469 0.11875 0.482031 0.123438 0.486719 0.124219 0.49218799999999996 0.12265600000000002 0.496875 0.11796900000000002 0.505469 0.10390600000000001 0.507812 0.09375 0.507812 0.0875 0.50625 0.082812 0.502344 0.078125
1 0.576562 0.053905999999999996 0.573203 0.057421999999999994 0.574219 0.061719 0.574062 0.065 0.574609 0.067109 0.578125 0.070312 0.579688 0.071875 0.580859 0.075938 0.582812 0.076563 0.5875 0.077344 0.590625 0.084375 0.59375 0.0875 0.592187 0.089063 0.582812 0.091406 0.579141 0.093672 0.574922 0.094141 0.57125 0.095156 0.568203 0.097969 0.564063 0.099219 0.55625 0.107813 0.554688 0.110937 0.55625 0.11484399999999999 0.567969 0.11484399999999999 0.577344 0.1125 0.584375 0.107813 0.594531 0.10390600000000001 0.602344 0.099219 0.602344 0.092188 0.596875 0.078906 0.585938 0.069531 0.580469 0.058594
1 0.703125 0.092188 0.702344 0.109375 0.707031 0.13125 0.715625 0.14375 0.716406 0.148438 0.702344 0.158594 0.716406 0.158594 0.720313 0.15625 0.729688 0.155469 0.734375 0.151562 0.735938 0.147656 0.735938 0.136719 0.734375 0.13125 0.725 0.114062 0.717187 0.10390600000000001 0.707812 0.09375
1 0.642969 0.099219 0.638281 0.098437 0.632031 0.11640599999999998 0.628125 0.121875 0.629687 0.126562 0.617188 0.129688 0.610938 0.132812 0.60625 0.132812 0.591406 0.139844 0.585938 0.144531 0.582812 0.150781 0.578906 0.154688 0.583594 0.158594 0.596094 0.158594 0.602344 0.153906 0.619531 0.146094 0.632812 0.136719 0.639062 0.127344 0.640625 0.11953100000000001 0.644531 0.11171899999999998
1 0.678125 0.240625 0.68125 0.242188 0.685937 0.242188 0.686719 0.235937 0.689063 0.233594 0.69375 0.23125 0.694531 0.22835900000000003 0.698047 0.22695300000000002 0.701172 0.224453 0.705859 0.222266 0.711719 0.223828 0.725 0.226562 0.725 0.217969 0.719531 0.211719 0.7125 0.208594 0.70625 0.208594 0.701562 0.20546899999999998 0.685703 0.199609 0.684609 0.20218799999999998 0.697187 0.21125 0.706484 0.217422 0.698281 0.21882799999999997 0.688281 0.221875 0.68125 0.22968700000000003 0.678125 0.235937
1 0.433594 0.540625 0.433594 0.545312 0.43671899999999997 0.547656 0.447656 0.552344 0.45781299999999997 0.558594 0.46953100000000003 0.5625 0.475781 0.566406 0.48359399999999997 0.566406 0.485938 0.564844 0.491406 0.565625 0.509375 0.561719 0.514844 0.561719 0.51875 0.558594 0.521875 0.558594 0.525781 0.5625 0.525781 0.564844 0.522656 0.570312 0.522656 0.576562 0.524219 0.58125 0.529687 0.5875 0.541406 0.592969 0.558594 0.591406 0.558594 0.584375 0.546875 0.5625 0.542188 0.55625 0.544531 0.54375 0.541406 0.540625 0.5375 0.541406 0.53125 0.547656 0.516406 0.548438 0.509375 0.550781 0.5 0.550781 0.48359399999999997 0.547656 0.47656200000000004 0.547656 0.460156 0.54375 0.455469 0.54375 0.442969 0.539844
2 0.775781 0.648438 0.773438 0.65 0.771094 0.654687 0.771094 0.657813 0.764062 0.673438 0.755469 0.685156 0.75 0.696094 0.746094 0.709375 0.749219 0.709375 0.755469 0.702344 0.765625 0.694531 0.774219 0.685937 0.778906 0.678125 0.78125 0.670312 0.78125 0.664062 0.778906 0.658594 0.779687 0.653906
1 0.815625 0.680469 0.815625 0.682813 0.817969 0.685156 0.8257809999999999 0.689844 0.8367190000000001 0.69375 0.8460940000000001 0.69375 0.855469 0.696875 0.85625 0.7 0.8625 0.705469 0.863281 0.713281 0.8617190000000001 0.716406 0.860938 0.728125 0.857812 0.739062 0.857812 0.746875 0.85625 0.751563 0.85625 0.757031 0.857812 0.757812 0.857812 0.754687 0.8625 0.75 0.867188 0.736719 0.8726559999999999 0.730469 0.875 0.729688 0.878125 0.721875 0.878906 0.714844 0.876563 0.692187 0.871094 0.689844 0.864844 0.689063 0.8617190000000001 0.695312 0.8601560000000001 0.69375 0.8601560000000001 0.685156 0.857812 0.682031 0.854688 0.680469 0.8351559999999999 0.680469 0.81875 0.678906
1 0.947656 0.067187 0.940625 0.073438 0.9351559999999999 0.080469 0.926562 0.095312 0.925 0.101562 0.9242190000000001 0.113281 0.925781 0.121875 0.928125 0.126562 0.9375 0.135156 0.934375 0.1375 0.926562 0.139063 0.921875 0.141406 0.9148440000000001 0.147656 0.904687 0.164844 0.900781 0.174219 0.90625 0.174219 0.9289059999999999 0.148438 0.9398440000000001 0.142969 0.942969 0.142969 0.947656 0.139063 0.95 0.110156 0.95 0.079687 0.949219 0.071094
1 0.784375 0.501563 0.7875 0.510938 0.798438 0.521875 0.807031 0.532813 0.821875 0.542188 0.83125 0.545312 0.835234 0.547734 0.8289060000000001 0.55375 0.824297 0.559297 0.822031 0.565547 0.8304690000000001 0.560156 0.838281 0.553906 0.854531 0.540625 0.8536719999999999 0.531641 0.8429689999999999 0.526563 0.820312 0.514062 0.795312 0.50625 0.788281 0.501563
1 0.960938 0.720313 0.9617190000000001 0.725781 0.9757809999999999 0.730469 0.978906 0.733594 0.980469 0.736719 0.9835939999999999 0.757812 0.994531 0.779687 0.996875 0.782031 1 0.782031 1 0.745313 0.9976559999999999 0.744531 0.996875 0.736719 1 0.735938 1 0.719531 0.9914059999999999 0.717187 0.972656 0.717187
1 0.8289060000000001 0.382031 0.826562 0.384375 0.8273439999999999 0.396875 0.8375 0.408594 0.840625 0.414844 0.845313 0.420312 0.849219 0.42265600000000003 0.854688 0.423438 0.857812 0.425781 0.8570309999999999 0.432031 0.85 0.439063 0.848437 0.44218799999999997 0.848437 0.449219 0.853125 0.458594 0.8625 0.471094 0.871094 0.47968700000000003 0.8773440000000001 0.480469 0.879687 0.475 0.878906 0.465625 0.8742189999999999 0.451562 0.86875 0.42656299999999997 0.8664059999999999 0.423438 0.8617190000000001 0.423438 0.859375 0.420312 0.8585939999999999 0.415625 0.853125 0.413281 0.849219 0.407813 0.845313 0.40546899999999997 0.838281 0.389844 0.834375 0.384375
1 0.749219 0.263281 0.744531 0.257812 0.73125 0.24765600000000002 0.704688 0.24609399999999998 0.701562 0.24765600000000002 0.702344 0.251563 0.7 0.253125 0.682031 0.259375 0.670312 0.266406 0.660156 0.266406 0.657813 0.267969 0.669531 0.274219 0.675 0.275 0.685156 0.278906 0.713281 0.278906 0.71875 0.276562 0.730469 0.278906 0.740625 0.274219 0.747656 0.272656 0.749219 0.26875
1 0.126172 0.085078 0.12265600000000002 0.085938 0.11796900000000002 0.085938 0.114062 0.0875 0.096875 0.085938 0.094531 0.083594 0.090625 0.082812 0.085156 0.078125 0.080469 0.076563 0.064062 0.066406 0.060937 0.0625 0.057031 0.060156 0.055469000000000004 0.060937 0.055469000000000004 0.064844 0.060156 0.071875 0.064062 0.073438 0.075781 0.085156 0.085156 0.089844 0.0875 0.089844 0.09375 0.09375 0.104688 0.092969 0.110937 0.095312 0.10703100000000002 0.098437 0.099219 0.1 0.094609 0.104609 0.085547 0.11203100000000002 0.071875 0.12265600000000002 0.067969 0.132031 0.064062 0.148438 0.065625 0.144531 0.06875 0.145313 0.074219 0.140625 0.076563 0.134375 0.083594 0.126562 0.09375 0.120313 0.10078099999999998 0.113281 0.103125 0.1125 0.11171899999999998 0.104688 0.12265600000000002 0.101562 0.127578 0.100234 0.131094 0.097109 0.131719 0.093906 0.131484 0.090859 0.131562 0.09125 0.131953 0.089531 0.132031 0.088281 0.128906 0.085156
2 0.126562 0.0039060000000000006 0.125781 0.015625 0.124219 0.017188 0.124219 0.021094 0.12265600000000002 0.021875 0.120313 0.028905999999999998 0.12265600000000002 0.046094 0.124219 0.05 0.127344 0.052344 0.130469 0.057813 0.133594 0.060937 0.135156 0.060937 0.134375 0.048438 0.129688 0.042969 0.127344 0.034375