1 0.790625 0.15859399999999998 0.764844 0.184375 0.7625 0.189062 0.761719 0.19531199999999999 0.760156 0.196875 0.740625 0.188281 0.735938 0.189062 0.736719 0.19375 0.757031 0.20781299999999997 0.7671870000000001 0.21875 0.771875 0.217969 0.777344 0.210156 0.777344 0.19921899999999998 0.784375 0.182031 0.794531 0.16953100000000002 0.804688 0.15390600000000002 0.797656 0.15390600000000002 0.790625 0.15859399999999998
1 0.353125 0.290625 0.339063 0.289844 0.317969 0.292969 0.307031 0.296875 0.29765600000000003 0.303906 0.294531 0.30781200000000003 0.290625 0.298438 0.283594 0.29375 0.275781 0.284375 0.272656 0.28203100000000003 0.267188 0.28203100000000003 0.26875 0.2875 0.274219 0.29218700000000003 0.278906 0.298438 0.28203100000000003 0.310937 0.288281 0.316406 0.291406 0.322656 0.292969 0.32343700000000003 0.296875 0.322656 0.299219 0.32031200000000004 0.314063 0.3125 0.32890600000000003 0.307031 0.35 0.302344 0.354688 0.3 0.359375 0.3 0.361719 0.302344 0.367969 0.295312 0.36875 0.291406 0.366406 0.28906200000000004 0.353125 0.290625
1 0.473437 0.17578100000000002 0.460156 0.180469 0.45390600000000003 0.18125 0.451562 0.18359399999999998 0.45 0.177344 0.442187 0.160938 0.43671899999999997 0.15234399999999998 0.423438 0.140625 0.416406 0.1375 0.411719 0.139063 0.409375 0.142187 0.408594 0.146875 0.4125 0.14843800000000001 0.41406200000000004 0.153125 0.416406 0.154688 0.421875 0.165625 0.428125 0.171094 0.4375 0.18515600000000002 0.439844 0.194531 0.441406 0.196094 0.446094 0.19531199999999999 0.450781 0.190625 0.457812 0.190625 0.464063 0.184375 0.473437 0.182031 0.47656200000000004 0.178125 0.478906 0.178125 0.480469 0.173437 0.475781 0.173437 0.473437 0.17578100000000002
1 0.486719 0.248438 0.46796899999999997 0.242188 0.453125 0.241406 0.44375 0.24531200000000003 0.439063 0.249219 0.43671899999999997 0.24531200000000003 0.433594 0.226562 0.42968799999999996 0.22109399999999998 0.426562 0.208594 0.424219 0.20546899999999998 0.42109399999999997 0.20703100000000002 0.417969 0.217188 0.420312 0.21875 0.421875 0.22343799999999997 0.42265600000000003 0.233594 0.427344 0.24609399999999998 0.427344 0.249219 0.430469 0.252344 0.43125 0.26093700000000003 0.43671899999999997 0.2625 0.495313 0.261719 0.497656 0.260156 0.496094 0.25625 0.486719 0.248438
1 0.459375 0.284375 0.442969 0.275781 0.434375 0.274219 0.424219 0.274219 0.4125 0.278906 0.40546899999999997 0.278125 0.403125 0.275 0.401563 0.26640600000000003 0.394531 0.252344 0.39375 0.24765600000000002 0.386719 0.23046899999999998 0.384375 0.228906 0.377344 0.217969 0.373437 0.215625 0.371875 0.21640600000000002 0.371875 0.228125 0.380469 0.255469 0.384375 0.264062 0.386719 0.275 0.39140600000000003 0.28203100000000003 0.399219 0.28906200000000004 0.40546899999999997 0.29218700000000003 0.432031 0.292969 0.460156 0.298438 0.465625 0.298438 0.46875 0.29609399999999997 0.466406 0.290625 0.459375 0.284375
1 0.15234399999999998 0.380469 0.149219 0.376563 0.14843800000000001 0.371094 0.154687 0.360938 0.151563 0.35859399999999997 0.145312 0.359375 0.14296899999999998 0.3625 0.141406 0.3625 0.135156 0.349219 0.132031 0.345313 0.132031 0.342187 0.12890600000000002 0.341406 0.126563 0.34296899999999997 0.121094 0.338281 0.11484399999999999 0.335156 0.114062 0.338281 0.11640600000000001 0.341406 0.11875 0.34843799999999997 0.121094 0.350781 0.121875 0.355469 0.128125 0.365625 0.13125 0.373437 0.13671899999999998 0.37968799999999997 0.142188 0.389062 0.147656 0.389062 0.15234399999999998 0.385156 0.15234399999999998 0.380469
1 0.548438 0.829688 0.545312 0.8273440000000001 0.5125 0.8273440000000001 0.508594 0.8257809999999999 0.505469 0.8226559999999999 0.507812 0.817187 0.511719 0.798438 0.511719 0.790625 0.510156 0.788281 0.508594 0.778906 0.501563 0.758594 0.495313 0.747656 0.4875 0.7375 0.48359399999999997 0.735156 0.48125 0.735156 0.478906 0.746094 0.477344 0.771094 0.477344 0.785937 0.478906 0.791406 0.478125 0.799219 0.479688 0.8023440000000001 0.479688 0.8070309999999999 0.48359399999999997 0.8125 0.48515600000000003 0.821875 0.488281 0.8289059999999999 0.49375 0.832031 0.498437 0.83125 0.503125 0.834375 0.508594 0.835938 0.525 0.835938 0.546875 0.8335940000000001 0.548438 0.832031 0.548438 0.829688
1 0.461719 0.9539059999999999 0.461719 0.9507809999999999 0.465625 0.9445309999999999 0.472656 0.925781 0.475781 0.8929690000000001 0.475 0.884375 0.471094 0.873437 0.46796899999999997 0.870313 0.465625 0.870313 0.459375 0.876563 0.454688 0.890625 0.45234399999999997 0.9054690000000001 0.446875 0.925 0.446875 0.9445309999999999 0.447656 0.946875 0.45390600000000003 0.951562 0.45390600000000003 0.957031 0.458594 0.965625 0.464844 0.9710940000000001 0.47656200000000004 0.9710940000000001 0.464844 0.959375 0.461719 0.9539059999999999
1 0.42109399999999997 0.751563 0.421875 0.759375 0.423438 0.764844 0.425781 0.767969 0.425781 0.771875 0.423438 0.778125 0.42109399999999997 0.780469 0.39140600000000003 0.783594 0.372656 0.792188 0.35625 0.8054690000000001 0.353906 0.8117190000000001 0.349219 0.81875 0.349219 0.826562 0.357812 0.826562 0.36015600000000003 0.823438 0.367969 0.825 0.37578100000000003 0.823438 0.39375 0.8101559999999999 0.4 0.807813 0.409375 0.8070309999999999 0.421875 0.801562 0.425781 0.798438 0.428906 0.789844 0.43125 0.7875 0.435937 0.785937 0.439063 0.78125 0.439063 0.778906 0.432813 0.765625 0.434375 0.760156 0.433594 0.751563 0.439063 0.742188 0.439063 0.736719 0.435156 0.734375 0.426562 0.742188 0.42109399999999997 0.751563
2 0.33125 0.8125 0.323438 0.8125 0.310937 0.817187 0.307031 0.821875 0.307813 0.823438 0.31171899999999997 0.825 0.329688 0.825 0.336719 0.828125 0.341406 0.828125 0.342187 0.826562 0.348437 0.826562 0.345313 0.8210940000000001 0.33125 0.8125
2 0.259375 0.651563 0.255469 0.653125 0.242969 0.653125 0.23281200000000002 0.655469 0.228906 0.658594 0.228125 0.666406 0.23281200000000002 0.670312 0.23671899999999998 0.666406 0.24375 0.664062 0.251563 0.663281 0.260938 0.659375 0.26484399999999997 0.653906 0.263281 0.652344 0.259375 0.651563
1 0.088281 0.8429690000000001 0.075781 0.8445309999999999 0.0625 0.8492190000000001 0.05 0.857812 0.046094 0.85625 0.034375 0.845313 0.020156 0.8364839999999999 0.025625 0.845703 0.032031 0.855469 0.035156 0.8585940000000001 0.039062 0.8601559999999999 0.044531 0.859375 0.046875 0.8625 0.046719 0.867188 0.045 0.872734 0.043828 0.873594 0.045078 0.875703 0.046875 0.878125 0.050781 0.875469 0.060937 0.873437 0.088281 0.8601559999999999 0.09375 0.8585940000000001 0.11093800000000001 0.85 0.113281 0.845313 0.11093800000000001 0.8429690000000001 0.088281 0.8429690000000001