1 0.854688 0.228125 0.8429689999999999 0.228125 0.828125 0.233594 0.8148440000000001 0.241406 0.807031 0.24375 0.8 0.24765600000000002 0.791406 0.255469 0.788281 0.2625 0.786719 0.272656 0.783594 0.275781 0.767188 0.273438 0.764062 0.271094 0.759375 0.270313 0.753125 0.275 0.742969 0.274219 0.736719 0.275781 0.726562 0.275781 0.724219 0.276562 0.722656 0.279687 0.732031 0.285938 0.7625 0.299219 0.772656 0.3 0.782813 0.299219 0.7875 0.297656 0.795312 0.292187 0.799219 0.2875 0.8117189999999999 0.286719 0.8195309999999999 0.280469 0.823438 0.275 0.826562 0.266406 0.8351559999999999 0.253125 0.842187 0.246875 0.84375 0.242969 0.854688 0.233594
2 0.033594 0.68125 0.0375 0.685937 0.04375 0.688281 0.051562 0.69375 0.074219 0.69375 0.083594 0.689844 0.072656 0.680469 0.035937 0.679688
2 0.020313 0.665625 0.021875 0.66875 0.028125 0.670312 0.040625 0.670312 0.049219 0.671875 0.0625 0.671875 0.064062 0.670312 0.064062 0.665625 0.053125 0.663281 0.029687 0.663281
1 0.0625 0.849219 0.057031 0.849219 0.049219 0.853125 0.028905999999999998 0.8726559999999999 0.019531 0.8875 0.014063 0.8992190000000001 0.010937 0.911719 0.011719 0.916406 0.017188 0.916406 0.032031 0.9070310000000001 0.049219 0.889062 0.058594 0.876563 0.060156 0.8726559999999999 0.065625 0.8679690000000001 0.072656 0.864844 0.072656 0.860938 0.066406 0.857812 0.064844 0.851562
1 0.33125 0.847656 0.314844 0.847656 0.308594 0.845313 0.297656 0.8445310000000001 0.297656 0.8507809999999999 0.305469 0.857812 0.309375 0.8585939999999999 0.310937 0.8617190000000001 0.303906 0.8742189999999999 0.296875 0.8914060000000001 0.292187 0.907813 0.291406 0.939063 0.294531 0.942969 0.299219 0.942187 0.325 0.9125 0.328906 0.902344 0.332813 0.896094 0.334375 0.8898439999999999 0.3375 0.885938 0.341406 0.875 0.345313 0.86875 0.346094 0.864062 0.342969 0.855469 0.338281 0.8507809999999999
1 0.557031 0.763281 0.551562 0.765625 0.536719 0.79375 0.535156 0.799219 0.534375 0.8125 0.523438 0.817969 0.51875 0.825 0.51875 0.833594 0.513281 0.845313 0.49921899999999997 0.8882809999999999 0.498437 0.9132809999999999 0.5 0.928125 0.501563 0.93125 0.50625 0.9304690000000001 0.509375 0.928125 0.516406 0.9195309999999999 0.521875 0.910156 0.532813 0.8835940000000001 0.535156 0.871094 0.539844 0.8570309999999999 0.541406 0.8429689999999999 0.540625 0.832031 0.535937 0.821875 0.540625 0.8148440000000001 0.547656 0.810937 0.553125 0.801562 0.557813 0.772656
0 0.390625 0.539844 0.388281 0.542188 0.388281 0.546875 0.392188 0.560937 0.40546899999999997 0.590625 0.421875 0.614062 0.441406 0.630469 0.446875 0.641406 0.453125 0.647656 0.467187 0.653906 0.4625 0.655469 0.459375 0.660937 0.45625 0.675781 0.45625 0.682813 0.46406200000000003 0.701562 0.46406200000000003 0.705469 0.470313 0.714844 0.478125 0.740625 0.482031 0.746875 0.48515600000000003 0.746094 0.486719 0.744531 0.486719 0.733594 0.48359399999999997 0.711719 0.484375 0.692969 0.482031 0.689844 0.478906 0.671875 0.475781 0.660937 0.475 0.65 0.470313 0.64375 0.470313 0.642188 0.474219 0.6375 0.482031 0.63125 0.48125 0.626563 0.472656 0.617188 0.465625 0.6125 0.449219 0.596875 0.417969 0.560937 0.415625 0.560156 0.398438 0.542969 0.39375 0.539844
1 0.398438 0.475781 0.396875 0.472656 0.3875 0.474219 0.376563 0.470313 0.372656 0.470313 0.371875 0.478125 0.370312 0.48125 0.363281 0.485938 0.329688 0.489844 0.328906 0.494531 0.352344 0.49921899999999997 0.36875 0.498437 0.379688 0.494531 0.38125 0.48906299999999997 0.386719 0.484375 0.396094 0.48125 0.398438 0.478906
1 0.396875 0.321094 0.392188 0.321094 0.392969 0.335938 0.395313 0.345313 0.386719 0.353906 0.36875 0.378906 0.364844 0.388281 0.364844 0.391406 0.367188 0.395313 0.369531 0.395313 0.375781 0.390625 0.385156 0.38125 0.385937 0.378906 0.398438 0.365625 0.403906 0.35625 0.403906 0.341406
0 0.402344 0.292187 0.399219 0.294531 0.400781 0.307031 0.403125 0.311719 0.41093799999999997 0.31875 0.411719 0.321875 0.403906 0.325781 0.400781 0.330469 0.407813 0.334375 0.407813 0.346094 0.414844 0.360156 0.420312 0.361719 0.421875 0.360156 0.424219 0.35 0.424219 0.339062 0.421875 0.330469 0.42265600000000003 0.313281 0.41093799999999997 0.29375
1 0.575 0.052344 0.573438 0.054688 0.573438 0.06875 0.576562 0.072656 0.589063 0.08125 0.589063 0.083594 0.585156 0.088281 0.584375 0.103125 0.5875 0.114062 0.592969 0.11484399999999999 0.597656 0.108594 0.597656 0.097656 0.599219 0.092969 0.602344 0.089063 0.602344 0.082812 0.595313 0.078125 0.594531 0.075 0.589063 0.067187 0.589063 0.064062 0.577344 0.052344
0 0.650781 0.203125 0.64375 0.20546899999999998 0.628125 0.224219 0.625 0.235156 0.624219 0.248438 0.622656 0.25 0.616406 0.250781 0.6125 0.255469 0.611719 0.258594 0.603125 0.264844 0.590625 0.2875 0.586719 0.299219 0.58125 0.328906 0.584375 0.366406 0.5875 0.370312 0.59375 0.366406 0.611719 0.34375 0.632031 0.30625 0.635156 0.285938 0.635156 0.275 0.63125 0.264062 0.63125 0.258594 0.641406 0.249219 0.646875 0.23203100000000002 0.648438 0.219531 0.651563 0.213281
0 0.710938 0.167969 0.711719 0.171094 0.717969 0.173437 0.761719 0.171094 0.775781 0.171875 0.782031 0.177344 0.7875 0.184375 0.790625 0.185156 0.8101559999999999 0.183594 0.847656 0.184375 0.853906 0.182812 0.8585939999999999 0.178906 0.8585939999999999 0.175781 0.85625 0.173437 0.833594 0.164844 0.8117189999999999 0.160938 0.791406 0.161719 0.789062 0.157031 0.79375 0.152344 0.796094 0.151562 0.795312 0.148438 0.791406 0.148438 0.789844 0.146094 0.782813 0.146875 0.78125 0.152344 0.775 0.159375 0.759375 0.15625 0.746094 0.157031 0.7125 0.165625
1 0.748437 0.140625 0.745313 0.136719 0.735156 0.1375 0.724219 0.140625 0.720313 0.142969 0.713281 0.151562 0.703906 0.15 0.692969 0.150781 0.680469 0.157031 0.680469 0.159375 0.684375 0.160938 0.708594 0.159375 0.717187 0.1625 0.720313 0.157031 0.742969 0.15 0.75 0.146875
1 0.002344 0.501563 0.00625 0.510938 0.016406 0.521094 0.024219 0.53125 0.042188 0.542969 0.05 0.54375 0.053125 0.545312 0.053125 0.548438 0.046875 0.552344 0.046875 0.557031 0.049219 0.557813 0.054688 0.553125 0.06875 0.546875 0.069531 0.532813 0.060156 0.525 0.040625 0.514844 0.014063 0.50625 0.007031 0.501563
1 0.84375 0.273438 0.8414059999999999 0.272656 0.81875 0.285938 0.815625 0.289844 0.816406 0.303125 0.8101559999999999 0.310156 0.8101559999999999 0.3125 0.807813 0.314063 0.797656 0.314844 0.791406 0.317188 0.775 0.335938 0.764844 0.353125 0.764062 0.359375 0.760938 0.367188 0.757812 0.384375 0.757812 0.40156200000000003 0.759375 0.404687 0.767969 0.402344 0.778125 0.394531 0.785156 0.3875 0.8 0.36875 0.8039059999999999 0.365625 0.8054690000000001 0.360938 0.802344 0.353125 0.803125 0.350781 0.810937 0.346875 0.814063 0.34375 0.817969 0.334375 0.817187 0.323437 0.8117189999999999 0.314063 0.817187 0.310937 0.817969 0.30625 0.8210940000000001 0.303906 0.828125 0.301563 0.8304690000000001 0.299219 0.8351559999999999 0.290625 0.8414059999999999 0.282813 0.8445310000000001 0.275781
1 1 0.42265600000000003 1 0.358594 0.996875 0.358594 0.963281 0.391406 0.939063 0.375781 0.926562 0.371875 0.9148440000000001 0.364844 0.909375 0.364844 0.910156 0.36875 0.9132809999999999 0.373437 0.91875 0.375781 0.932031 0.389062 0.940625 0.392969 0.945312 0.399219 0.954688 0.407813 0.9625 0.410156 0.972656 0.416406 0.992188 0.421875
1 0.970313 0.527344 0.9664059999999999 0.525781 0.949219 0.539844 0.935937 0.553906 0.932031 0.560156 0.9210939999999999 0.571094 0.9085940000000001 0.590625 0.9039059999999999 0.595313 0.8992190000000001 0.595313 0.9 0.603125 0.9039059999999999 0.6 0.904687 0.600781 0.9054689999999999 0.623437 0.8976559999999999 0.636719 0.892188 0.641406 0.889062 0.642188 0.8875 0.65 0.884375 0.653125 0.880469 0.652344 0.8773440000000001 0.65625 0.875 0.6625 0.8757810000000001 0.667188 0.886719 0.667188 0.914062 0.653906 0.91875 0.649219 0.920312 0.642969 0.917969 0.627344 0.914062 0.619531 0.917969 0.617188 0.932813 0.617188 0.9398440000000001 0.615625 0.9539060000000001 0.600781 0.958594 0.592187 0.964844 0.569531 0.9710940000000001 0.530469
1 0.774219 0.442969 0.771094 0.44375 0.766406 0.44843700000000003 0.755469 0.470313 0.751563 0.485938 0.750781 0.521094 0.75625 0.5375 0.764844 0.551562 0.770312 0.557031 0.772656 0.563281 0.771875 0.590625 0.773438 0.595313 0.775 0.6125 0.778125 0.628125 0.779687 0.629687 0.783594 0.627344 0.782813 0.616406 0.784375 0.6125 0.785156 0.592187 0.786719 0.589063 0.7875 0.578125 0.784375 0.560937 0.7875 0.559375 0.792188 0.548438 0.79375 0.507812 0.791406 0.494531 0.782813 0.47343799999999997 0.780469 0.449219 0.778906 0.44531200000000004
1 0.776563 0.703125 0.774219 0.70625 0.773438 0.738281 0.775 0.742188 0.776563 0.755469 0.780469 0.767188 0.786719 0.779687 0.792969 0.785937 0.801562 0.790625 0.807031 0.795312 0.814063 0.797656 0.8257809999999999 0.799219 0.832031 0.802344 0.835938 0.807031 0.840625 0.809375 0.838281 0.8273439999999999 0.834375 0.8375 0.828125 0.845313 0.823438 0.864062 0.822656 0.902344 0.825 0.9125 0.8304690000000001 0.9132809999999999 0.833594 0.9039059999999999 0.8375 0.876563 0.8429689999999999 0.863281 0.845313 0.832812 0.847656 0.824219 0.8507809999999999 0.797656 0.8445310000000001 0.784375 0.825 0.757812 0.817969 0.751563 0.796875 0.717969 0.783594 0.703906
1 0.932031 0.766406 0.9289059999999999 0.763281 0.929688 0.752344 0.9226560000000001 0.746875 0.91875 0.746094 0.9039059999999999 0.746875 0.879687 0.752344 0.865625 0.758594 0.864062 0.763281 0.869531 0.770312 0.8757810000000001 0.773438 0.884375 0.782813 0.8875 0.784375 0.9054689999999999 0.778125 0.911719 0.774219 0.91875 0.773438 0.9195309999999999 0.775 0.917969 0.776563 0.9132809999999999 0.777344 0.910156 0.78125 0.9070310000000001 0.782813 0.90625 0.7875 0.907813 0.788281 0.9242190000000001 0.778125 0.93125 0.771094
1 0.603906 0.860938 0.603906 0.865625 0.61875 0.8773440000000001 0.626563 0.879687 0.634375 0.886719 0.640625 0.8898439999999999 0.646094 0.8898439999999999 0.65 0.885938 0.651563 0.882812 0.651563 0.878906 0.642969 0.870313 0.639062 0.864062 0.630469 0.860938 0.617188 0.8585939999999999 0.607812 0.859375
1 0.440625 0.970313 0.439844 0.96875 0.434375 0.96875 0.432031 0.970313 0.423438 0.970313 0.42265600000000003 0.980469 0.41718700000000003 0.984375 0.403125 0.9835939999999999 0.400781 0.9851560000000001 0.394531 0.985938 0.394531 0.989844 0.403125 0.99375 0.417969 0.99375 0.41875 0.995313 0.416406 0.9976559999999999 0.416406 1 0.42265600000000003 1 0.423438 0.9976559999999999 0.424219 1 0.442969 1 0.442969 0.994531 0.439063 0.978906 0.440625 0.9757809999999999
1 0.696875 0 0.696875 0.0125 0.700781 0.017969 0.701562 0.021875 0.707812 0.032031 0.71875 0.054688 0.725 0.0625 0.730469 0.064844 0.732812 0.067969 0.74375 0.110156 0.748437 0.11171899999999998 0.753125 0.095312 0.750781 0.092188 0.74375 0.057813 0.728906 0.03125 0.714063 0.009375 0.705469 0.0015629999999999997 0.705469 0
1 0.166406 0.067187 0.160938 0.071094 0.149219 0.0875 0.14375 0.10078099999999998 0.142969 0.11484399999999999 0.145313 0.124219 0.147656 0.128125 0.155469 0.135156 0.152344 0.1375 0.140625 0.141406 0.132812 0.148438 0.124219 0.163281 0.11953100000000001 0.174219 0.125 0.174219 0.146875 0.149219 0.158594 0.142969 0.164062 0.142187 0.166406 0.139844 0.165625 0.135156 0.167187 0.130469 0.16875 0.110937 0.16875 0.078906 0.167969 0.070312
0 0.208594 0.107813 0.20625 0.110156 0.20546899999999998 0.11484399999999999 0.20625 0.127344 0.211719 0.139844 0.215625 0.142969 0.21875 0.152344 0.224219 0.160938 0.224219 0.1625 0.217188 0.169531 0.217188 0.179688 0.215625 0.182812 0.21484399999999998 0.192188 0.215625 0.202344 0.217969 0.210156 0.224219 0.21875 0.232813 0.22109399999999998 0.23906299999999997 0.217969 0.24375 0.208594 0.24375 0.185156 0.241406 0.170313 0.2375 0.163281 0.2375 0.160938 0.241406 0.154688 0.241406 0.146875 0.233594 0.128906 0.225781 0.11796900000000002 0.217188 0.110156
1 0.270313 0.079687 0.26875 0.082812 0.26875 0.096094 0.271875 0.10625 0.2875 0.132031 0.299219 0.145313 0.300781 0.149219 0.299219 0.152344 0.295312 0.153906 0.289844 0.152344 0.282813 0.152344 0.282031 0.154688 0.296094 0.160938 0.304688 0.1625 0.30625 0.165625 0.303125 0.172656 0.303906 0.185156 0.309375 0.188281 0.320312 0.2 0.333594 0.20781299999999997 0.336719 0.20703100000000002 0.336719 0.203906 0.334375 0.199219 0.327344 0.189844 0.321094 0.178125 0.317188 0.165625 0.317969 0.160938 0.320312 0.158594 0.325781 0.155469 0.33125 0.154688 0.335938 0.152344 0.335938 0.15 0.332031 0.142187 0.325781 0.134375 0.311719 0.12265600000000002 0.289844 0.095312 0.275781 0.08125
2 0.304688 0.239844 0.305469 0.24375 0.307812 0.24609399999999998 0.335156 0.261719 0.350781 0.264062 0.366406 0.26875 0.372656 0.267969 0.373437 0.2625 0.371094 0.260156 0.3625 0.25625 0.357812 0.255469 0.346875 0.249219 0.335938 0.24609399999999998 0.329688 0.242188 0.320312 0.23906299999999997 0.30625 0.23828100000000002
1 0.103125 0.178906 0.098437 0.183594 0.092969 0.192969 0.092969 0.210938 0.096094 0.225 0.097656 0.257812 0.096875 0.260937 0.094531 0.263281 0.094531 0.265625 0.099219 0.267969 0.10625 0.26875 0.110156 0.272656 0.120313 0.272656 0.123438 0.271875 0.123438 0.267188 0.115625 0.261719 0.110937 0.261719 0.109375 0.260156 0.115625 0.248438 0.115625 0.234375 0.114062 0.220312 0.10703100000000002 0.192969 0.105469 0.180469
2 0.183594 0.014063 0.189844 0.015625 0.192969 0.013280999999999998 0.197656 0.0125 0.201563 0.010156 0.20546899999999998 0.005469 0.20703100000000002 0 0.1875 0 0.188281 0.00625
1 0.090625 0.00625 0.083594 0.0039060000000000006 0.080469 0.0015629999999999997 0.080469 0 0.063281 0 0.064062 0.005469 0.06875 0.010156 0.070312 0.014063 0.075 0.017969 0.071094 0.020313 0.064062 0.021875 0.052344 0.029687 0.033594 0.048438 0.025469 0.071016 0.035937 0.064062 0.0375 0.064062 0.067187 0.039062 0.077344 0.032031 0.082031 0.025 0.0875 0.022656 0.101562 0.021875 0.1 0.017188 0.092969 0.011719
0 0.175781 0.720313 0.176563 0.724219 0.18125 0.727344 0.196875 0.73125 0.201563 0.73125 0.208594 0.734375 0.217969 0.734375 0.225 0.730469 0.22968700000000003 0.732812 0.253125 0.734375 0.25625 0.733594 0.260937 0.729688 0.260156 0.724219 0.253125 0.721094 0.252344 0.71875 0.25 0.717187 0.23203100000000002 0.720313 0.225 0.723437 0.22265600000000002 0.721094 0.2125 0.717187 0.186719 0.717187
1 0.048438 0.382812 0.046875 0.385156 0.046875 0.388281 0.04375 0.391406 0.045312 0.396875 0.055469000000000004 0.407813 0.059375 0.415625 0.067187 0.42265600000000003 0.073438 0.423438 0.077344 0.425781 0.075781 0.43125 0.067969 0.439844 0.067187 0.45 0.071875 0.458594 0.082031 0.471875 0.089844 0.47968700000000003 0.096094 0.480469 0.098437 0.475 0.097656 0.465625 0.089063 0.435156 0.088281 0.427344 0.085156 0.424219 0.078125 0.423438 0.080469 0.419531 0.076563 0.413281 0.072656 0.4125 0.06875 0.407813 0.064062 0.404687 0.059375 0.392188 0.053905999999999996 0.3875 0.052344 0.384375