1 0.707813 0.210938 0.713281 0.208594 0.7222660000000001 0.20171899999999998 0.713359 0.20078100000000002 0.70625 0.203125 0.700781 0.2 0.697656 0.188281 0.692188 0.176563 0.683594 0.146875 0.68125 0.14296899999999998 0.68125 0.13828100000000002 0.674219 0.125781 0.672656 0.125781 0.670312 0.130469 0.672656 0.15234399999999998 0.678906 0.178125 0.678906 0.18359399999999998 0.68125 0.18984399999999998 0.682031 0.198437 0.685156 0.20625 0.692969 0.217969 0.697656 0.217188 0.701562 0.211719 0.707813 0.210938
1 0.23671899999999998 0.253125 0.240625 0.253125 0.24531299999999998 0.25 0.254687 0.248438 0.257031 0.246875 0.2625 0.24765600000000002 0.271875 0.257031 0.275 0.258594 0.278906 0.25781200000000004 0.28125 0.253906 0.28203100000000003 0.24765600000000002 0.278125 0.209375 0.271875 0.190625 0.265625 0.164844 0.260156 0.159375 0.25625 0.161719 0.254687 0.165625 0.252344 0.18125 0.252344 0.192188 0.25078100000000003 0.196094 0.252344 0.2125 0.25625 0.227344 0.257031 0.23828100000000002 0.255469 0.239844 0.240625 0.23906299999999997 0.23125 0.241406 0.224219 0.244531 0.21484399999999998 0.251563 0.2125 0.25625 0.228125 0.25625 0.23671899999999998 0.253125
1 0.9476559999999999 0.204687 0.939063 0.213281 0.9367190000000001 0.208594 0.9367190000000001 0.20546899999999998 0.934375 0.20140600000000003 0.9320309999999999 0.19624999999999998 0.9320309999999999 0.19140600000000002 0.9273440000000001 0.1875 0.926562 0.208594 0.927109 0.214922 0.929375 0.222031 0.93125 0.23125 0.9398440000000001 0.235937 0.94375 0.228906 0.9445309999999999 0.225 0.953125 0.217969 0.95625 0.213281 0.9632809999999999 0.20703100000000002 0.9664059999999999 0.201563 0.967187 0.196875 0.95625 0.2 0.9476559999999999 0.204687
1 0.8492190000000001 0.35859399999999997 0.859375 0.349219 0.8578129999999999 0.34375 0.854687 0.345313 0.85 0.34453100000000003 0.85 0.341406 0.846875 0.335156 0.8460940000000001 0.330469 0.8414059999999999 0.326562 0.839844 0.3625 0.8421879999999999 0.36406299999999997 0.8445309999999999 0.37031200000000003 0.8460940000000001 0.371094 0.8460940000000001 0.36718799999999996 0.8492190000000001 0.35859399999999997
2 0.4875 0.1 0.475 0.12265600000000002 0.478125 0.12890600000000002 0.485938 0.13671899999999998 0.491406 0.13671899999999998 0.492969 0.135156 0.492969 0.130469 0.495313 0.12734399999999998 0.494531 0.11171899999999998 0.49921899999999997 0.096875 0.5 0.091406 0.498437 0.08984400000000001 0.494531 0.092188 0.4875 0.1
1 0.4 0.192188 0.39375 0.190625 0.377344 0.192969 0.372656 0.196094 0.369531 0.196094 0.366406 0.1875 0.360938 0.178906 0.347656 0.163281 0.34375 0.16015600000000002 0.338281 0.16015600000000002 0.335156 0.161719 0.338281 0.166406 0.350781 0.178906 0.353125 0.18359399999999998 0.35859399999999997 0.18984399999999998 0.367969 0.21406200000000003 0.371875 0.219531 0.379687 0.21875 0.379687 0.209375 0.385938 0.204687 0.401563 0.201563 0.404687 0.19921899999999998 0.40546899999999997 0.196875 0.4 0.192188
1 0.217969 0.079687 0.202344 0.078125 0.1875 0.078906 0.172656 0.08203099999999999 0.165625 0.0875 0.163281 0.091406 0.161719 0.10078100000000001 0.16015600000000002 0.10390600000000001 0.157031 0.105469 0.15234399999999998 0.101562 0.145312 0.091406 0.128125 0.078125 0.113281 0.061719 0.108594 0.059375 0.09218699999999999 0.044531 0.075781 0.034375 0.052344 0.024218999999999997 0.04375 0.023438 0.042187999999999996 0.025 0.046094 0.033594 0.048437999999999995 0.04375 0.067187 0.0625 0.075 0.06640599999999999 0.088281 0.078125 0.10234399999999999 0.094531 0.108594 0.1 0.117188 0.1125 0.125 0.117188 0.126563 0.11953100000000001 0.130469 0.11875 0.146875 0.130469 0.15859399999999998 0.130469 0.16015600000000002 0.12734399999999998 0.16015600000000002 0.11484399999999999 0.164844 0.110937 0.17578100000000002 0.10625 0.197656 0.092969 0.217969 0.0875 0.22031299999999998 0.085156 0.22031299999999998 0.08203099999999999 0.217969 0.079687
1 0.11953100000000001 0.321094 0.11640600000000001 0.300781 0.11796899999999999 0.29609399999999997 0.11796899999999999 0.289844 0.115625 0.286719 0.115625 0.284375 0.1125 0.290625 0.10781199999999999 0.294531 0.10390600000000001 0.290625 0.090625 0.28593799999999997 0.08984400000000001 0.288281 0.090625 0.291406 0.09375 0.295312 0.09375 0.299219 0.096875 0.30468799999999996 0.10625 0.315625 0.109375 0.325781 0.1125 0.328125 0.117188 0.328125 0.11953100000000001 0.325781 0.11953100000000001 0.321094
1 0 0.586719 0.025781 0.585938 0.029687 0.584375 0.042187999999999996 0.575 0.053905999999999996 0.570312 0.055469000000000004 0.56875 0.053905999999999996 0.547656 0.040625 0.541406 0.038280999999999996 0.54375 0.036719 0.547656 0.036719 0.552344 0.034375 0.557031 0.024218999999999997 0.560156 0 0.561719 0 0.586719
2 0.277344 0.516406 0.267969 0.514062 0.264062 0.513359 0.26078100000000004 0.511328 0.258984 0.5110159999999999 0.255859 0.508594 0.253906 0.507031 0.25406300000000004 0.511094 0.255312 0.513359 0.257422 0.5154690000000001 0.259609 0.518359 0.26187499999999997 0.5224219999999999 0.264062 0.521875 0.267188 0.521875 0.274219 0.526563 0.284375 0.527344 0.289844 0.522656 0.28906200000000004 0.517188 0.277344 0.516406
1 0.434375 0.504687 0.426562 0.501563 0.420312 0.502344 0.415625 0.510938 0.414844 0.521094 0.4 0.528906 0.396875 0.532031 0.396875 0.535937 0.408594 0.541406 0.413281 0.546875 0.417188 0.547656 0.42968799999999996 0.532031 0.43125 0.525 0.435937 0.515625 0.441406 0.510156 0.44375 0.505469 0.439844 0.503125 0.434375 0.504687
1 0.585156 0.4625 0.572656 0.45781299999999997 0.563281 0.45781299999999997 0.55625 0.46093799999999996 0.552344 0.460156 0.540625 0.42109399999999997 0.534375 0.409375 0.53125 0.408594 0.53125 0.417969 0.536719 0.434375 0.539062 0.44843700000000003 0.541406 0.451562 0.540625 0.455469 0.542969 0.45781299999999997 0.546875 0.46796899999999997 0.549219 0.46953100000000003 0.549219 0.475 0.553906 0.475781 0.563281 0.471094 0.577344 0.470313 0.585938 0.46796899999999997 0.586719 0.465625 0.585156 0.4625
1 0.523438 0.305469 0.521875 0.303125 0.517969 0.303906 0.513281 0.310937 0.509375 0.310937 0.50625 0.309375 0.502344 0.309375 0.5 0.30625 0.486719 0.29765600000000003 0.482812 0.298438 0.482812 0.303125 0.486719 0.314844 0.49218799999999996 0.31875 0.497656 0.328125 0.501563 0.332031 0.507812 0.33125 0.514844 0.328125 0.523438 0.3125 0.523438 0.305469
1 0.571875 0.497656 0.561719 0.507031 0.560156 0.510938 0.558594 0.509375 0.554688 0.509375 0.552344 0.510938 0.542187 0.500781 0.542187 0.49921899999999997 0.532031 0.489844 0.526562 0.4875 0.521875 0.482031 0.510156 0.474219 0.500781 0.470313 0.496094 0.470313 0.484375 0.466406 0.480469 0.466406 0.480469 0.46953100000000003 0.48359399999999997 0.475 0.495313 0.485938 0.497656 0.486719 0.516406 0.505469 0.534375 0.526563 0.540625 0.532031 0.544531 0.532813 0.548438 0.536719 0.553906 0.536719 0.557812 0.533594 0.560937 0.533594 0.561719 0.528125 0.56875 0.519531 0.570312 0.515625 0.576562 0.509375 0.58125 0.49375 0.571875 0.497656
1 0.560156 0.617969 0.557031 0.614844 0.557031 0.611719 0.560937 0.605469 0.560937 0.603125 0.559375 0.601562 0.55625 0.600781 0.544531 0.609375 0.536719 0.60625 0.53125 0.598437 0.521094 0.591406 0.51875 0.591406 0.514062 0.5875 0.504688 0.583594 0.49921899999999997 0.583594 0.501563 0.592187 0.507812 0.600781 0.508594 0.603906 0.521094 0.619531 0.528906 0.626563 0.53125 0.630469 0.529687 0.635938 0.532813 0.639062 0.545312 0.639844 0.55 0.635156 0.551563 0.635156 0.560937 0.625 0.564844 0.625 0.564844 0.61875 0.560156 0.617969
1 0.6827340000000001 0.40664100000000003 0.680859 0.414375 0.679609 0.419922 0.677344 0.423438 0.675 0.43281200000000003 0.677109 0.450859 0.675859 0.4575 0.667422 0.44757800000000003 0.663203 0.440547 0.659687 0.44156300000000004 0.6610940000000001 0.44578100000000004 0.6625 0.45 0.666406 0.453125 0.667969 0.460156 0.675 0.471094 0.680469 0.48359399999999997 0.686719 0.48359399999999997 0.689063 0.472656 0.6875 0.439063 0.689844 0.428125 0.689844 0.415625 0.688984 0.397656 0.6853119999999999 0.40109399999999995 0.6827340000000001 0.40664100000000003
1 0.910156 0.453125 0.902266 0.45195299999999994 0.8957029999999999 0.448906 0.8910159999999999 0.448984 0.8900779999999999 0.454141 0.8960940000000001 0.460156 0.901563 0.461719 0.9070309999999999 0.465625 0.9070309999999999 0.46796899999999997 0.9039059999999999 0.470313 0.9039059999999999 0.471875 0.9085940000000001 0.475781 0.9125 0.474219 0.917188 0.457031 0.9226559999999999 0.44843700000000003 0.9226559999999999 0.442969 0.9195309999999999 0.440625 0.910156 0.453125
1 0.903125 0.544531 0.9 0.545312 0.8929690000000001 0.552344 0.8875 0.563281 0.882812 0.564063 0.8757809999999999 0.560937 0.870312 0.560937 0.867188 0.563281 0.86875 0.571094 0.8804690000000001 0.5875 0.8851559999999999 0.5875 0.886719 0.580469 0.8929690000000001 0.575781 0.9007809999999999 0.559375 0.910937 0.546875 0.910156 0.540625 0.9078120000000001 0.540625 0.903125 0.544531
1 0.40546899999999997 0.792969 0.403125 0.789844 0.394531 0.784375 0.392969 0.78125 0.392969 0.7625 0.388281 0.767188 0.383594 0.775 0.382031 0.783594 0.379687 0.7875 0.36875 0.788281 0.361719 0.7875 0.359375 0.785937 0.35156200000000004 0.785937 0.349219 0.790625 0.35 0.795312 0.363281 0.804688 0.370313 0.807813 0.379687 0.809375 0.38984399999999997 0.808594 0.394531 0.8070309999999999 0.404687 0.799219 0.408594 0.799219 0.410156 0.796094 0.409375 0.79375 0.40546899999999997 0.792969
1 0.267969 0.685156 0.2625 0.691406 0.252344 0.696875 0.23593799999999998 0.696875 0.233594 0.698438 0.23281200000000002 0.701562 0.2375 0.708594 0.24843700000000002 0.709375 0.252344 0.713281 0.260156 0.717969 0.265625 0.719531 0.27343799999999996 0.713281 0.271875 0.703125 0.275781 0.685156 0.271094 0.683594 0.267969 0.685156
1 0.261719 0.8757809999999999 0.25781200000000004 0.879687 0.25781200000000004 0.885938 0.260156 0.892188 0.25781200000000004 0.895312 0.25781200000000004 0.898438 0.259375 0.901563 0.263281 0.903125 0.26875 0.902344 0.270312 0.9007809999999999 0.270312 0.896875 0.275781 0.8882809999999999 0.275781 0.878125 0.271875 0.8726559999999999 0.271875 0.86875 0.26484399999999997 0.86875 0.261719 0.8757809999999999
0 0.585938 0.9632809999999999 0.585156 0.9585940000000001 0.58125 0.954688 0.578125 0.9539059999999999 0.575 0.949219 0.575781 0.917969 0.574219 0.9148440000000001 0.571875 0.914062 0.567969 0.9210940000000001 0.564844 0.940625 0.560156 0.942187 0.557812 0.939063 0.557812 0.933594 0.549219 0.9195309999999999 0.529687 0.9039059999999999 0.510937 0.8992190000000001 0.496094 0.8914059999999999 0.489844 0.892188 0.490625 0.896875 0.5 0.909375 0.510156 0.9164059999999999 0.524219 0.921875 0.532031 0.928125 0.532031 0.93125 0.527344 0.934375 0.527344 0.9367190000000001 0.530469 0.9398440000000001 0.528906 0.942187 0.528906 0.945312 0.532813 0.9429690000000001 0.536719 0.946875 0.541406 0.948438 0.560156 0.948438 0.564844 0.959375 0.564063 0.967187 0.567969 0.9679690000000001 0.571094 0.9710940000000001 0.567969 0.975 0.571875 0.975 0.575781 0.979688 0.579688 0.9789059999999999 0.580469 0.9835940000000001 0.582813 0.9851559999999999 0.596094 0.9851559999999999 0.596094 0.9789059999999999 0.585938 0.9632809999999999
0 0.774219 0.8429690000000001 0.772656 0.8414059999999999 0.766406 0.839844 0.758594 0.840625 0.748437 0.845313 0.741406 0.851562 0.739844 0.851562 0.739063 0.854688 0.740625 0.8570309999999999 0.735938 0.8585940000000001 0.728906 0.86875 0.714062 0.8757809999999999 0.707813 0.876563 0.696875 0.8804690000000001 0.692188 0.8851559999999999 0.696875 0.886719 0.709375 0.8875 0.716406 0.8914059999999999 0.739844 0.8882809999999999 0.744531 0.8851559999999999 0.744531 0.88125 0.747656 0.878125 0.760156 0.8742190000000001 0.769531 0.8679690000000001 0.782031 0.8492190000000001 0.783594 0.84375 0.78125 0.842187 0.774219 0.8429690000000001
1 0.8070309999999999 0.767188 0.803125 0.767188 0.7953129999999999 0.759375 0.792969 0.759375 0.792187 0.767969 0.796094 0.774219 0.796094 0.778906 0.79375 0.78125 0.78125 0.78125 0.778906 0.783594 0.784375 0.785156 0.786719 0.789062 0.790625 0.789062 0.792969 0.791406 0.7984370000000001 0.791406 0.807812 0.789062 0.8210940000000001 0.778125 0.8265629999999999 0.76875 0.8265629999999999 0.763281 0.8132809999999999 0.764062 0.8070309999999999 0.767188
1 1 0.797656 0.9929690000000001 0.798438 0.992188 0.801562 0.9867190000000001 0.801562 0.9835940000000001 0.796875 0.9835940000000001 0.789844 0.9773440000000001 0.779687 0.967187 0.771094 0.954688 0.764062 0.946875 0.760938 0.9398440000000001 0.760156 0.9273440000000001 0.75625 0.921875 0.75625 0.9203129999999999 0.757812 0.9203129999999999 0.760938 0.9234370000000001 0.764844 0.934375 0.772656 0.9585940000000001 0.795312 0.965625 0.799219 0.9757809999999999 0.810937 0.98125 0.810937 0.9867190000000001 0.804688 0.9929690000000001 0.803125 0.995313 0.800781 1 0.8 1 0.797656
1 1 0.915625 0.995313 0.915625 0.9773440000000001 0.925781 0.970313 0.932813 0.9523440000000001 0.94375 0.9523440000000001 0.948438 0.957031 0.9507809999999999 0.960938 0.954688 0.9625 0.959375 0.967187 0.9601559999999999 0.9710940000000001 0.9554690000000001 0.975 0.953125 0.9757809999999999 0.946875 0.9789059999999999 0.940625 0.992188 0.925 0.9976559999999999 0.920312 1 0.920312 1 0.915625
2 0.8445309999999999 1 0.8445309999999999 0.998437 0.848438 0.995313 0.8523440000000001 0.988281 0.8585940000000001 0.9820309999999999 0.8695309999999999 0.9742190000000001 0.875 0.96875 0.8757809999999999 0.9664059999999999 0.8726559999999999 0.964844 0.853125 0.9757809999999999 0.840625 0.985938 0.839844 1 0.8445309999999999 1
1 0 0.739062 0.0015630000000000002 0.739062 0.028125 0.764844 0.032812999999999995 0.767969 0.0375 0.76875 0.039062 0.767188 0.039844000000000004 0.7625 0.036719 0.753125 0.034375 0.735156 0.029687 0.728906 0.029687 0.725 0.025781 0.7125 0.017188000000000002 0.700781 0.015625 0.696094 0.00625 0.682031 0.0023439999999999997 0.678125 0 0.678125 0 0.739062
2 0 0.28046899999999997 0.0039059999999999997 0.28046899999999997 0.007031 0.278906 0.010156 0.27343799999999996 0.010938 0.25468799999999997 0.0125 0.24765600000000002 0.0125 0.242969 0.010156 0.23671899999999998 0.005469 0.23671899999999998 0.0023439999999999997 0.242188 0 0.242969 0 0.28046899999999997