1 0.579688 0.565625 0.585156 0.567969 0.595313 0.56875 0.600781 0.567187 0.604688 0.5625 0.605469 0.550781 0.603125 0.548438 0.601562 0.511719 0.597656 0.496875 0.596875 0.4875 0.594531 0.48125 0.594531 0.47343799999999997 0.592969 0.466406 0.585156 0.454688 0.582812 0.454688 0.582812 0.466406 0.585938 0.48125 0.589063 0.513281 0.592969 0.527344 0.592969 0.533594 0.589063 0.544531 0.580469 0.548438 0.573438 0.548438 0.560937 0.541406 0.553906 0.54375 0.550781 0.547656 0.550781 0.552344 0.549219 0.55625 0.55 0.566406 0.553125 0.569531 0.557031 0.569531 0.571094 0.565625 0.579688 0.565625
0 0.525781 0.8070309999999999 0.528906 0.8210940000000001 0.533594 0.8351559999999999 0.539844 0.847656 0.552344 0.8617190000000001 0.552344 0.865625 0.548438 0.86875 0.546094 0.8898440000000001 0.54375 0.8992190000000001 0.54375 0.904687 0.546875 0.910937 0.546875 0.920312 0.549219 0.925781 0.551875 0.9311719999999999 0.552344 0.9351559999999999 0.566406 0.964844 0.576562 0.9789059999999999 0.582812 0.990625 0.588281 0.9929690000000001 0.592187 0.9875 0.595313 0.978125 0.596094 0.9695309999999999 0.589063 0.945312 0.584375 0.933594 0.58125 0.9164059999999999 0.578125 0.9085940000000001 0.574219 0.890625 0.567969 0.876563 0.56875 0.8726559999999999 0.560937 0.8648440000000001 0.561719 0.847656 0.560156 0.832031 0.55625 0.814063 0.554688 0.8125 0.55 0.796094 0.5375 0.775781 0.528125 0.765625 0.521094 0.764844 0.517969 0.770312 0.51875 0.7875 0.525781 0.8070309999999999
0 0.310156 0.864062 0.314063 0.867188 0.326562 0.8679690000000001 0.339844 0.871094 0.378125 0.8835940000000001 0.385156 0.8875 0.38984399999999997 0.892188 0.390625 0.895312 0.394531 0.898438 0.408594 0.901563 0.435937 0.9117190000000001 0.45625 0.9164059999999999 0.465625 0.9164059999999999 0.465625 0.9117190000000001 0.45390600000000003 0.9 0.43671899999999997 0.886719 0.41093799999999997 0.8726559999999999 0.4125 0.8679690000000001 0.415625 0.865625 0.4125 0.8625 0.4 0.865625 0.396094 0.8679690000000001 0.388281 0.86875 0.366406 0.8523440000000001 0.355469 0.853125 0.333594 0.8492190000000001 0.315625 0.851562 0.298438 0.8507809999999999 0.296875 0.853125 0.296875 0.857812 0.298438 0.859375 0.310156 0.864062
1 0.307031 0.9039059999999999 0.314063 0.9007809999999999 0.3125 0.8976559999999999 0.303125 0.8929690000000001 0.298438 0.889062 0.29375 0.847656 0.28906200000000004 0.839844 0.286719 0.839844 0.284375 0.842187 0.28203100000000003 0.847656 0.279687 0.864062 0.279687 0.8757809999999999 0.28593799999999997 0.8882809999999999 0.264062 0.895312 0.25781200000000004 0.895312 0.25625 0.896875 0.258594 0.9007809999999999 0.298438 0.9007809999999999 0.30156299999999997 0.903125 0.307031 0.9039059999999999
1 1 0.14296899999999998 0.99375 0.140625 0.98125 0.130469 0.973437 0.126562 0.959375 0.121875 0.953125 0.12265600000000002 0.9539059999999999 0.124219 0.9585940000000001 0.125 0.965625 0.132031 0.9632809999999999 0.135156 0.9554690000000001 0.13828100000000002 0.9523440000000001 0.142187 0.9523440000000001 0.147656 0.95 0.15390600000000002 0.9507809999999999 0.15625 0.9554690000000001 0.15625 0.9632809999999999 0.150781 0.970313 0.15234399999999998 0.9851559999999999 0.159375 0.9929690000000001 0.167187 0.9976559999999999 0.17421899999999998 1 0.17421899999999998 1 0.14296899999999998
1 0.932813 0.27343799999999996 0.934375 0.295312 0.9367190000000001 0.29765600000000003 0.9398440000000001 0.30468799999999996 0.9445309999999999 0.322656 0.9445309999999999 0.32890600000000003 0.9476559999999999 0.332031 0.946875 0.335156 0.9429690000000001 0.33281299999999997 0.940625 0.339844 0.9367190000000001 0.345313 0.932813 0.360938 0.933594 0.373437 0.935937 0.376563 0.935937 0.380469 0.9398440000000001 0.39140600000000003 0.9429690000000001 0.396094 0.94375 0.402344 0.9476559999999999 0.403906 0.9523440000000001 0.400781 0.9554690000000001 0.396094 0.9554690000000001 0.392188 0.9539059999999999 0.392188 0.951562 0.389062 0.953125 0.3625 0.9523440000000001 0.321875 0.954688 0.315625 0.95625 0.303906 0.95625 0.290625 0.954688 0.282813 0.942187 0.258594 0.939063 0.255469 0.9320309999999999 0.24375 0.9289059999999999 0.241406 0.926562 0.241406 0.925 0.242969 0.925 0.24531200000000003 0.932813 0.27343799999999996
1 0.9695309999999999 0.44375 0.967187 0.441406 0.9625 0.441406 0.9601559999999999 0.439844 0.9625 0.43828100000000003 0.9632809999999999 0.435156 0.96875 0.428906 0.971875 0.42109399999999997 0.972656 0.404687 0.970313 0.39531299999999997 0.967187 0.390625 0.9617190000000001 0.390625 0.95625 0.397656 0.9554690000000001 0.41718700000000003 0.949219 0.4375 0.949219 0.439844 0.954688 0.442969 0.960938 0.449219 0.960938 0.451562 0.957031 0.454688 0.9585940000000001 0.45781299999999997 0.9632809999999999 0.457031 0.970313 0.447656 0.9695309999999999 0.44375
1 0.860938 0.19921899999999998 0.853125 0.20078100000000002 0.853125 0.203125 0.8617190000000001 0.20625 0.867188 0.211719 0.870313 0.22343799999999997 0.8757809999999999 0.23125 0.875 0.23671899999999998 0.8773440000000001 0.239844 0.88125 0.233594 0.88125 0.23046899999999998 0.8835940000000001 0.225 0.882812 0.2 0.8804690000000001 0.18984399999999998 0.8757809999999999 0.17968800000000001 0.870313 0.175 0.865625 0.175 0.8625 0.17968800000000001 0.863281 0.196875 0.860938 0.19921899999999998
1 0.814063 0.258594 0.83125 0.26875 0.8335940000000001 0.271875 0.842187 0.267188 0.8460940000000001 0.267188 0.853125 0.264062 0.859375 0.264062 0.8539059999999999 0.261719 0.85 0.257031 0.840625 0.25625 0.820312 0.251563 0.8148440000000001 0.249219 0.8101559999999999 0.249219 0.8101559999999999 0.252344 0.814063 0.25625 0.814063 0.258594
2 0.7625 0.296875 0.764844 0.29765600000000003 0.767969 0.29609399999999997 0.767969 0.285156 0.765625 0.275781 0.767188 0.271094 0.764062 0.264062 0.760156 0.26093700000000003 0.75625 0.26093700000000003 0.753906 0.25781200000000004 0.736719 0.24531200000000003 0.733594 0.24531200000000003 0.733594 0.25078100000000003 0.755469 0.28203100000000003 0.7625 0.296875
1 0.632031 0.18359399999999998 0.639062 0.176563 0.642969 0.17578100000000002 0.642969 0.16875 0.644531 0.163281 0.652344 0.151562 0.651563 0.13828100000000002 0.653125 0.133594 0.653125 0.11796899999999999 0.650781 0.11171899999999998 0.639062 0.11796899999999999 0.634375 0.12265600000000002 0.634375 0.125781 0.630469 0.13125 0.628906 0.13828100000000002 0.626563 0.142187 0.624219 0.153125 0.623437 0.171094 0.61875 0.178125 0.605469 0.18125 0.596875 0.18515600000000002 0.598437 0.189062 0.607031 0.188281 0.625 0.18359399999999998 0.632031 0.18359399999999998
1 0.532813 0.13125 0.549219 0.11953100000000001 0.552344 0.121094 0.55625 0.125 0.560937 0.124219 0.560937 0.12265600000000002 0.557813 0.11953100000000001 0.557031 0.115625 0.554688 0.113281 0.55 0.11171899999999998 0.551562 0.108594 0.551562 0.104688 0.547656 0.092969 0.546875 0.085156 0.542969 0.073438 0.535937 0.064062 0.535937 0.060156 0.530469 0.055469000000000004 0.525781 0.048437999999999995 0.517188 0.045312000000000005 0.5125 0.040625 0.509375 0.041406 0.514844 0.053905999999999996 0.525781 0.069531 0.528125 0.076563 0.548438 0.11171899999999998 0.544531 0.113281 0.534375 0.108594 0.526563 0.108594 0.521094 0.110156 0.510938 0.11875 0.504687 0.129688 0.5 0.15234399999999998 0.498437 0.15390600000000002 0.5 0.15625 0.50625 0.155469 0.513281 0.150781 0.532813 0.13125
1 0.471094 0.11875 0.477344 0.124219 0.489844 0.130469 0.501563 0.134375 0.503125 0.13281199999999999 0.503125 0.12890600000000002 0.496094 0.123438 0.48515600000000003 0.110156 0.478906 0.10625 0.46875 0.10390600000000001 0.46406200000000003 0.10625 0.461719 0.110937 0.458594 0.11171899999999998 0.458594 0.115625 0.465625 0.11640600000000001 0.471094 0.11875
1 0.396875 0.08203099999999999 0.40703100000000003 0.079687 0.41093799999999997 0.075 0.41093799999999997 0.071875 0.40703100000000003 0.06875 0.4 0.067187 0.38593700000000003 0.067969 0.37421899999999997 0.071875 0.371094 0.07421900000000001 0.37031200000000003 0.076563 0.372656 0.079687 0.383594 0.08203099999999999 0.396875 0.08203099999999999
1 0.307031 0.085156 0.31328100000000003 0.086719 0.32343700000000003 0.092188 0.32343700000000003 0.085156 0.31718799999999997 0.075781 0.315625 0.054688 0.31171899999999997 0.030469000000000003 0.3125 0.013281000000000001 0.310156 0.005469 0.30625 0.0023439999999999997 0.30156299999999997 0.0023439999999999997 0.300781 0.0078119999999999995 0.303906 0.022656000000000003 0.303906 0.035156 0.307031 0.060937 0.309375 0.067969 0.3125 0.070312 0.31328100000000003 0.072656 0.310156 0.07421900000000001 0.29765600000000003 0.069531 0.283594 0.067969 0.27656200000000003 0.071875 0.26875 0.08125 0.26640600000000003 0.085938 0.267188 0.090625 0.275781 0.090625 0.289844 0.086719 0.307031 0.085156
1 0.157812 0.096094 0.16875 0.09765599999999999 0.208594 0.11796899999999999 0.217969 0.120313 0.23046899999999998 0.120313 0.23906299999999997 0.121875 0.244531 0.120313 0.257031 0.121094 0.26093700000000003 0.11953100000000001 0.25625 0.11484399999999999 0.242969 0.1125 0.235156 0.1125 0.232813 0.110937 0.227344 0.110156 0.221875 0.105469 0.217188 0.092969 0.211719 0.0875 0.198437 0.078125 0.189062 0.075 0.185938 0.072656 0.173437 0.071094 0.164844 0.067969 0.15390600000000002 0.067969 0.141406 0.071875 0.140625 0.076563 0.146094 0.085156 0.157812 0.096094
1 0.14304699999999998 0.19828099999999999 0.147734 0.195391 0.152969 0.194141 0.158516 0.191562 0.166406 0.189062 0.170313 0.1875 0.175 0.188281 0.17968800000000001 0.186719 0.18515600000000002 0.186719 0.190625 0.180469 0.194531 0.178125 0.194531 0.171094 0.192188 0.166406 0.192188 0.15390600000000002 0.189062 0.139063 0.189062 0.132031 0.186719 0.125781 0.185938 0.114062 0.18359399999999998 0.115625 0.182031 0.120313 0.182031 0.124219 0.18359399999999998 0.12734399999999998 0.18359399999999998 0.139844 0.18515600000000002 0.14296899999999998 0.18515600000000002 0.153125 0.182812 0.155469 0.177344 0.15625 0.176563 0.16406199999999999 0.173437 0.167187 0.146875 0.178906 0.123438 0.19531199999999999 0.120313 0.20078100000000002 0.112578 0.20835900000000002 0.126328 0.20601600000000003 0.136875 0.201172 0.14304699999999998 0.19828099999999999
2 0.226562 0.22265600000000002 0.227344 0.227344 0.23203100000000002 0.235156 0.23671899999999998 0.23671899999999998 0.23671899999999998 0.228125 0.23203100000000002 0.2125 0.22109399999999998 0.196094 0.217188 0.196875 0.217188 0.201563 0.219531 0.209375 0.226562 0.22265600000000002
1 0.017969 0.249219 0.020313 0.248438 0.026562000000000002 0.242188 0.025781 0.235156 0.014844 0.224219 0.014063 0.215625 0.011719 0.2125 0.009375 0.2125 0.0078119999999999995 0.21406200000000003 0.00625 0.219531 0.003125 0.224219 0.005469 0.228906 0.005469 0.235156 0.0023439999999999997 0.252344 0.00625 0.258594 0.009375 0.259375 0.0125 0.257031 0.014063 0.253125 0.017969 0.249219
2 0.071094 0.12265600000000002 0.080469 0.12265600000000002 0.088281 0.11875 0.092969 0.11171899999999998 0.092969 0.10703100000000002 0.089063 0.105469 0.079687 0.105469 0.061719 0.109375 0.047656 0.108594 0.042187999999999996 0.110156 0.041406 0.11171899999999998 0.046875 0.115625 0.057031 0.11953100000000001 0.071094 0.12265600000000002
1 0.084375 0.38125 0.090625 0.384375 0.0875 0.38593700000000003 0.075781 0.386719 0.075781 0.38984399999999997 0.092188 0.40156200000000003 0.114062 0.41093799999999997 0.130469 0.42109399999999997 0.13671899999999998 0.420312 0.132031 0.416406 0.11796899999999999 0.396094 0.105469 0.384375 0.104688 0.382031 0.08125 0.36875 0.078125 0.36875 0.077344 0.373437 0.084375 0.378125 0.084375 0.38125
1 0.060156 0.408594 0.079687 0.425 0.094531 0.435156 0.1 0.441406 0.10625 0.446094 0.107813 0.457031 0.110156 0.460156 0.125781 0.463281 0.15859399999999998 0.464844 0.171094 0.46093799999999996 0.172656 0.459375 0.172656 0.455469 0.165625 0.451562 0.15390600000000002 0.45 0.14296899999999998 0.446094 0.126562 0.442969 0.126562 0.440625 0.13281199999999999 0.435937 0.134375 0.432031 0.13828100000000002 0.428125 0.13828100000000002 0.423438 0.135156 0.42109399999999997 0.135156 0.419531 0.133594 0.420312 0.132031 0.424219 0.11484399999999999 0.435156 0.092969 0.415625 0.076563 0.40546899999999997 0.061719 0.4 0.050781 0.4 0.053125 0.402344 0.053125 0.404687 0.060156 0.408594
2 0.224219 0.38125 0.225781 0.386719 0.23203100000000002 0.39375 0.234375 0.40625 0.23671899999999998 0.41093799999999997 0.2375 0.420312 0.240625 0.421875 0.24609399999999998 0.413281 0.24531200000000003 0.39843799999999996 0.242188 0.39140600000000003 0.235937 0.388281 0.235937 0.383594 0.232813 0.378125 0.225 0.371875 0.221875 0.372656 0.221875 0.378125 0.224219 0.38125
2 0.125 0.528906 0.123438 0.515625 0.120156 0.508203 0.11640600000000001 0.519531 0.11484399999999999 0.560156 0.11640600000000001 0.573438 0.11796899999999999 0.576562 0.12265600000000002 0.578906 0.125 0.576562 0.126562 0.56875 0.125 0.528906
1 0.0625 0.703906 0.064844 0.702344 0.069531 0.705469 0.076563 0.707031 0.090625 0.714844 0.096875 0.713281 0.099219 0.710156 0.10078100000000001 0.692187 0.103125 0.689844 0.101562 0.683594 0.103125 0.664062 0.10234399999999999 0.655469 0.098437 0.655469 0.089063 0.665625 0.089063 0.669531 0.085156 0.682031 0.084375 0.702344 0.075 0.699219 0.06640599999999999 0.698438 0.060937 0.695312 0.047656 0.694531 0.046094 0.697656 0.048437999999999995 0.7 0.057031 0.703906 0.0625 0.703906
1 0.171094 0.713281 0.173437 0.717187 0.18515600000000002 0.729688 0.188281 0.728906 0.189062 0.727344 0.18984399999999998 0.728125 0.18984399999999998 0.736719 0.19531199999999999 0.745313 0.2 0.749219 0.204687 0.749219 0.20781299999999997 0.74375 0.20781299999999997 0.738281 0.211719 0.721875 0.210938 0.696875 0.209375 0.695312 0.204687 0.696094 0.197656 0.703906 0.19375 0.714063 0.189062 0.715625 0.18515600000000002 0.7125 0.18359399999999998 0.709375 0.176563 0.703906 0.171094 0.696094 0.16875 0.696094 0.16796899999999998 0.701562 0.170313 0.70625 0.171094 0.713281
1 0.263281 0.539062 0.267188 0.540625 0.303125 0.54375 0.314844 0.546875 0.322656 0.546875 0.339844 0.55 0.355469 0.557813 0.357812 0.557813 0.359375 0.554688 0.35468700000000003 0.528906 0.352344 0.525 0.352344 0.519531 0.347656 0.503906 0.346016 0.5008589999999999 0.344141 0.496563 0.34132799999999996 0.489297 0.340156 0.480859 0.335625 0.460859 0.335078 0.478672 0.334375 0.494531 0.336719 0.500781 0.3375 0.511719 0.339844 0.517188 0.339844 0.521875 0.342187 0.525781 0.342187 0.53125 0.339844 0.532813 0.33906200000000003 0.5375 0.3375 0.5375 0.336719 0.535156 0.333594 0.532813 0.324219 0.529687 0.314844 0.524219 0.31171899999999997 0.521094 0.31171899999999997 0.517188 0.309375 0.517188 0.30781200000000003 0.519531 0.305469 0.520312 0.27031299999999997 0.520312 0.251563 0.526563 0.24765600000000002 0.529687 0.239844 0.53125 0.23828100000000002 0.532813 0.241406 0.535937 0.24765600000000002 0.5375 0.263281 0.539062
1 0.310156 0.260156 0.30468799999999996 0.265625 0.303906 0.271875 0.31718799999999997 0.28906200000000004 0.319531 0.294531 0.324219 0.299219 0.328125 0.300781 0.329688 0.303125 0.335156 0.303125 0.3375 0.288281 0.33906200000000003 0.286719 0.34375 0.286719 0.346094 0.288281 0.34453100000000003 0.278906 0.3375 0.27031299999999997 0.334375 0.26875 0.32890600000000003 0.26875 0.326562 0.271094 0.324219 0.26875 0.307031 0.239844 0.303906 0.227344 0.3 0.22265600000000002 0.29765600000000003 0.22265600000000002 0.295312 0.225 0.29765600000000003 0.235156 0.310156 0.260156
1 0.454688 0.408594 0.465625 0.407813 0.46796899999999997 0.40546899999999997 0.46796899999999997 0.3875 0.46125 0.37390599999999996 0.45460900000000004 0.364531 0.450781 0.359531 0.449688 0.354453 0.446797 0.348203 0.444141 0.341953 0.442969 0.351172 0.44359400000000004 0.357422 0.445469 0.365703 0.446875 0.373203 0.446875 0.378906 0.447656 0.384375 0.44531200000000004 0.386719 0.433594 0.384375 0.420312 0.38593700000000003 0.403906 0.397656 0.399219 0.399219 0.396875 0.408594 0.4 0.41093799999999997 0.44843700000000003 0.40703100000000003 0.454688 0.408594
1 0.36015600000000003 0.814063 0.36015600000000003 0.8195309999999999 0.365625 0.81875 0.37421899999999997 0.8117190000000001 0.378125 0.8039059999999999 0.38125 0.791406 0.37968799999999997 0.789844 0.376563 0.789844 0.376563 0.791406 0.371094 0.796875 0.364844 0.797656 0.35625 0.790625 0.341406 0.789062 0.33906200000000003 0.790625 0.34843799999999997 0.796094 0.357812 0.8054690000000001 0.36015600000000003 0.814063
2 0.32343700000000003 0.63125 0.326562 0.642969 0.33125 0.652344 0.33125 0.664844 0.334375 0.66875 0.34296899999999997 0.667969 0.346094 0.666406 0.34843799999999997 0.659375 0.346875 0.651563 0.336719 0.632031 0.329688 0.621875 0.326562 0.619531 0.324219 0.619531 0.321094 0.621875 0.321094 0.628125 0.32343700000000003 0.63125
1 0.29218700000000003 0.791406 0.29609399999999997 0.797656 0.30625 0.809375 0.315625 0.816406 0.317969 0.8195309999999999 0.321094 0.8179690000000001 0.32343700000000003 0.814063 0.32343700000000003 0.80625 0.321094 0.798438 0.315625 0.789062 0.303906 0.776563 0.295312 0.773438 0.279687 0.753125 0.27656200000000003 0.750781 0.274219 0.750781 0.27343799999999996 0.75625 0.288281 0.779687 0.29218700000000003 0.791406
0 0.5625 0.648438 0.564844 0.648438 0.5875 0.65625 0.596875 0.655469 0.632031 0.659375 0.653906 0.665625 0.66875 0.672656 0.685937 0.674219 0.692187 0.678125 0.692187 0.682031 0.694531 0.682813 0.697656 0.68125 0.700781 0.657813 0.705469 0.657031 0.707031 0.653906 0.732812 0.6375 0.736719 0.632812 0.749219 0.622656 0.771094 0.609375 0.772656 0.607031 0.771094 0.603906 0.764844 0.603906 0.757031 0.605469 0.746094 0.610156 0.735938 0.611719 0.730469 0.614844 0.721094 0.617188 0.710938 0.623437 0.704688 0.629687 0.698438 0.626563 0.698438 0.619766 0.696641 0.6118750000000001 0.6939059999999999 0.620781 0.693984 0.632734 0.6956249999999999 0.643281 0.690391 0.6457029999999999 0.688203 0.651875 0.688281 0.65625 0.689063 0.661719 0.688281 0.671094 0.686719 0.673438 0.684375 0.673438 0.682813 0.671875 0.682813 0.664844 0.68125 0.660937 0.667969 0.64375 0.65625 0.636719 0.630469 0.626563 0.610938 0.623437 0.592969 0.623437 0.585938 0.625781 0.578125 0.626563 0.559375 0.634375 0.554688 0.638281 0.554688 0.642969 0.559375 0.647656 0.560156 0.650781 0.5625 0.648438
1 0.689063 0.585938 0.694531 0.585156 0.703125 0.586719 0.704688 0.585156 0.703906 0.582812 0.7 0.580469 0.696094 0.572656 0.689844 0.555469 0.688281 0.557031 0.689063 0.572656 0.686719 0.575 0.680469 0.575781 0.665625 0.585156 0.653125 0.599219 0.651563 0.603125 0.652344 0.604688 0.657813 0.603906 0.671875 0.59375 0.689063 0.585938
1 0.55 0.432031 0.555469 0.439844 0.560156 0.444531 0.564844 0.44531200000000004 0.567187 0.441406 0.571875 0.424219 0.571875 0.41093799999999997 0.570312 0.40703100000000003 0.565625 0.40703100000000003 0.559375 0.417969 0.553906 0.421875 0.546094 0.41406200000000004 0.540625 0.413281 0.540625 0.417969 0.546875 0.425 0.55 0.432031
2 0.598437 0.4125 0.602344 0.433594 0.60625 0.439063 0.607031 0.449219 0.608594 0.449219 0.615625 0.44218799999999997 0.622656 0.432031 0.624219 0.425781 0.624219 0.41875 0.617188 0.409375 0.619531 0.403906 0.616406 0.403125 0.614062 0.400781 0.6125 0.396094 0.60625 0.39140600000000003 0.605469 0.388281 0.599219 0.386719 0.595313 0.388281 0.59375 0.400781 0.598437 0.4125
1 0.686719 0.459375 0.69375 0.470313 0.697656 0.474219 0.69375 0.482031 0.69375 0.48515600000000003 0.689063 0.48515600000000003 0.689063 0.494531 0.696875 0.505469 0.702344 0.50625 0.714063 0.497656 0.716406 0.490625 0.714844 0.482031 0.7125 0.477344 0.702344 0.470313 0.697656 0.45781299999999997 0.691406 0.449219 0.6875 0.439063 0.6875 0.435937 0.683594 0.42968799999999996 0.678125 0.402344 0.673438 0.402344 0.672656 0.413281 0.675 0.432031 0.686719 0.459375
2 0.607812 0.389062 0.608594 0.39375 0.6125 0.402344 0.621875 0.41093799999999997 0.63125 0.41406200000000004 0.633594 0.40703100000000003 0.628906 0.403906 0.6125 0.386719 0.611719 0.383594 0.604688 0.37421899999999997 0.601562 0.373437 0.601562 0.38125 0.603906 0.38593700000000003 0.607812 0.389062
1 0.477344 0.459375 0.478125 0.466406 0.480469 0.471094 0.48125 0.482812 0.47968700000000003 0.498437 0.485938 0.49921899999999997 0.4875 0.501563 0.489844 0.514062 0.491406 0.535937 0.49375 0.542969 0.497656 0.549219 0.502344 0.549219 0.503906 0.541406 0.504687 0.517188 0.503125 0.513281 0.502344 0.504687 0.496875 0.49531200000000003 0.494531 0.49375 0.48906299999999997 0.49375 0.486719 0.491406 0.488281 0.470313 0.486719 0.466406 0.485938 0.45781299999999997 0.48125 0.447656 0.477578 0.443438 0.475781 0.439063 0.469688 0.43499999999999994 0.463516 0.430469 0.457266 0.42929700000000004 0.46875 0.44375 0.477344 0.459375
1 0.08125 0.800781 0.089063 0.803125 0.092188 0.803125 0.08984400000000001 0.800781 0.091406 0.797656 0.095312 0.796875 0.095312 0.794531 0.076563 0.775781 0.072266 0.773906 0.062813 0.770547 0.06875 0.778125 0.071094 0.783594 0.06875 0.785937 0.059375 0.786719 0.050781 0.790625 0.050781 0.795312 0.07421900000000001 0.800781 0.08125 0.800781
1 0.129688 0.8851559999999999 0.131562 0.8868750000000001 0.133594 0.8898440000000001 0.141406 0.9 0.140625 0.9039059999999999 0.134375 0.9085940000000001 0.128125 0.9195309999999999 0.12734399999999998 0.9320309999999999 0.12890600000000002 0.9367190000000001 0.132031 0.9382809999999999 0.140625 0.9304690000000001 0.145313 0.928125 0.146094 0.9242190000000001 0.153125 0.9132809999999999 0.15390600000000002 0.903125 0.146875 0.8914059999999999 0.14296899999999998 0.889062 0.128125 0.8742190000000001 0.11875 0.870313 0.11640600000000001 0.871875 0.11640600000000001 0.873437 0.129688 0.8851559999999999
2 0.435937 0.507812 0.447656 0.502344 0.460156 0.49921899999999997 0.463281 0.496875 0.46406200000000003 0.49375 0.460156 0.489844 0.450781 0.484375 0.44375 0.482031 0.439063 0.48359399999999997 0.433594 0.482812 0.417969 0.488281 0.409375 0.49531200000000003 0.403906 0.502344 0.4125 0.510938 0.416406 0.5125 0.435937 0.507812
2 0.353125 0.41093799999999997 0.359375 0.419531 0.364844 0.423438 0.369531 0.423438 0.372656 0.420312 0.372656 0.415625 0.363281 0.400781 0.35859399999999997 0.385156 0.353125 0.384375 0.35 0.39375 0.35 0.39843799999999996 0.353125 0.41093799999999997