1 0.317969 0.198437 0.31875 0.18984399999999998 0.321094 0.18359399999999998 0.321094 0.178125 0.32734399999999997 0.15234399999999998 0.329688 0.130469 0.32734399999999997 0.125781 0.325781 0.125781 0.31875 0.13828100000000002 0.31875 0.14296899999999998 0.316406 0.146875 0.30781200000000003 0.176563 0.302344 0.188281 0.299219 0.2 0.29375 0.203125 0.28664100000000003 0.20078100000000002 0.27773400000000004 0.20171899999999998 0.286719 0.208594 0.29218700000000003 0.210938 0.298438 0.211719 0.302344 0.217188 0.307031 0.217969 0.314844 0.20625 0.317969 0.198437
1 0.76875 0.241406 0.759375 0.23906299999999997 0.744531 0.239844 0.742969 0.23828100000000002 0.74375 0.227344 0.747656 0.2125 0.749219 0.196094 0.747656 0.192188 0.747656 0.18125 0.745313 0.165625 0.74375 0.161719 0.739844 0.159375 0.734375 0.164844 0.728125 0.190625 0.721875 0.209375 0.717969 0.24765600000000002 0.71875 0.253906 0.721094 0.25781200000000004 0.725 0.258594 0.728125 0.257031 0.7375 0.24765600000000002 0.742969 0.246875 0.745313 0.248438 0.754687 0.25 0.759375 0.253125 0.763281 0.253125 0.771875 0.25625 0.7875 0.25625 0.785156 0.251563 0.775781 0.244531 0.76875 0.241406
1 0.04375 0.213281 0.046875 0.217969 0.055469000000000004 0.225 0.05625 0.228906 0.060156 0.235937 0.06875 0.23125 0.07062500000000001 0.222031 0.072891 0.214922 0.073438 0.208594 0.072656 0.1875 0.067969 0.19140600000000002 0.067969 0.19624999999999998 0.065625 0.20140600000000003 0.063281 0.20546899999999998 0.063281 0.208594 0.060937 0.213281 0.052344 0.204687 0.04375 0.2 0.032812999999999995 0.196875 0.033594 0.201563 0.036719 0.20703100000000002 0.04375 0.213281
1 0.16015600000000002 0.3625 0.15859399999999998 0.326562 0.15390600000000002 0.330469 0.153125 0.335156 0.15 0.341406 0.15 0.34453100000000003 0.145313 0.345313 0.142187 0.34375 0.140625 0.349219 0.150781 0.35859399999999997 0.15390600000000002 0.36718799999999996 0.15390600000000002 0.371094 0.155469 0.37031200000000003 0.157812 0.36406299999999997 0.16015600000000002 0.3625
2 0.505469 0.11171899999999998 0.504687 0.12734399999999998 0.507031 0.130469 0.507031 0.135156 0.508594 0.13671899999999998 0.514062 0.13671899999999998 0.521875 0.12890600000000002 0.525 0.12265600000000002 0.5125 0.1 0.505469 0.092188 0.501563 0.08984400000000001 0.5 0.091406 0.500781 0.096875 0.505469 0.11171899999999998
1 0.620313 0.209375 0.620313 0.21875 0.628125 0.219531 0.632031 0.21406200000000003 0.641406 0.18984399999999998 0.646875 0.18359399999999998 0.649219 0.178906 0.661719 0.166406 0.664844 0.161719 0.661719 0.16015600000000002 0.65625 0.16015600000000002 0.652344 0.163281 0.639062 0.178906 0.633594 0.1875 0.630469 0.196094 0.627344 0.196094 0.622656 0.192969 0.60625 0.190625 0.6 0.192188 0.594531 0.196875 0.595313 0.19921899999999998 0.598437 0.201563 0.614062 0.204687 0.620313 0.209375
1 0.824219 0.10625 0.8351559999999999 0.110937 0.839844 0.11484399999999999 0.839844 0.12734399999999998 0.8414059999999999 0.130469 0.853125 0.130469 0.8695309999999999 0.11875 0.873437 0.11953100000000001 0.875 0.117188 0.882812 0.1125 0.8914059999999999 0.1 0.8976559999999999 0.094531 0.9117190000000001 0.078125 0.925 0.06640599999999999 0.932813 0.0625 0.951562 0.04375 0.9539059999999999 0.033594 0.957812 0.025 0.95625 0.023438 0.9476559999999999 0.024218999999999997 0.9242190000000001 0.034375 0.907813 0.044531 0.8914059999999999 0.059375 0.886719 0.061719 0.871875 0.078125 0.854688 0.091406 0.847656 0.101562 0.8429690000000001 0.105469 0.839844 0.10390600000000001 0.8382809999999999 0.10078100000000001 0.8367190000000001 0.091406 0.834375 0.0875 0.8273440000000001 0.08203099999999999 0.8125 0.078906 0.797656 0.078125 0.782031 0.079687 0.779687 0.08203099999999999 0.779687 0.085156 0.782031 0.0875 0.8023440000000001 0.092969 0.824219 0.10625
1 0.89375 0.315625 0.903125 0.30468799999999996 0.90625 0.299219 0.90625 0.295312 0.909375 0.291406 0.910156 0.288281 0.909375 0.28593799999999997 0.8960940000000001 0.290625 0.892188 0.294531 0.8875 0.290625 0.884375 0.284375 0.884375 0.286719 0.8820309999999999 0.289844 0.8820309999999999 0.29609399999999997 0.8835940000000001 0.300781 0.8804690000000001 0.321094 0.8804690000000001 0.325781 0.882812 0.328125 0.8875 0.328125 0.890625 0.325781 0.89375 0.315625
1 1 0.561719 0.9757809999999999 0.560156 0.965625 0.557031 0.9632809999999999 0.552344 0.9632809999999999 0.547656 0.9617190000000001 0.54375 0.959375 0.541406 0.9460940000000001 0.547656 0.9445309999999999 0.56875 0.9460940000000001 0.570312 0.957812 0.575 0.970313 0.584375 0.9742190000000001 0.585938 1 0.586719 1 0.561719
2 0.732812 0.521875 0.735938 0.521875 0.7381249999999999 0.5224219999999999 0.740391 0.518359 0.742578 0.5154690000000001 0.744688 0.513359 0.745937 0.511094 0.746094 0.507031 0.744141 0.508594 0.741016 0.5110159999999999 0.7392190000000001 0.511328 0.735938 0.513359 0.732031 0.514062 0.722656 0.516406 0.710938 0.517188 0.710156 0.522656 0.715625 0.527344 0.725781 0.526563 0.732812 0.521875
1 0.56875 0.525 0.570312 0.532031 0.582812 0.547656 0.586719 0.546875 0.591406 0.541406 0.603125 0.535937 0.603125 0.532031 0.6 0.528906 0.585156 0.521094 0.584375 0.510938 0.579688 0.502344 0.573438 0.501563 0.565625 0.504687 0.560156 0.503125 0.55625 0.505469 0.558594 0.510156 0.564063 0.515625 0.56875 0.525
1 0.446094 0.475781 0.450781 0.475 0.450781 0.46953100000000003 0.453125 0.46796899999999997 0.457031 0.45781299999999997 0.459375 0.455469 0.458594 0.451562 0.46093799999999996 0.44843700000000003 0.463281 0.434375 0.46875 0.417969 0.46875 0.408594 0.465625 0.409375 0.459375 0.42109399999999997 0.447656 0.460156 0.44375 0.46093799999999996 0.43671899999999997 0.45781299999999997 0.427344 0.45781299999999997 0.414844 0.4625 0.413281 0.465625 0.41406200000000004 0.46796899999999997 0.42265600000000003 0.470313 0.43671899999999997 0.471094 0.446094 0.475781
1 0.502344 0.328125 0.507812 0.31875 0.513281 0.314844 0.517188 0.303125 0.517188 0.298438 0.513281 0.29765600000000003 0.5 0.30625 0.497656 0.309375 0.49375 0.309375 0.490625 0.310937 0.486719 0.310937 0.482031 0.303906 0.478125 0.303125 0.47656200000000004 0.305469 0.47656200000000004 0.3125 0.48515600000000003 0.328125 0.49218799999999996 0.33125 0.498437 0.332031 0.502344 0.328125
1 0.43828100000000003 0.528125 0.439063 0.533594 0.44218799999999997 0.533594 0.446094 0.536719 0.451562 0.536719 0.455469 0.532813 0.459375 0.532031 0.465625 0.526563 0.48359399999999997 0.505469 0.502344 0.486719 0.504687 0.485938 0.516406 0.475 0.519531 0.46953100000000003 0.519531 0.466406 0.515625 0.466406 0.503906 0.470313 0.49921899999999997 0.470313 0.489844 0.474219 0.478125 0.482031 0.47343799999999997 0.4875 0.46796899999999997 0.489844 0.45781299999999997 0.49921899999999997 0.45781299999999997 0.500781 0.447656 0.510938 0.44531200000000004 0.509375 0.441406 0.509375 0.439844 0.510938 0.43828100000000003 0.507031 0.428125 0.497656 0.41875 0.49375 0.423438 0.509375 0.42968799999999996 0.515625 0.43125 0.519531 0.43828100000000003 0.528125
1 0.45 0.635156 0.454688 0.639844 0.467187 0.639062 0.470313 0.635938 0.46875 0.630469 0.471094 0.626563 0.478906 0.619531 0.491406 0.603906 0.49218799999999996 0.600781 0.498437 0.592187 0.500781 0.583594 0.49531200000000003 0.583594 0.485938 0.5875 0.48125 0.591406 0.478906 0.591406 0.46875 0.598437 0.463281 0.60625 0.455469 0.609375 0.44375 0.600781 0.440625 0.601562 0.439063 0.603125 0.439063 0.605469 0.442969 0.611719 0.442969 0.614844 0.439844 0.617969 0.435156 0.61875 0.435156 0.625 0.439063 0.625 0.44843700000000003 0.635156 0.45 0.635156
1 0.3125 0.439063 0.310937 0.472656 0.31328100000000003 0.48359399999999997 0.319531 0.48359399999999997 0.325 0.471094 0.332031 0.460156 0.333594 0.453125 0.3375 0.45 0.33890600000000004 0.44578100000000004 0.340313 0.44156300000000004 0.336797 0.440547 0.332578 0.44757800000000003 0.324141 0.4575 0.322891 0.450859 0.325 0.43281200000000003 0.322656 0.423438 0.320391 0.419922 0.319141 0.414375 0.317266 0.40664100000000003 0.31468799999999997 0.40109399999999995 0.311016 0.397656 0.310156 0.415625 0.310156 0.428125 0.3125 0.439063
1 0.0875 0.474219 0.091406 0.475781 0.096094 0.471875 0.096094 0.470313 0.092969 0.46796899999999997 0.092969 0.465625 0.098437 0.461719 0.10390600000000001 0.460156 0.109922 0.454141 0.108984 0.448984 0.104297 0.448906 0.097734 0.45195299999999994 0.08984400000000001 0.453125 0.080469 0.440625 0.077344 0.442969 0.077344 0.44843700000000003 0.082812 0.457031 0.0875 0.474219
1 0.10703100000000002 0.575781 0.113281 0.580469 0.11484399999999999 0.5875 0.11953100000000001 0.5875 0.13125 0.571094 0.13281199999999999 0.563281 0.129688 0.560937 0.124219 0.560937 0.117188 0.564063 0.1125 0.563281 0.10703100000000002 0.552344 0.1 0.545312 0.096875 0.544531 0.092188 0.540625 0.08984400000000001 0.540625 0.089063 0.546875 0.099219 0.559375 0.10703100000000002 0.575781
1 0.605469 0.8070309999999999 0.610156 0.808594 0.620313 0.809375 0.629687 0.807813 0.636719 0.804688 0.65 0.795312 0.650781 0.790625 0.648438 0.785937 0.640625 0.785937 0.638281 0.7875 0.63125 0.788281 0.620313 0.7875 0.617969 0.783594 0.616406 0.775 0.611719 0.767188 0.607031 0.7625 0.607031 0.78125 0.605469 0.784375 0.596875 0.789844 0.594531 0.792969 0.590625 0.79375 0.589844 0.796094 0.591406 0.799219 0.595313 0.799219 0.605469 0.8070309999999999
1 0.734375 0.719531 0.739844 0.717969 0.747656 0.713281 0.751563 0.709375 0.7625 0.708594 0.767188 0.701562 0.766406 0.698438 0.764062 0.696875 0.747656 0.696875 0.7375 0.691406 0.732031 0.685156 0.728906 0.683594 0.724219 0.685156 0.728125 0.703125 0.726562 0.713281 0.734375 0.719531
1 0.724219 0.8882809999999999 0.729688 0.896875 0.729688 0.9007809999999999 0.73125 0.902344 0.736719 0.903125 0.740625 0.901563 0.742188 0.898438 0.742188 0.895312 0.739844 0.892188 0.742188 0.885938 0.742188 0.879687 0.738281 0.8757809999999999 0.735156 0.86875 0.728125 0.86875 0.728125 0.8726559999999999 0.724219 0.878125 0.724219 0.8882809999999999
0 0.420312 0.9789059999999999 0.424219 0.979688 0.428125 0.975 0.432031 0.975 0.428906 0.9710940000000001 0.432031 0.9679690000000001 0.435937 0.967187 0.435156 0.959375 0.439844 0.948438 0.458594 0.948438 0.463281 0.946875 0.467187 0.9429690000000001 0.471094 0.945312 0.471094 0.942187 0.46953100000000003 0.9398440000000001 0.472656 0.9367190000000001 0.472656 0.934375 0.46796899999999997 0.93125 0.46796899999999997 0.928125 0.475781 0.921875 0.489844 0.9164059999999999 0.5 0.909375 0.509375 0.896875 0.510156 0.892188 0.503906 0.8914059999999999 0.48906299999999997 0.8992190000000001 0.470313 0.9039059999999999 0.450781 0.9195309999999999 0.44218799999999997 0.933594 0.44218799999999997 0.939063 0.439844 0.942187 0.435156 0.940625 0.432031 0.9210940000000001 0.428125 0.914062 0.425781 0.9148440000000001 0.424219 0.917969 0.425 0.949219 0.421875 0.9539059999999999 0.41875 0.954688 0.414844 0.9585940000000001 0.41406200000000004 0.9632809999999999 0.403906 0.9789059999999999 0.403906 0.9851559999999999 0.41718700000000003 0.9851559999999999 0.419531 0.9835940000000001 0.420312 0.9789059999999999
0 0.239844 0.8742190000000001 0.252344 0.878125 0.255469 0.88125 0.255469 0.8851559999999999 0.260156 0.8882809999999999 0.283594 0.8914059999999999 0.290625 0.8875 0.303125 0.886719 0.30781200000000003 0.8851559999999999 0.303125 0.8804690000000001 0.29218700000000003 0.876563 0.28593799999999997 0.8757809999999999 0.271094 0.86875 0.264062 0.8585940000000001 0.259375 0.8570309999999999 0.26093700000000003 0.854688 0.260156 0.851562 0.258594 0.851562 0.251563 0.845313 0.241406 0.840625 0.233594 0.839844 0.227344 0.8414059999999999 0.225781 0.8429690000000001 0.21875 0.842187 0.21640600000000002 0.84375 0.217969 0.8492190000000001 0.23046899999999998 0.8679690000000001 0.239844 0.8742190000000001
1 0.192188 0.789062 0.201563 0.791406 0.20703100000000002 0.791406 0.209375 0.789062 0.213281 0.789062 0.215625 0.785156 0.22109399999999998 0.783594 0.21875 0.78125 0.20625 0.78125 0.203906 0.778906 0.203906 0.774219 0.20781299999999997 0.767969 0.20703100000000002 0.759375 0.204687 0.759375 0.196875 0.767188 0.192969 0.767188 0.186719 0.764062 0.173437 0.763281 0.173437 0.76875 0.178906 0.778125 0.192188 0.789062
1 0 0.8 0.004687 0.800781 0.007031 0.803125 0.013281000000000001 0.804688 0.01875 0.810937 0.024218999999999997 0.810937 0.034375 0.799219 0.041406 0.795312 0.065625 0.772656 0.076563 0.764844 0.079687 0.760938 0.079687 0.757812 0.078125 0.75625 0.072656 0.75625 0.060156 0.760156 0.053125 0.760938 0.045312000000000005 0.764062 0.032812999999999995 0.771094 0.022656000000000003 0.779687 0.016406 0.789844 0.016406 0.796875 0.013281000000000001 0.801562 0.0078119999999999995 0.801562 0.007031 0.798438 0 0.797656 0 0.8
1 0 0.920312 0.0023439999999999997 0.920312 0.0078119999999999995 0.925 0.021093999999999998 0.940625 0.024218999999999997 0.946875 0.025 0.953125 0.028905999999999998 0.9554690000000001 0.032812999999999995 0.9601559999999999 0.0375 0.959375 0.039062 0.954688 0.042969 0.9507809999999999 0.047656 0.948438 0.047656 0.94375 0.029687 0.932813 0.022656000000000003 0.925781 0.004687 0.915625 0 0.915625 0 0.920312
2 0.16015600000000002 1 0.159375 0.985938 0.146875 0.9757809999999999 0.12734399999999998 0.964844 0.124219 0.9664059999999999 0.125 0.96875 0.130469 0.9742190000000001 0.141406 0.9820309999999999 0.147656 0.988281 0.151562 0.995313 0.155469 0.998437 0.155469 1 0.16015600000000002 1
1 1 0.678125 0.9976559999999999 0.678125 0.99375 0.682031 0.984375 0.696094 0.982812 0.700781 0.9742190000000001 0.7125 0.970313 0.725 0.970313 0.728906 0.965625 0.735156 0.9632809999999999 0.753125 0.9601559999999999 0.7625 0.960938 0.767188 0.9625 0.76875 0.967187 0.767969 0.971875 0.764844 0.998437 0.739062 1 0.739062 1 0.678125
2 1 0.242969 0.9976559999999999 0.242188 0.9945309999999999 0.23671899999999998 0.9898440000000001 0.23671899999999998 0.9875 0.242969 0.9875 0.24765600000000002 0.989062 0.25468799999999997 0.9898440000000001 0.27343799999999996 0.9929690000000001 0.278906 0.996094 0.28046899999999997 1 0.28046899999999997 1 0.242969