1 0.569531 0.553125 0.566406 0.55 0.55625 0.549219 0.552344 0.550781 0.547656 0.550781 0.54375 0.553906 0.541406 0.560937 0.548438 0.573438 0.548438 0.580469 0.544531 0.589063 0.533594 0.592969 0.527344 0.592969 0.513281 0.589063 0.48125 0.585938 0.466406 0.582812 0.454688 0.582812 0.454688 0.585156 0.466406 0.592969 0.47343799999999997 0.594531 0.48125 0.594531 0.4875 0.596875 0.496875 0.597656 0.511719 0.601562 0.548438 0.603125 0.550781 0.605469 0.5625 0.604688 0.567187 0.600781 0.56875 0.595313 0.567969 0.585156 0.565625 0.579688 0.565625 0.571094 0.569531 0.557031
0 0.764844 0.521094 0.765625 0.528125 0.775781 0.5375 0.796094 0.55 0.8125 0.554688 0.814063 0.55625 0.832031 0.560156 0.847656 0.561719 0.864844 0.560937 0.8726559999999999 0.56875 0.876563 0.567969 0.890625 0.574219 0.9085940000000001 0.578125 0.916406 0.58125 0.933594 0.584375 0.945312 0.589063 0.9695310000000001 0.596094 0.978125 0.595313 0.9875 0.592187 0.9929690000000001 0.588281 0.990625 0.582812 0.978906 0.576562 0.964844 0.566406 0.9351559999999999 0.552344 0.9311719999999999 0.551875 0.925781 0.549219 0.920312 0.546875 0.910937 0.546875 0.904687 0.54375 0.8992190000000001 0.54375 0.8898439999999999 0.546094 0.86875 0.548438 0.865625 0.552344 0.8617190000000001 0.552344 0.847656 0.539844 0.8351559999999999 0.533594 0.8210940000000001 0.528906 0.807031 0.525781 0.7875 0.51875 0.770312 0.517969
0 0.853125 0.296875 0.8507809999999999 0.298438 0.851562 0.315625 0.849219 0.333594 0.853125 0.355469 0.8523440000000001 0.366406 0.86875 0.388281 0.8679690000000001 0.396094 0.865625 0.4 0.8625 0.4125 0.865625 0.415625 0.8679690000000001 0.4125 0.8726559999999999 0.41093799999999997 0.886719 0.43671899999999997 0.9 0.45390600000000003 0.911719 0.465625 0.916406 0.465625 0.916406 0.45625 0.911719 0.435937 0.901563 0.408594 0.898438 0.394531 0.895312 0.390625 0.892188 0.389844 0.8875 0.385156 0.8835940000000001 0.378125 0.871094 0.339844 0.8679690000000001 0.326562 0.867188 0.314063 0.864062 0.310156 0.859375 0.298438 0.857812 0.296875
1 0.900781 0.258594 0.896875 0.25625 0.895312 0.257812 0.895312 0.264062 0.8882809999999999 0.285938 0.8757810000000001 0.279687 0.864062 0.279687 0.847656 0.282031 0.842187 0.284375 0.839844 0.286719 0.839844 0.289062 0.847656 0.29375 0.889062 0.298438 0.8929690000000001 0.303125 0.8976559999999999 0.3125 0.900781 0.314063 0.9039059999999999 0.307031 0.903125 0.301563 0.900781 0.298438
1 0.12265600000000002 0.953125 0.121875 0.959375 0.126562 0.973437 0.130469 0.98125 0.140625 0.99375 0.142969 1 0.174219 1 0.174219 0.9976559999999999 0.167187 0.9929690000000001 0.159375 0.9851560000000001 0.152344 0.970313 0.150781 0.963281 0.15625 0.9554690000000001 0.15625 0.9507809999999999 0.153906 0.95 0.147656 0.9523439999999999 0.142187 0.9523439999999999 0.138281 0.9554690000000001 0.135156 0.963281 0.132031 0.965625 0.125 0.958594 0.124219 0.9539060000000001
1 0.241406 0.926562 0.241406 0.9289059999999999 0.24375 0.932031 0.255469 0.939063 0.258594 0.942187 0.282813 0.954688 0.290625 0.95625 0.303906 0.95625 0.315625 0.954688 0.321875 0.9523439999999999 0.3625 0.953125 0.389062 0.951562 0.392188 0.9539060000000001 0.392188 0.9554690000000001 0.396094 0.9554690000000001 0.400781 0.9523439999999999 0.403906 0.947656 0.402344 0.94375 0.396094 0.942969 0.391406 0.9398440000000001 0.380469 0.935937 0.376563 0.935937 0.373437 0.933594 0.360938 0.932813 0.345313 0.9367189999999999 0.339844 0.940625 0.332813 0.942969 0.335156 0.946875 0.332031 0.947656 0.328906 0.9445309999999999 0.322656 0.9445309999999999 0.304688 0.9398440000000001 0.297656 0.9367189999999999 0.295312 0.934375 0.273438 0.932813 0.24531200000000003 0.925 0.242969 0.925
1 0.45781299999999997 0.958594 0.454688 0.957031 0.451562 0.960938 0.449219 0.960938 0.442969 0.954688 0.439844 0.949219 0.4375 0.949219 0.41718700000000003 0.9554690000000001 0.397656 0.95625 0.390625 0.9617190000000001 0.390625 0.967187 0.395313 0.970313 0.404687 0.972656 0.42109399999999997 0.971875 0.428906 0.96875 0.435156 0.963281 0.43828100000000003 0.9625 0.439844 0.9601559999999999 0.441406 0.9625 0.441406 0.967187 0.44375 0.9695310000000001 0.447656 0.970313 0.457031 0.963281
1 0.175 0.865625 0.175 0.870313 0.179688 0.8757810000000001 0.189844 0.880469 0.2 0.882812 0.225 0.8835940000000001 0.23046899999999998 0.88125 0.233594 0.88125 0.239844 0.8773440000000001 0.23671899999999998 0.875 0.23125 0.8757810000000001 0.22343799999999997 0.870313 0.211719 0.867188 0.20625 0.8617190000000001 0.203125 0.853125 0.20078100000000002 0.853125 0.199219 0.860938 0.196875 0.863281 0.179688 0.8625
1 0.249219 0.8101559999999999 0.249219 0.8148440000000001 0.251563 0.820312 0.25625 0.840625 0.257031 0.85 0.261719 0.853906 0.264062 0.859375 0.264062 0.853125 0.267188 0.8460940000000001 0.267188 0.842187 0.271875 0.833594 0.26875 0.83125 0.258594 0.814063 0.25625 0.814063 0.252344 0.8101559999999999
2 0.24531200000000003 0.733594 0.24531200000000003 0.736719 0.257812 0.753906 0.260937 0.75625 0.260937 0.760156 0.264062 0.764062 0.271094 0.767188 0.275781 0.765625 0.285156 0.767969 0.296094 0.767969 0.297656 0.764844 0.296875 0.7625 0.282031 0.755469 0.250781 0.733594
1 0.189062 0.598437 0.185156 0.596875 0.18125 0.605469 0.178125 0.61875 0.171094 0.623437 0.153125 0.624219 0.142187 0.626563 0.138281 0.628906 0.13125 0.630469 0.125781 0.634375 0.12265600000000002 0.634375 0.11796900000000002 0.639062 0.11171899999999998 0.650781 0.11796900000000002 0.653125 0.133594 0.653125 0.138281 0.651563 0.151562 0.652344 0.163281 0.644531 0.16875 0.642969 0.175781 0.642969 0.176563 0.639062 0.183594 0.632031 0.183594 0.625 0.188281 0.607031
1 0.15625 0.5 0.153906 0.498437 0.152344 0.5 0.129688 0.504687 0.11875 0.510938 0.110156 0.521094 0.108594 0.526563 0.108594 0.534375 0.113281 0.544531 0.11171899999999998 0.548438 0.076563 0.528125 0.069531 0.525781 0.053905999999999996 0.514844 0.041406 0.509375 0.040625 0.5125 0.045312 0.517188 0.048438 0.525781 0.055469000000000004 0.530469 0.060156 0.535937 0.064062 0.535937 0.073438 0.542969 0.085156 0.546875 0.092969 0.547656 0.104688 0.551562 0.108594 0.551562 0.11171899999999998 0.55 0.113281 0.554688 0.115625 0.557031 0.11953100000000001 0.557813 0.12265600000000002 0.560937 0.124219 0.560937 0.125 0.55625 0.121094 0.552344 0.11953100000000001 0.549219 0.13125 0.532813 0.150781 0.513281 0.155469 0.50625
1 0.11171899999999998 0.458594 0.110937 0.461719 0.10625 0.46406200000000003 0.10390600000000001 0.46875 0.10625 0.478906 0.110156 0.48515600000000003 0.123438 0.496094 0.128906 0.503125 0.132812 0.503125 0.134375 0.501563 0.130469 0.489844 0.124219 0.477344 0.11875 0.471094 0.11640599999999998 0.465625 0.115625 0.458594
1 0.076563 0.370312 0.074219 0.371094 0.071875 0.374219 0.067969 0.385937 0.067187 0.4 0.06875 0.40703100000000003 0.071875 0.41093799999999997 0.075 0.41093799999999997 0.079687 0.40703100000000003 0.082031 0.396875 0.082031 0.383594 0.079687 0.372656
1 0.090625 0.267188 0.085938 0.266406 0.08125 0.26875 0.071875 0.276562 0.067969 0.283594 0.069531 0.297656 0.074219 0.310156 0.072656 0.313281 0.070312 0.3125 0.067969 0.309375 0.060937 0.307031 0.035156 0.303906 0.022656 0.303906 0.007812000000000001 0.300781 0.002344 0.301563 0.002344 0.30625 0.005469 0.310156 0.013280999999999998 0.3125 0.030469000000000003 0.311719 0.054688 0.315625 0.075781 0.317188 0.085156 0.323437 0.092188 0.323437 0.086719 0.313281 0.085156 0.307031 0.086719 0.289844 0.090625 0.275781
1 0.071875 0.141406 0.067969 0.153906 0.067969 0.164844 0.071094 0.173437 0.072656 0.185938 0.075 0.189062 0.078125 0.198437 0.0875 0.211719 0.092969 0.217188 0.105469 0.221875 0.110156 0.227344 0.110937 0.232813 0.1125 0.235156 0.1125 0.242969 0.11484399999999999 0.25625 0.11953100000000001 0.260937 0.121094 0.257031 0.120313 0.244531 0.121875 0.23906299999999997 0.120313 0.23046899999999998 0.120313 0.217969 0.11796900000000002 0.208594 0.097656 0.16875 0.096094 0.157812 0.085156 0.146094 0.076563 0.140625
1 0.20835900000000002 0.112578 0.20078100000000002 0.120313 0.195312 0.123438 0.178906 0.146875 0.167187 0.173437 0.164062 0.176563 0.15625 0.177344 0.155469 0.182812 0.153125 0.185156 0.142969 0.185156 0.139844 0.183594 0.127344 0.183594 0.124219 0.182031 0.120313 0.182031 0.115625 0.183594 0.114062 0.185938 0.125781 0.186719 0.132031 0.189062 0.139063 0.189062 0.153906 0.192188 0.166406 0.192188 0.171094 0.194531 0.178125 0.194531 0.180469 0.190625 0.186719 0.185156 0.186719 0.179688 0.188281 0.175 0.1875 0.170313 0.189062 0.166406 0.191562 0.158516 0.194141 0.152969 0.195391 0.147734 0.198281 0.143047 0.201172 0.136875 0.20601600000000003 0.126328
2 0.196875 0.217188 0.196094 0.22109399999999998 0.2125 0.23203100000000002 0.228125 0.23671899999999998 0.23671899999999998 0.23671899999999998 0.235156 0.23203100000000002 0.227344 0.227344 0.22265600000000002 0.226562 0.209375 0.219531 0.201563 0.217188
1 0.259375 0.009375 0.258594 0.00625 0.252344 0.002344 0.235156 0.005469 0.228906 0.005469 0.224219 0.003125 0.219531 0.00625 0.21406200000000003 0.007812000000000001 0.2125 0.009375 0.2125 0.011719 0.215625 0.014063 0.224219 0.014844 0.235156 0.025781 0.242188 0.026561999999999995 0.248438 0.020313 0.249219 0.017969 0.253125 0.014063 0.257031 0.0125
2 0.11171899999999998 0.041406 0.110156 0.042188 0.108594 0.047656 0.109375 0.061719 0.105469 0.079687 0.105469 0.089063 0.10703100000000002 0.092969 0.11171899999999998 0.092969 0.11875 0.088281 0.12265600000000002 0.080469 0.12265600000000002 0.071094 0.11953100000000001 0.057031 0.115625 0.046875
1 0.36875 0.078125 0.36875 0.08125 0.382031 0.104688 0.384375 0.105469 0.396094 0.11796900000000002 0.416406 0.132031 0.420312 0.136719 0.42109399999999997 0.130469 0.41093799999999997 0.114062 0.40156200000000003 0.092188 0.389844 0.075781 0.386719 0.075781 0.385937 0.0875 0.384375 0.090625 0.38125 0.084375 0.378125 0.084375 0.373437 0.077344
1 0.4 0.050781 0.4 0.061719 0.40546899999999997 0.076563 0.415625 0.092969 0.435156 0.11484399999999999 0.424219 0.132031 0.420312 0.133594 0.419531 0.135156 0.42109399999999997 0.135156 0.423438 0.138281 0.428125 0.138281 0.432031 0.134375 0.435937 0.132812 0.440625 0.126562 0.442969 0.126562 0.446094 0.142969 0.45 0.153906 0.451562 0.165625 0.455469 0.172656 0.459375 0.172656 0.46093799999999996 0.171094 0.464844 0.158594 0.463281 0.125781 0.460156 0.110156 0.457031 0.107813 0.446094 0.10625 0.441406 0.1 0.435156 0.094531 0.425 0.079687 0.408594 0.060156 0.404687 0.053125 0.402344 0.053125
2 0.371875 0.225 0.378125 0.232813 0.383594 0.235937 0.388281 0.235937 0.391406 0.242188 0.398438 0.24531200000000003 0.413281 0.24609399999999998 0.421875 0.240625 0.420312 0.2375 0.41093799999999997 0.23671899999999998 0.40625 0.234375 0.39375 0.23203100000000002 0.386719 0.225781 0.38125 0.224219 0.378125 0.221875 0.372656 0.221875
2 0.578906 0.12265600000000002 0.576562 0.11796900000000002 0.573438 0.11640599999999998 0.560156 0.11484399999999999 0.519531 0.11640599999999998 0.508203 0.120156 0.515625 0.123438 0.528906 0.125 0.56875 0.126562 0.576562 0.125
1 0.697656 0.046094 0.694531 0.047656 0.695312 0.060937 0.698438 0.066406 0.699219 0.075 0.702344 0.084375 0.682031 0.085156 0.669531 0.089063 0.665625 0.089063 0.655469 0.098437 0.655469 0.10234400000000002 0.664062 0.103125 0.683594 0.101562 0.689844 0.103125 0.692187 0.10078099999999998 0.710156 0.099219 0.713281 0.096875 0.714844 0.090625 0.707031 0.076563 0.705469 0.069531 0.702344 0.064844 0.703906 0.0625 0.703906 0.057031 0.7 0.048438
1 0.696094 0.16875 0.696094 0.171094 0.703906 0.176563 0.709375 0.183594 0.7125 0.185156 0.715625 0.189062 0.714063 0.19375 0.703906 0.197656 0.696094 0.204687 0.695312 0.209375 0.696875 0.210938 0.721875 0.211719 0.738281 0.20781299999999997 0.74375 0.20781299999999997 0.749219 0.204687 0.749219 0.2 0.745313 0.195312 0.736719 0.189844 0.728125 0.189844 0.727344 0.189062 0.728906 0.188281 0.729688 0.185156 0.717187 0.173437 0.713281 0.171094 0.70625 0.170313 0.701562 0.167969
1 0.532813 0.23828100000000002 0.53125 0.239844 0.529687 0.24765600000000002 0.526563 0.251563 0.520312 0.270313 0.520312 0.305469 0.519531 0.307812 0.517188 0.309375 0.517188 0.311719 0.521094 0.311719 0.524219 0.314844 0.529687 0.324219 0.532813 0.333594 0.535156 0.336719 0.5375 0.3375 0.5375 0.339062 0.532813 0.339844 0.53125 0.342187 0.525781 0.342187 0.521875 0.339844 0.517188 0.339844 0.511719 0.3375 0.500781 0.336719 0.494531 0.334375 0.478672 0.335078 0.460859 0.335625 0.480859 0.340156 0.489297 0.341328 0.496563 0.344141 0.500859 0.346016 0.503906 0.347656 0.519531 0.352344 0.525 0.352344 0.528906 0.354687 0.554688 0.359375 0.557813 0.357812 0.557813 0.355469 0.55 0.339844 0.546875 0.322656 0.546875 0.314844 0.54375 0.303125 0.540625 0.267188 0.539062 0.263281 0.5375 0.24765600000000002 0.535937 0.241406
1 0.22265600000000002 0.297656 0.22265600000000002 0.3 0.227344 0.303906 0.239844 0.307031 0.26875 0.324219 0.271094 0.326562 0.26875 0.328906 0.26875 0.334375 0.270313 0.3375 0.278906 0.344531 0.288281 0.346094 0.286719 0.34375 0.286719 0.339062 0.288281 0.3375 0.303125 0.335156 0.303125 0.329688 0.300781 0.328125 0.299219 0.324219 0.294531 0.319531 0.289062 0.317188 0.271875 0.303906 0.265625 0.304688 0.260156 0.310156 0.235156 0.297656 0.225 0.295312
1 0.408594 0.396875 0.399219 0.399219 0.397656 0.403906 0.385937 0.420312 0.384375 0.433594 0.386719 0.44531200000000004 0.384375 0.447656 0.378906 0.446875 0.373203 0.446875 0.365703 0.445469 0.357422 0.44359399999999993 0.351172 0.442969 0.341953 0.444141 0.348203 0.446797 0.354453 0.449688 0.359531 0.450781 0.364531 0.45460899999999993 0.373906 0.46125 0.3875 0.46796899999999997 0.40546899999999997 0.46796899999999997 0.407813 0.465625 0.408594 0.454688 0.40703100000000003 0.44843700000000003 0.41093799999999997 0.4
1 0.790625 0.339062 0.789062 0.341406 0.790625 0.35625 0.797656 0.364844 0.796875 0.371094 0.791406 0.376563 0.789844 0.376563 0.789844 0.379688 0.791406 0.38125 0.8039059999999999 0.378125 0.8117189999999999 0.374219 0.81875 0.365625 0.8195309999999999 0.360156 0.814063 0.360156 0.8054690000000001 0.357812 0.796094 0.348438
2 0.619531 0.324219 0.619531 0.326562 0.621875 0.329688 0.632031 0.336719 0.651563 0.346875 0.659375 0.348438 0.666406 0.346094 0.667969 0.342969 0.66875 0.334375 0.664844 0.33125 0.652344 0.33125 0.642969 0.326562 0.63125 0.323437 0.628125 0.321094 0.621875 0.321094
1 0.750781 0.274219 0.750781 0.276562 0.753125 0.279687 0.773438 0.295312 0.776563 0.303906 0.789062 0.315625 0.798438 0.321094 0.80625 0.323437 0.814063 0.323437 0.817969 0.321094 0.8195309999999999 0.317969 0.816406 0.315625 0.809375 0.30625 0.797656 0.296094 0.791406 0.292187 0.779687 0.288281 0.75625 0.273438
0 0.642969 0.554688 0.638281 0.554688 0.634375 0.559375 0.626563 0.578125 0.625781 0.585938 0.623437 0.592969 0.623437 0.610938 0.626563 0.630469 0.636719 0.65625 0.64375 0.667969 0.660937 0.68125 0.664844 0.682813 0.671875 0.682813 0.673438 0.684375 0.673438 0.686719 0.671094 0.688281 0.661719 0.689063 0.65625 0.688281 0.651875 0.688203 0.645703 0.690391 0.643281 0.695625 0.632734 0.693984 0.620781 0.693906 0.611875 0.696641 0.619766 0.698438 0.626563 0.698438 0.629687 0.704688 0.623437 0.710938 0.617188 0.721094 0.614844 0.730469 0.611719 0.735938 0.610156 0.746094 0.605469 0.757031 0.603906 0.764844 0.603906 0.771094 0.607031 0.772656 0.609375 0.771094 0.622656 0.749219 0.632812 0.736719 0.6375 0.732812 0.653906 0.707031 0.657031 0.705469 0.657813 0.700781 0.68125 0.697656 0.682813 0.694531 0.682031 0.692187 0.678125 0.692187 0.674219 0.685937 0.672656 0.66875 0.665625 0.653906 0.659375 0.632031 0.655469 0.596875 0.65625 0.5875 0.648438 0.564844 0.648438 0.5625 0.650781 0.560156 0.647656 0.559375
1 0.604688 0.652344 0.603125 0.651563 0.599219 0.653125 0.585156 0.665625 0.575781 0.680469 0.575 0.686719 0.572656 0.689063 0.557031 0.688281 0.555469 0.689844 0.572656 0.696094 0.580469 0.7 0.582812 0.703906 0.585156 0.704688 0.586719 0.703125 0.585156 0.694531 0.585938 0.689063 0.59375 0.671875 0.603906 0.657813
1 0.413281 0.540625 0.41406200000000004 0.546094 0.421875 0.553906 0.417969 0.559375 0.40703100000000003 0.565625 0.40703100000000003 0.570312 0.41093799999999997 0.571875 0.424219 0.571875 0.441406 0.567187 0.44531200000000004 0.564844 0.444531 0.560156 0.439844 0.555469 0.432031 0.55 0.425 0.546875 0.417969 0.540625
2 0.386719 0.599219 0.388281 0.605469 0.391406 0.60625 0.396094 0.6125 0.400781 0.614062 0.403125 0.616406 0.403906 0.619531 0.409375 0.617188 0.41875 0.624219 0.425781 0.624219 0.432031 0.622656 0.44218799999999997 0.615625 0.449219 0.608594 0.449219 0.607031 0.439063 0.60625 0.433594 0.602344 0.4125 0.598437 0.400781 0.59375 0.388281 0.595313
1 0.402344 0.673438 0.402344 0.678125 0.42968799999999996 0.683594 0.435937 0.6875 0.439063 0.6875 0.449219 0.691406 0.45781299999999997 0.697656 0.470313 0.702344 0.477344 0.7125 0.482031 0.714844 0.490625 0.716406 0.497656 0.714063 0.50625 0.702344 0.505469 0.696875 0.494531 0.689063 0.48515600000000003 0.689063 0.48515600000000003 0.69375 0.482031 0.69375 0.474219 0.697656 0.470313 0.69375 0.459375 0.686719 0.432031 0.675 0.413281 0.672656
2 0.373437 0.601562 0.374219 0.604688 0.383594 0.611719 0.386719 0.6125 0.403906 0.628906 0.40703100000000003 0.633594 0.41406200000000004 0.63125 0.41093799999999997 0.621875 0.402344 0.6125 0.39375 0.608594 0.389062 0.607812 0.385937 0.603906 0.38125 0.601562
1 0.430469 0.463516 0.43499999999999994 0.469688 0.439063 0.475781 0.443438 0.477578 0.447656 0.48125 0.45781299999999997 0.485938 0.466406 0.486719 0.470313 0.488281 0.491406 0.486719 0.49375 0.48906299999999997 0.49375 0.494531 0.49531200000000003 0.496875 0.504687 0.502344 0.513281 0.503125 0.517188 0.504687 0.541406 0.503906 0.549219 0.502344 0.549219 0.497656 0.542969 0.49375 0.535937 0.491406 0.514062 0.489844 0.501563 0.4875 0.49921899999999997 0.485938 0.498437 0.47968700000000003 0.482812 0.48125 0.471094 0.480469 0.466406 0.478125 0.459375 0.477344 0.44375 0.46875 0.42929699999999993 0.457266
1 0.790625 0.050781 0.786719 0.059375 0.785937 0.06875 0.783594 0.071094 0.778125 0.06875 0.770547 0.062813 0.773906 0.072266 0.775781 0.076563 0.794531 0.095312 0.796875 0.095312 0.797656 0.091406 0.800781 0.089844 0.803125 0.092188 0.803125 0.089063 0.800781 0.08125 0.800781 0.074219 0.795312 0.050781
1 0.870313 0.11875 0.8742189999999999 0.128125 0.889062 0.142969 0.8914060000000001 0.146875 0.903125 0.153906 0.9132809999999999 0.153125 0.9242190000000001 0.146094 0.928125 0.145313 0.9304690000000001 0.140625 0.9382810000000001 0.132031 0.9367189999999999 0.128906 0.932031 0.127344 0.9195309999999999 0.128125 0.9085940000000001 0.134375 0.9039059999999999 0.140625 0.9 0.141406 0.8898439999999999 0.133594 0.8868750000000001 0.131562 0.885156 0.129688 0.873437 0.11640599999999998 0.871875 0.11640599999999998
2 0.502344 0.403906 0.49531200000000003 0.409375 0.488281 0.417969 0.482812 0.433594 0.48359399999999997 0.439063 0.482031 0.44375 0.484375 0.450781 0.489844 0.460156 0.49375 0.46406200000000003 0.496875 0.463281 0.49921899999999997 0.460156 0.502344 0.447656 0.507812 0.435937 0.5125 0.416406 0.510938 0.4125
2 0.384375 0.353125 0.385156 0.358594 0.400781 0.363281 0.415625 0.372656 0.420312 0.372656 0.423438 0.369531 0.423438 0.364844 0.419531 0.359375 0.41093799999999997 0.353125 0.398438 0.35 0.39375 0.35