1 0.153906 0.195312 0.153906 0.202344 0.158594 0.209375 0.184375 0.235156 0.189062 0.2375 0.195312 0.23828100000000002 0.196875 0.239844 0.188281 0.259375 0.189062 0.264062 0.19375 0.263281 0.20781299999999997 0.242969 0.21875 0.232813 0.217969 0.228125 0.210156 0.22265600000000002 0.199219 0.22265600000000002 0.182031 0.215625 0.169531 0.20546899999999998
1 0.291406 0.63125 0.289062 0.633594 0.290625 0.646875 0.289844 0.660937 0.292969 0.682031 0.296875 0.692969 0.303906 0.702344 0.307812 0.705469 0.298438 0.709375 0.29375 0.716406 0.284375 0.724219 0.282031 0.727344 0.282031 0.732812 0.2875 0.73125 0.292187 0.725781 0.298438 0.721094 0.310937 0.717969 0.316406 0.711719 0.322656 0.708594 0.323437 0.707031 0.322656 0.703125 0.320312 0.700781 0.3125 0.685937 0.307031 0.671094 0.302344 0.65 0.3 0.645312 0.3 0.640625 0.302344 0.638281 0.295312 0.632031
1 0.173437 0.519531 0.173437 0.524219 0.175781 0.526563 0.180469 0.539844 0.18125 0.546094 0.183594 0.548438 0.177344 0.55 0.160938 0.557813 0.152344 0.563281 0.140625 0.576562 0.1375 0.583594 0.139063 0.588281 0.142187 0.590625 0.146875 0.591406 0.148438 0.5875 0.153125 0.585938 0.154688 0.583594 0.165625 0.578125 0.171094 0.571875 0.185156 0.5625 0.194531 0.560156 0.196094 0.558594 0.195312 0.553906 0.190625 0.549219 0.190625 0.542188 0.184375 0.535937 0.182031 0.526563 0.178125 0.523438 0.178125 0.521094
1 0.260156 0.502344 0.25625 0.503906 0.248438 0.513281 0.242188 0.532031 0.241406 0.546875 0.24531200000000003 0.55625 0.249219 0.560937 0.24531200000000003 0.563281 0.226562 0.566406 0.22109399999999998 0.570312 0.208594 0.573438 0.20546899999999998 0.575781 0.20703100000000002 0.578906 0.217188 0.582031 0.21875 0.579688 0.22343799999999997 0.578125 0.233594 0.577344 0.24609399999999998 0.572656 0.249219 0.572656 0.252344 0.569531 0.260937 0.56875 0.2625 0.563281 0.261719 0.504687
1 0.296094 0.53125 0.290625 0.533594 0.284375 0.540625 0.275781 0.557031 0.274219 0.565625 0.274219 0.575781 0.278906 0.5875 0.278125 0.594531 0.275 0.596875 0.266406 0.598437 0.252344 0.605469 0.24765600000000002 0.60625 0.23046899999999998 0.613281 0.228906 0.615625 0.217969 0.622656 0.215625 0.626563 0.21640600000000002 0.628125 0.228125 0.628125 0.255469 0.619531 0.264062 0.615625 0.275 0.613281 0.282031 0.608594 0.289062 0.600781 0.292187 0.594531 0.292969 0.567969 0.298438 0.539844 0.298438 0.534375
1 0.389062 0.8523440000000001 0.385156 0.847656 0.380469 0.847656 0.376563 0.8507809999999999 0.371094 0.851562 0.360938 0.845313 0.358594 0.848437 0.359375 0.854688 0.3625 0.8570309999999999 0.3625 0.8585939999999999 0.349219 0.864844 0.345313 0.8679690000000001 0.342187 0.8679690000000001 0.341406 0.871094 0.342969 0.873437 0.338281 0.878906 0.335156 0.885156 0.338281 0.885938 0.341406 0.8835940000000001 0.348438 0.88125 0.350781 0.878906 0.355469 0.878125 0.365625 0.871875 0.373437 0.86875 0.379688 0.863281 0.389062 0.857812
1 0.833594 0.453125 0.832031 0.451562 0.829688 0.451562 0.8273439999999999 0.454688 0.8273439999999999 0.4875 0.8257809999999999 0.491406 0.822656 0.494531 0.817187 0.49218799999999996 0.798438 0.488281 0.790625 0.488281 0.788281 0.489844 0.778906 0.491406 0.758594 0.498437 0.747656 0.504687 0.7375 0.5125 0.735156 0.516406 0.735156 0.51875 0.746094 0.521094 0.771094 0.522656 0.785937 0.522656 0.791406 0.521094 0.799219 0.521875 0.802344 0.520312 0.807031 0.520312 0.8125 0.516406 0.821875 0.514844 0.8289060000000001 0.511719 0.832031 0.50625 0.83125 0.501563 0.834375 0.496875 0.835938 0.491406 0.835938 0.475
1 0.9710940000000001 0.523438 0.959375 0.535156 0.9539060000000001 0.538281 0.9507809999999999 0.538281 0.9445309999999999 0.534375 0.925781 0.527344 0.8929690000000001 0.524219 0.884375 0.525 0.873437 0.528906 0.870313 0.532031 0.870313 0.534375 0.876563 0.540625 0.890625 0.545312 0.9054689999999999 0.547656 0.925 0.553125 0.9445309999999999 0.553125 0.946875 0.552344 0.951562 0.546094 0.957031 0.546094 0.965625 0.541406 0.9710940000000001 0.535156
1 0.734375 0.564844 0.742188 0.573438 0.751563 0.578906 0.759375 0.578125 0.764844 0.576562 0.767969 0.574219 0.771875 0.574219 0.778125 0.576562 0.780469 0.578906 0.783594 0.608594 0.792188 0.627344 0.8054690000000001 0.64375 0.8117189999999999 0.646094 0.81875 0.650781 0.826562 0.650781 0.826562 0.642188 0.823438 0.639844 0.825 0.632031 0.823438 0.624219 0.8101559999999999 0.60625 0.807813 0.6 0.807031 0.590625 0.801562 0.578125 0.798438 0.574219 0.789844 0.571094 0.7875 0.56875 0.785937 0.564063 0.78125 0.560937 0.778906 0.560937 0.765625 0.567187 0.760156 0.565625 0.751563 0.566406 0.742188 0.560937 0.736719 0.560937
2 0.826562 0.651563 0.8210940000000001 0.654687 0.8125 0.66875 0.8125 0.676562 0.817187 0.689063 0.821875 0.692969 0.823438 0.692187 0.825 0.688281 0.825 0.670312 0.828125 0.663281 0.828125 0.658594 0.826562 0.657813
2 0.653906 0.735156 0.652344 0.736719 0.651563 0.740625 0.653125 0.744531 0.653125 0.757031 0.655469 0.767188 0.658594 0.771094 0.666406 0.771875 0.670312 0.767188 0.666406 0.763281 0.664062 0.75625 0.663281 0.748437 0.659375 0.739062
1 0.845313 0.886719 0.8429689999999999 0.889062 0.8429689999999999 0.911719 0.8445310000000001 0.9242190000000001 0.849219 0.9375 0.857812 0.95 0.85625 0.9539060000000001 0.845313 0.965625 0.8364840000000001 0.9798440000000002 0.845703 0.974375 0.855469 0.9679689999999999 0.8585939999999999 0.964844 0.8601560000000001 0.960938 0.859375 0.9554690000000001 0.8625 0.953125 0.867188 0.9532810000000002 0.872734 0.9549999999999998 0.873594 0.9561720000000001 0.875703 0.954922 0.878125 0.953125 0.875469 0.949219 0.873437 0.939063 0.8601560000000001 0.911719 0.8585939999999999 0.90625 0.85 0.889062