2 0.505469 0 0.505469 0.0023439999999999997 0.514062 0.007031 0.517188 0.007031 0.521875 0.009375 0.530469 0.016406 0.5375 0.017969 0.555469 0.025781 0.567188 0.032812999999999995 0.575 0.032812999999999995 0.575 0.028905999999999998 0.570312 0.022656000000000003 0.565625 0.021093999999999998 0.549219 0.008594000000000001 0.542187 0.00625 0.538281 0.0015630000000000002 0.538281 0 0.505469 0
0 1 0.31171899999999997 0.989063 0.310937 0.9664059999999999 0.3125 0.964063 0.310937 0.967187 0.309375 0.978125 0.298438 0.9851559999999999 0.282813 0.9875 0.269531 0.9859370000000001 0.25078100000000003 0.9835940000000001 0.242969 0.9773440000000001 0.23046899999999998 0.9679690000000001 0.21875 0.9664059999999999 0.21875 0.9632809999999999 0.22343799999999997 0.9601559999999999 0.263281 0.9585940000000001 0.267188 0.9585940000000001 0.274219 0.957031 0.277344 0.9554690000000001 0.29609399999999997 0.95 0.30781200000000003 0.9445309999999999 0.31328100000000003 0.9195309999999999 0.317969 0.915625 0.31718799999999997 0.9132809999999999 0.319531 0.9132809999999999 0.322656 0.9304690000000001 0.322656 0.94375 0.319531 0.984375 0.32031200000000004 0.992188 0.322656 1 0.322656 1 0.31171899999999997
1 0.350781 0.125 0.345313 0.125 0.341406 0.128125 0.334375 0.12890600000000002 0.33125 0.132031 0.332031 0.139063 0.346094 0.1625 0.352344 0.185938 0.357031 0.188281 0.361719 0.186719 0.3625 0.164844 0.360938 0.15625 0.361719 0.146094 0.355469 0.133594 0.35625 0.13125 0.361719 0.126562 0.365625 0.121094 0.365625 0.11640600000000001 0.353125 0.12265600000000002 0.350781 0.125
1 0.227344 0.373437 0.228125 0.365625 0.24765600000000002 0.365625 0.2625 0.35625 0.26875 0.353906 0.271094 0.349219 0.267969 0.346094 0.264062 0.346094 0.255469 0.34296899999999997 0.24843700000000002 0.346875 0.23906200000000002 0.349219 0.23281200000000002 0.352344 0.227344 0.352344 0.219531 0.34375 0.21718700000000002 0.338281 0.208594 0.329688 0.20703100000000002 0.333594 0.20703100000000002 0.338281 0.210156 0.341406 0.210938 0.346875 0.219531 0.360938 0.22031299999999998 0.377344 0.22265600000000002 0.38593700000000003 0.22968799999999998 0.397656 0.23593799999999998 0.403906 0.241406 0.404687 0.23046899999999998 0.386719 0.227344 0.373437
1 0.182813 0.197656 0.16953100000000002 0.211719 0.154687 0.220312 0.149219 0.220312 0.14453100000000002 0.224219 0.14843800000000001 0.227344 0.153125 0.235937 0.153125 0.24765600000000002 0.146094 0.267188 0.139844 0.278125 0.139062 0.28593799999999997 0.13671899999999998 0.290625 0.13828100000000002 0.296875 0.14296899999999998 0.296875 0.151563 0.2875 0.1625 0.27031299999999997 0.16796899999999998 0.257031 0.170312 0.246875 0.16953100000000002 0.2375 0.16796899999999998 0.233594 0.164844 0.23046899999999998 0.161719 0.22968700000000003 0.16015600000000002 0.226562 0.1625 0.224219 0.171094 0.22265600000000002 0.177344 0.217969 0.186719 0.20625 0.188281 0.201563 0.18984399999999998 0.20078100000000002 0.19375 0.190625 0.19375 0.18359399999999998 0.1875 0.188281 0.182813 0.197656
1 0.736719 0.310937 0.727344 0.30468799999999996 0.722656 0.298438 0.714844 0.290625 0.717187 0.28906200000000004 0.717187 0.28593799999999997 0.7125 0.288281 0.703906 0.28593799999999997 0.697656 0.28593799999999997 0.6875 0.28203100000000003 0.683594 0.278125 0.663281 0.271094 0.649219 0.271094 0.65 0.275781 0.651562 0.275781 0.65625 0.28046899999999997 0.669531 0.28593799999999997 0.670312 0.2875 0.677344 0.291406 0.692969 0.29765600000000003 0.704688 0.307031 0.709375 0.303906 0.711719 0.303906 0.715625 0.30625 0.717187 0.309375 0.725 0.310937 0.735938 0.316406 0.75 0.31718799999999997 0.752344 0.315625 0.752344 0.314063 0.736719 0.310937
1 0.9679690000000001 0.430469 0.973438 0.44531200000000004 0.973438 0.460156 0.971875 0.46796899999999997 0.9664059999999999 0.478906 0.9601559999999999 0.48359399999999997 0.95625 0.489844 0.9664059999999999 0.49921899999999997 0.9695309999999999 0.504687 0.9695309999999999 0.508594 0.9664059999999999 0.514844 0.9585940000000001 0.521094 0.949219 0.525 0.954688 0.528125 0.9679690000000001 0.523438 0.975 0.516406 0.9789059999999999 0.507031 0.9773440000000001 0.49921899999999997 0.9710940000000001 0.492969 0.965625 0.490625 0.978125 0.484375 0.9851559999999999 0.474219 0.988281 0.467187 0.988281 0.45390600000000003 0.9851559999999999 0.44375 0.979687 0.433594 0.9710940000000001 0.425781 0.9679690000000001 0.42656299999999997 0.9679690000000001 0.430469
1 0.457812 0.31718799999999997 0.447656 0.302344 0.446094 0.296875 0.444531 0.283594 0.444531 0.258594 0.44375 0.255469 0.439063 0.255469 0.435937 0.260156 0.435156 0.267188 0.432813 0.27343799999999996 0.43125 0.286719 0.432031 0.3 0.442187 0.31875 0.45234399999999997 0.328125 0.457031 0.32890600000000003 0.459375 0.324219 0.457812 0.31718799999999997
2 0.528906 0.28906200000000004 0.511719 0.290625 0.509375 0.28906200000000004 0.501563 0.29375 0.500781 0.29609399999999997 0.503125 0.298438 0.50625 0.299219 0.524219 0.299219 0.527344 0.29765600000000003 0.540625 0.29609399999999997 0.549219 0.296875 0.55 0.292969 0.548438 0.290625 0.528906 0.28906200000000004
2 0.688281 0.249219 0.686719 0.242969 0.678125 0.228125 0.667187 0.21640600000000002 0.6625 0.213281 0.659375 0.21406200000000003 0.657031 0.224219 0.657813 0.228906 0.671094 0.24375 0.6875 0.259375 0.689063 0.2625 0.69375 0.2625 0.69375 0.258594 0.688281 0.249219
1 0.617969 0.325781 0.609375 0.332031 0.603125 0.333594 0.591406 0.328125 0.590625 0.333594 0.589062 0.335156 0.579688 0.335156 0.564844 0.33125 0.563281 0.332031 0.563281 0.335156 0.571875 0.345313 0.58125 0.35 0.6 0.350781 0.6125 0.346875 0.617188 0.34375 0.624219 0.334375 0.625 0.32890600000000003 0.621094 0.325781 0.617969 0.325781
2 0.539844 0.3375 0.532813 0.3375 0.528906 0.339844 0.517969 0.339844 0.514844 0.341406 0.514844 0.346094 0.521094 0.34843799999999997 0.527344 0.34843799999999997 0.536719 0.346094 0.546094 0.342187 0.548438 0.338281 0.548438 0.33593799999999996 0.544531 0.335156 0.539844 0.3375
1 0.515625 0.0875 0.5 0.073438 0.489062 0.067969 0.489062 0.063281 0.4875 0.060937 0.4875 0.055469000000000004 0.485938 0.053905999999999996 0.484375 0.04375 0.482812 0.040625 0.478125 0.041406 0.471875 0.055469000000000004 0.470313 0.057031 0.46796899999999997 0.057031 0.466406 0.059375 0.46796899999999997 0.072656 0.497656 0.099219 0.502344 0.10078100000000001 0.515625 0.109375 0.524219 0.109375 0.524219 0.10234399999999999 0.515625 0.0875