0 0.729687 0.329688 0.729687 0.34296899999999997 0.735938 0.357031 0.749219 0.371094 0.741406 0.378906 0.7375 0.38984399999999997 0.7375 0.41093799999999997 0.742969 0.432031 0.746094 0.432031 0.750781 0.427344 0.75625 0.376563 0.760156 0.371094 0.766406 0.36718799999999996 0.76875 0.361719 0.76875 0.35625 0.75 0.322656 0.738281 0.292969 0.729687 0.282813 0.724219 0.282813 0.722656 0.290625 0.723438 0.30156299999999997 0.729687 0.329688
0 0.040625 0.330469 0.047656 0.341406 0.05625 0.35 0.065625 0.35625 0.07968800000000001 0.359375 0.099219 0.35859399999999997 0.101562 0.360938 0.10234399999999999 0.373437 0.11171899999999998 0.38984399999999997 0.11953100000000001 0.396875 0.121094 0.39140600000000003 0.114062 0.377344 0.110156 0.364844 0.1125 0.357031 0.121094 0.349219 0.12265600000000002 0.346094 0.121875 0.342187 0.125 0.3375 0.11796899999999999 0.33593799999999996 0.10703100000000002 0.3375 0.104688 0.339844 0.099219 0.33906200000000003 0.088281 0.330469 0.053125 0.31328100000000003 0.045312000000000005 0.305469 0.040625 0.303906 0.038280999999999996 0.308594 0.038280999999999996 0.321875 0.040625 0.330469
0 0.15625 0.32343700000000003 0.165625 0.328125 0.17968800000000001 0.329688 0.182031 0.328125 0.182031 0.324219 0.178125 0.316406 0.167188 0.30781200000000003 0.157813 0.305469 0.150781 0.30781200000000003 0.139062 0.3 0.12343699999999999 0.29609399999999997 0.120313 0.298438 0.13281199999999999 0.307031 0.147656 0.3125 0.15625 0.32343700000000003
0 0.147656 0.28125 0.145312 0.282813 0.15390600000000002 0.28906200000000004 0.167188 0.294531 0.171875 0.299219 0.170312 0.303125 0.172656 0.307031 0.186719 0.3 0.196094 0.2875 0.19375 0.28125 0.190625 0.282813 0.147656 0.28125
0 0.213281 0.121875 0.19921899999999998 0.135937 0.18984399999999998 0.157031 0.182031 0.16875 0.184375 0.182031 0.170312 0.182812 0.151563 0.192188 0.134375 0.204687 0.126563 0.2125 0.12343699999999999 0.22109399999999998 0.125 0.22265600000000002 0.132031 0.221875 0.15625 0.210938 0.186719 0.18984399999999998 0.18984399999999998 0.185938 0.192969 0.185938 0.19140600000000002 0.178125 0.192969 0.175 0.19531199999999999 0.177344 0.196094 0.185938 0.20156200000000002 0.185938 0.209375 0.178906 0.225781 0.15234399999999998 0.228125 0.135156 0.23593799999999998 0.123438 0.235156 0.11796899999999999 0.23046899999999998 0.11484399999999999 0.22031299999999998 0.117188 0.213281 0.121875
0 0.021875 0 0.024218999999999997 0.020313 0.036719 0.050781 0.041406 0.051562 0.046094 0.046875 0.053125 0.050781 0.048437999999999995 0 0.021875 0
0 0.20781200000000002 0.098437 0.22031299999999998 0.11171899999999998 0.228125 0.114062 0.23203100000000002 0.113281 0.234375 0.115625 0.235156 0.12265600000000002 0.228125 0.134375 0.226562 0.155469 0.23281200000000002 0.176563 0.24765600000000002 0.203125 0.252344 0.208594 0.257031 0.203906 0.258594 0.192188 0.246875 0.146094 0.244531 0.11796899999999999 0.23125 0.109375 0.219531 0.08984400000000001 0.202344 0.06640599999999999 0.196875 0.0625 0.194531 0.064844 0.196875 0.075781 0.20781200000000002 0.098437
0 0.22031299999999998 0 0.22343700000000002 0.0078119999999999995 0.2375 0.017969 0.224219 0.025 0.22031299999999998 0.028905999999999998 0.213281 0.041406 0.208594 0.044531 0.210156 0.050781 0.213281 0.052344 0.21640600000000002 0.048437999999999995 0.22109399999999998 0.046875 0.228125 0.036719 0.235156 0.030469000000000003 0.25078100000000003 0.023438 0.260938 0.024218999999999997 0.2625 0.028905999999999998 0.258594 0.036719 0.25781200000000004 0.045312000000000005 0.260938 0.054688 0.261719 0.065625 0.26484399999999997 0.072656 0.294531 0.09765599999999999 0.303125 0.1 0.301562 0.096094 0.305469 0.092969 0.303125 0.077344 0.29609399999999997 0.060156 0.291406 0.053905999999999996 0.288281 0.053905999999999996 0.285937 0.050781 0.28125 0.038280999999999996 0.279687 0.026562000000000002 0.27343799999999996 0.022656000000000003 0.267969 0.023438 0.26640600000000003 0.021875 0.265625 0.017188000000000002 0.267969 0.014844 0.27343799999999996 0.015625 0.28046899999999997 0.013281000000000001 0.274219 0.0078119999999999995 0.267969 0.00625 0.26484399999999997 0 0.22031299999999998 0
0 0.288281 0.267188 0.282813 0.278125 0.27343799999999996 0.278125 0.263281 0.28203100000000003 0.246875 0.296875 0.239844 0.298438 0.234375 0.302344 0.2375 0.30625 0.235156 0.30781200000000003 0.217969 0.342187 0.20781200000000002 0.372656 0.208594 0.378125 0.215625 0.377344 0.225781 0.369531 0.24843700000000002 0.345313 0.282813 0.296875 0.28906200000000004 0.290625 0.298438 0.2875 0.310937 0.278125 0.321875 0.26484399999999997 0.326562 0.261719 0.328125 0.252344 0.326562 0.24765600000000002 0.314063 0.249219 0.30625 0.253125 0.288281 0.267188
0 0.39843799999999996 0.06640599999999999 0.39140600000000003 0.078906 0.388281 0.088281 0.386719 0.135156 0.388281 0.139844 0.380469 0.14375 0.366406 0.157812 0.365625 0.16953100000000002 0.360938 0.18515600000000002 0.360938 0.196094 0.364844 0.220312 0.36875 0.221875 0.373437 0.217969 0.379687 0.203906 0.39375 0.163281 0.396875 0.15859399999999998 0.39843799999999996 0.14843800000000001 0.400781 0.146875 0.404687 0.14843800000000001 0.409375 0.146094 0.41875 0.13281199999999999 0.427344 0.115625 0.428125 0.09375 0.425 0.060937 0.426562 0.047656 0.421875 0.045312000000000005 0.417969 0.046094 0.410156 0.052344 0.39843799999999996 0.06640599999999999
0 0.325781 0.408594 0.335156 0.420312 0.324219 0.42968799999999996 0.321094 0.43671899999999997 0.324219 0.43671899999999997 0.3375 0.428125 0.341406 0.428906 0.339063 0.440625 0.339063 0.463281 0.347656 0.494531 0.353125 0.504687 0.357031 0.509375 0.361719 0.510938 0.364062 0.50625 0.3625 0.441406 0.352344 0.415625 0.346094 0.409375 0.33125 0.375 0.32890600000000003 0.364844 0.325781 0.361719 0.321875 0.371875 0.321875 0.392188 0.325781 0.408594
0 0.478906 0.4375 0.474219 0.44218799999999997 0.46875 0.457031 0.46796899999999997 0.47343799999999997 0.464063 0.48515600000000003 0.447656 0.49218799999999996 0.44375 0.48906299999999997 0.439844 0.489844 0.435156 0.49375 0.426562 0.507031 0.417188 0.532813 0.411719 0.541406 0.411719 0.546875 0.417969 0.545312 0.435937 0.525 0.447656 0.51875 0.463281 0.50625 0.467187 0.498437 0.46796899999999997 0.48906299999999997 0.471094 0.482031 0.491406 0.482031 0.49921899999999997 0.475 0.503906 0.467187 0.511719 0.43671899999999997 0.517969 0.42656299999999997 0.520313 0.420312 0.519531 0.417969 0.515625 0.41718700000000003 0.50625 0.420312 0.478906 0.4375
0 0.425781 0.536719 0.42109399999999997 0.540625 0.42109399999999997 0.547656 0.424219 0.557813 0.430469 0.564063 0.426562 0.570312 0.419531 0.577344 0.411719 0.577344 0.399219 0.585156 0.359375 0.630469 0.36015600000000003 0.633594 0.365625 0.633594 0.392969 0.61875 0.410156 0.605469 0.424219 0.589844 0.428906 0.596094 0.434375 0.599219 0.44375 0.599219 0.44375 0.564844 0.447656 0.553125 0.447656 0.533594 0.44375 0.521094 0.432813 0.525 0.426562 0.532813 0.425781 0.536719
0 0.517188 0.47968700000000003 0.526562 0.491406 0.51875 0.500781 0.511719 0.517188 0.508594 0.5625 0.515625 0.594531 0.51875 0.599219 0.523438 0.6 0.528125 0.592969 0.530469 0.585156 0.534375 0.559375 0.542969 0.530469 0.54375 0.505469 0.542187 0.5 0.535156 0.489844 0.542187 0.482031 0.545312 0.475781 0.545312 0.470313 0.541406 0.46093799999999996 0.528906 0.44531200000000004 0.513281 0.430469 0.510156 0.439063 0.511719 0.460156 0.517188 0.47968700000000003
0 0.440625 0.211719 0.447656 0.233594 0.450781 0.23828100000000002 0.457812 0.240625 0.446094 0.25078100000000003 0.446875 0.275 0.448438 0.279687 0.451562 0.28125 0.454688 0.278125 0.46093799999999996 0.244531 0.459375 0.240625 0.463281 0.23906299999999997 0.465625 0.23203100000000002 0.460156 0.192969 0.453125 0.175 0.449219 0.170313 0.446094 0.170313 0.44375 0.172656 0.440625 0.189062 0.440625 0.211719
0 0.45 0 0.45 0.0023439999999999997 0.463281 0.0125 0.466406 0.017969 0.472656 0.021875 0.47656200000000004 0.021875 0.478906 0.019531 0.48125 0.021093999999999998 0.479688 0.023438 0.479688 0.032031 0.486719 0.039844000000000004 0.496875 0.039844000000000004 0.546094 0.049219 0.553906 0.049219 0.557031 0.046094 0.555469 0.040625 0.55 0.035937000000000004 0.525781 0.022656000000000003 0.50625 0.015625 0.498437 0.009375 0.48515600000000003 0.00625 0.478906 0.013281000000000001 0.475 0.005469 0.46796899999999997 0.0023439999999999997 0.467187 0 0.45 0
0 0.600781 0.147656 0.611719 0.151562 0.646094 0.151562 0.65 0.15859399999999998 0.654687 0.1625 0.691406 0.15859399999999998 0.711719 0.159375 0.7515620000000001 0.15234399999999998 0.7515620000000001 0.145313 0.748437 0.142187 0.734375 0.133594 0.710156 0.12265600000000002 0.685937 0.121094 0.675 0.12265600000000002 0.657031 0.129688 0.641406 0.14453100000000002 0.635156 0.14453100000000002 0.625 0.129688 0.613281 0.121875 0.602344 0.11796899999999999 0.58125 0.11640600000000001 0.561719 0.11171899999999998 0.557812 0.114062 0.561719 0.120313 0.582031 0.1375 0.600781 0.147656
0 0.610938 0 0.610938 0.032031 0.614844 0.042969 0.621094 0.049219 0.621094 0.052344 0.607031 0.05625 0.601562 0.067187 0.597656 0.086719 0.601562 0.114062 0.603906 0.11796899999999999 0.608594 0.120313 0.613281 0.120313 0.615625 0.117188 0.619531 0.085938 0.621875 0.080469 0.624219 0.053125 0.628906 0.050781 0.639062 0.05 0.646875 0.034375 0.648438 0.017188000000000002 0.644531 0 0.610938 0
2 0.54375 0.20078100000000002 0.538281 0.20546899999999998 0.547656 0.20781299999999997 0.579688 0.20703100000000002 0.591406 0.204687 0.59375 0.20078100000000002 0.590625 0.192188 0.583594 0.18984399999999998 0.54375 0.20078100000000002
0 0.603125 0.396875 0.6125 0.396094 0.623437 0.397656 0.632812 0.40625 0.646094 0.411719 0.654687 0.4125 0.675781 0.40546899999999997 0.694531 0.396094 0.700781 0.389062 0.695312 0.380469 0.674219 0.37421899999999997 0.646094 0.37421899999999997 0.640703 0.363437 0.639609 0.37507799999999997 0.627344 0.375 0.623437 0.367969 0.617188 0.3625 0.603125 0.357031 0.582813 0.357812 0.564844 0.364844 0.560156 0.36875 0.5625 0.373437 0.582031 0.389062 0.603125 0.396875
0 0.594531 0.56875 0.575 0.588281 0.565625 0.602344 0.557031 0.628125 0.557812 0.634375 0.560937 0.635156 0.572656 0.626563 0.59375 0.603125 0.6 0.59375 0.604687 0.578906 0.607031 0.576562 0.60625 0.564844 0.613281 0.533594 0.611719 0.529687 0.607031 0.534375 0.600781 0.546094 0.594531 0.56875
2 0.610156 0.32343700000000003 0.602344 0.32734399999999997 0.602344 0.334375 0.599219 0.3375 0.596875 0.3375 0.597656 0.342187 0.603906 0.341406 0.610938 0.333594 0.619531 0.329688 0.6375 0.33281299999999997 0.639062 0.329688 0.633594 0.324219 0.621875 0.321094 0.610156 0.32343700000000003
0 0.558594 0.651563 0.55625 0.645312 0.552344 0.64375 0.548438 0.645312 0.542969 0.653906 0.540625 0.66875 0.532031 0.686719 0.529687 0.689063 0.521094 0.6875 0.514844 0.695312 0.502344 0.7 0.49921899999999997 0.705469 0.503906 0.70625 0.510156 0.703125 0.51875 0.703906 0.525 0.702344 0.5375 0.704688 0.546094 0.700781 0.555469 0.689844 0.560156 0.678125 0.578125 0.646875 0.577344 0.642969 0.571875 0.644531 0.560937 0.653125 0.558594 0.651563
0 0.588281 0.676562 0.566406 0.692969 0.553906 0.704688 0.553906 0.721094 0.552344 0.722656 0.533594 0.721875 0.51875 0.7125 0.503906 0.708594 0.467187 0.704688 0.433594 0.703906 0.430469 0.70625 0.42968799999999996 0.710938 0.43125 0.714844 0.43828100000000003 0.721094 0.464063 0.736719 0.474219 0.740625 0.49375 0.744531 0.508594 0.744531 0.535156 0.738281 0.546094 0.7375 0.557031 0.729688 0.564844 0.728906 0.575 0.725 0.588281 0.710938 0.603906 0.679688 0.605469 0.664062 0.603125 0.6625 0.599219 0.664844 0.588281 0.676562
0 0.542969 0.8125 0.529687 0.825 0.530469 0.839844 0.528906 0.8414059999999999 0.525781 0.839844 0.521094 0.840625 0.509375 0.851562 0.505469 0.8507809999999999 0.502344 0.8523440000000001 0.5 0.857812 0.49375 0.8648440000000001 0.479141 0.8828910000000001 0.47476599999999997 0.9003909999999999 0.488516 0.8816409999999999 0.5 0.8679690000000001 0.505781 0.8601559999999999 0.514062 0.857812 0.519531 0.8507809999999999 0.533594 0.846875 0.541406 0.85 0.567969 0.8304690000000001 0.584375 0.815625 0.601562 0.792188 0.600781 0.786719 0.59375 0.786719 0.575 0.79375 0.542969 0.8125
0 0.484375 1 0.4875 0.988281 0.491406 0.98125 0.500781 0.971875 0.507031 0.9617190000000001 0.510156 0.948438 0.517969 0.94375 0.529687 0.928125 0.534375 0.914062 0.539844 0.904687 0.542187 0.894531 0.541406 0.8914059999999999 0.535938 0.892188 0.525 0.9 0.509375 0.915625 0.497656 0.933594 0.47656200000000004 0.9507809999999999 0.475781 0.9554690000000001 0.48359399999999997 0.967187 0.482812 0.9742190000000001 0.478906 0.980469 0.474219 0.976562 0.471094 0.979688 0.458594 0.980469 0.454688 0.990625 0.4625 1 0.484375 1
0 0.735156 0.9523440000000001 0.73125 0.954688 0.714062 0.95625 0.709375 0.951562 0.701562 0.949219 0.678906 0.9460940000000001 0.647656 0.948438 0.601562 0.9585940000000001 0.59375 0.9632809999999999 0.592969 0.967187 0.595313 0.970313 0.634375 0.9835940000000001 0.661719 0.9875 0.680469 0.9875 0.690625 0.985938 0.700781 0.98125 0.716406 0.96875 0.723438 0.976562 0.728906 0.9773440000000001 0.733594 0.9757809999999999 0.744531 0.965625 0.754688 0.9601559999999999 0.7625 0.9507809999999999 0.7515620000000001 0.946875 0.748437 0.9523440000000001 0.735156 0.9523440000000001
0 0.727344 0.749219 0.714062 0.767188 0.717187 0.7875 0.723438 0.800781 0.724219 0.8148440000000001 0.721875 0.8351559999999999 0.724219 0.855469 0.732031 0.890625 0.735938 0.8976559999999999 0.738281 0.8960940000000001 0.740625 0.889062 0.742188 0.840625 0.740625 0.8304690000000001 0.729687 0.8101559999999999 0.728125 0.799219 0.73125 0.796875 0.750781 0.796875 0.757812 0.79375 0.7625 0.789062 0.767969 0.771875 0.772656 0.744531 0.771875 0.721094 0.769531 0.71875 0.764844 0.719531 0.738281 0.739062 0.727344 0.749219
1 1 0.964063 0.9976559999999999 0.9632809999999999 0.995313 0.954688 0.9914059999999999 0.953125 0.990625 0.95 0.967187 0.953125 0.9523440000000001 0.953125 0.946875 0.951562 0.9382809999999999 0.9523440000000001 0.9359379999999999 0.954688 0.942187 0.9601559999999999 0.965625 0.9679690000000001 0.9773440000000001 0.96875 0.984375 0.967187 0.990625 0.9632809999999999 0.99375 0.9679690000000001 1 0.96875 1 0.964063
0 0.879687 0.865625 0.886719 0.865625 0.901563 0.851562 0.9070309999999999 0.8414059999999999 0.9078120000000001 0.835938 0.9117190000000001 0.83125 0.915625 0.8492190000000001 0.925781 0.8726559999999999 0.933594 0.8804690000000001 0.940625 0.896875 0.9429690000000001 0.898438 0.95 0.8976559999999999 0.9523440000000001 0.892188 0.946875 0.854688 0.946875 0.8289059999999999 0.915625 0.8179690000000001 0.9039059999999999 0.817187 0.8929690000000001 0.8195309999999999 0.882812 0.8382809999999999 0.879687 0.853125 0.879687 0.865625
0 0.9148440000000001 0.783594 0.9164059999999999 0.791406 0.939063 0.8125 0.942187 0.8125 0.9742190000000001 0.78125 0.9867190000000001 0.7625 0.9867190000000001 0.754687 0.9835940000000001 0.752344 0.9773440000000001 0.753125 0.970313 0.75625 0.9601559999999999 0.764062 0.9523440000000001 0.765625 0.9398440000000001 0.772656 0.9359379999999999 0.772656 0.928125 0.747656 0.9203129999999999 0.735938 0.915625 0.735156 0.9078120000000001 0.7625 0.9078120000000001 0.774219 0.9148440000000001 0.783594
2 0.939063 0.746094 0.940625 0.767969 0.9429690000000001 0.769531 0.948438 0.766406 0.9507809999999999 0.760156 0.951562 0.742188 0.95 0.722656 0.948438 0.721094 0.945312 0.722656 0.9429690000000001 0.728125 0.939063 0.746094
2 0.8195309999999999 0.739062 0.8296870000000001 0.746094 0.832813 0.745313 0.832813 0.739844 0.8132809999999999 0.707812 0.8054690000000001 0.700781 0.799219 0.698438 0.794531 0.699219 0.7953129999999999 0.709375 0.800781 0.721094 0.8195309999999999 0.739062
2 0.848438 0.630469 0.84375 0.633594 0.8382809999999999 0.642188 0.8375 0.646875 0.8335940000000001 0.650781 0.8335940000000001 0.675 0.8289059999999999 0.690625 0.8296870000000001 0.697656 0.834375 0.696094 0.839844 0.690625 0.85 0.675781 0.8585940000000001 0.658594 0.863281 0.628125 0.8609370000000001 0.624219 0.8539059999999999 0.623437 0.8492190000000001 0.626563 0.848438 0.630469
0 0.70625 0.684375 0.714062 0.692187 0.710938 0.703906 0.710938 0.722656 0.716406 0.745313 0.715625 0.75625 0.717187 0.759375 0.720313 0.752344 0.725 0.753125 0.734375 0.742969 0.736719 0.7375 0.740625 0.735938 0.742188 0.73125 0.734375 0.705469 0.71875 0.68125 0.710938 0.651563 0.709375 0.649219 0.704688 0.647656 0.703125 0.661719 0.703906 0.678125 0.70625 0.684375
0 0.8070309999999999 0.552344 0.79375 0.567187 0.790625 0.567969 0.7828120000000001 0.575781 0.778125 0.575 0.7375 0.604688 0.721875 0.623437 0.713281 0.638281 0.713281 0.642969 0.720313 0.64375 0.73125 0.640625 0.764844 0.622656 0.782031 0.605469 0.791406 0.591406 0.7953129999999999 0.579688 0.8039059999999999 0.58125 0.815625 0.571875 0.825 0.553125 0.8257809999999999 0.546094 0.81875 0.54375 0.8101559999999999 0.545312 0.8070309999999999 0.552344
0 0.817188 0.519531 0.8101559999999999 0.524219 0.80625 0.524219 0.804688 0.521875 0.8054690000000001 0.509375 0.804688 0.505469 0.8023440000000001 0.503906 0.778125 0.500781 0.742969 0.507031 0.719531 0.519531 0.70625 0.530469 0.701562 0.5375 0.683594 0.553906 0.682812 0.561719 0.685156 0.563281 0.7 0.5625 0.713281 0.55625 0.732812 0.553125 0.736719 0.55 0.74375 0.548438 0.7671870000000001 0.554688 0.790625 0.553125 0.796875 0.549219 0.801563 0.541406 0.8023440000000001 0.535156 0.7984370000000001 0.533594 0.799219 0.532031 0.80625 0.532813 0.8109379999999999 0.540625 0.8148440000000001 0.542969 0.83125 0.544531 0.8578129999999999 0.53125 0.8765620000000001 0.514062 0.878906 0.508594 0.8757809999999999 0.505469 0.859375 0.507031 0.817188 0.519531
0 1 0.596094 0.984375 0.584375 0.988281 0.580469 0.988281 0.567969 0.9851559999999999 0.560156 0.9710940000000001 0.539844 0.9679690000000001 0.542969 0.972656 0.567187 0.9710940000000001 0.570312 0.9679690000000001 0.56875 0.967187 0.564063 0.957812 0.555469 0.951562 0.554688 0.9507809999999999 0.552344 0.9476559999999999 0.551562 0.9445309999999999 0.552344 0.940625 0.557031 0.941406 0.56875 0.945312 0.572656 0.95625 0.599219 0.957812 0.600781 0.9632809999999999 0.6 0.970313 0.594531 0.9773440000000001 0.60625 0.9875 0.616406 0.996094 0.622656 1 0.623437 1 0.596094
0 0.8734379999999999 0.454688 0.865625 0.4625 0.8648440000000001 0.467187 0.851562 0.470313 0.8375 0.48359399999999997 0.8257809999999999 0.5 0.8179690000000001 0.517969 0.825 0.517969 0.865625 0.505469 0.871094 0.49531200000000003 0.871094 0.47343799999999997 0.8695309999999999 0.471094 0.871094 0.46953100000000003 0.8734379999999999 0.46953100000000003 0.8757809999999999 0.47343799999999997 0.882812 0.47343799999999997 0.8960940000000001 0.46953100000000003 0.917969 0.459375 0.921875 0.455469 0.9226559999999999 0.450781 0.910156 0.449219 0.8875 0.450781 0.8734379999999999 0.454688
0 0.9523440000000001 0.355469 0.953125 0.372656 0.95 0.377344 0.945312 0.421875 0.9460940000000001 0.446875 0.9507809999999999 0.475 0.954688 0.482812 0.959375 0.482031 0.965625 0.46796899999999997 0.971875 0.435937 0.972656 0.410156 0.9710940000000001 0.397656 0.9679690000000001 0.38593700000000003 0.9617190000000001 0.378906 0.959375 0.373437 0.9710940000000001 0.350781 0.9710940000000001 0.3125 0.9664059999999999 0.31328100000000003 0.9539059999999999 0.346094 0.9523440000000001 0.355469
2 0.7 0.460156 0.703906 0.467187 0.717969 0.46796899999999997 0.720313 0.464844 0.720313 0.454688 0.7125 0.42656299999999997 0.708594 0.42109399999999997 0.705469 0.425 0.702344 0.435156 0.7 0.460156
0 0.658594 0.4875 0.664062 0.49375 0.663281 0.498437 0.650781 0.50625 0.652344 0.507812 0.666406 0.50625 0.667969 0.507812 0.664844 0.525781 0.665625 0.557813 0.671094 0.58125 0.673438 0.584375 0.678125 0.584375 0.684375 0.528906 0.684375 0.49375 0.677344 0.488281 0.65625 0.477344 0.646094 0.47656200000000004 0.64375 0.478906 0.646094 0.48125 0.658594 0.4875
0 0.492969 0.31875 0.504688 0.319531 0.510156 0.317969 0.516406 0.321094 0.515625 0.328125 0.517969 0.332031 0.522656 0.326562 0.523438 0.302344 0.503906 0.289844 0.497656 0.289844 0.497656 0.3 0.492969 0.31328100000000003 0.492969 0.31875
0 0.8414059999999999 0.17578100000000002 0.821875 0.190625 0.8101559999999999 0.208594 0.8101559999999999 0.22109399999999998 0.808594 0.22265600000000002 0.803125 0.221875 0.797656 0.217188 0.788281 0.21484399999999998 0.777344 0.21484399999999998 0.766406 0.217969 0.730469 0.23828100000000002 0.71875 0.246875 0.713281 0.25468799999999997 0.714844 0.260156 0.739063 0.267969 0.767969 0.27031299999999997 0.796094 0.26093700000000003 0.804688 0.260156 0.807812 0.257031 0.8109379999999999 0.249219 0.8109379999999999 0.228906 0.8140620000000001 0.226562 0.823437 0.226562 0.8375 0.217969 0.8804690000000001 0.16875 0.882812 0.163281 0.8820309999999999 0.15859399999999998 0.878125 0.157812 0.8601559999999999 0.165625 0.8414059999999999 0.17578100000000002
1 0.8195309999999999 0.3125 0.824219 0.31328100000000003 0.840625 0.309375 0.8617190000000001 0.309375 0.8617190000000001 0.30468799999999996 0.8578129999999999 0.29765600000000003 0.8335940000000001 0.265625 0.820312 0.25781200000000004 0.8101559999999999 0.25781200000000004 0.8054690000000001 0.2625 0.803125 0.272656 0.80625 0.28906200000000004 0.8195309999999999 0.3125
0 1 0.075 0.9898440000000001 0.071875 0.973438 0.078125 0.9632809999999999 0.091406 0.9585940000000001 0.103125 0.9554690000000001 0.103125 0.9460940000000001 0.095312 0.939063 0.09375 0.925781 0.094531 0.9070309999999999 0.10234399999999999 0.886719 0.117188 0.884375 0.123438 0.8882809999999999 0.125781 0.9367190000000001 0.11796899999999999 0.9507809999999999 0.113281 0.957031 0.113281 0.9601559999999999 0.11640600000000001 0.9625 0.12265600000000002 0.9664059999999999 0.125781 0.9710940000000001 0.121094 0.9742190000000001 0.120313 1 0.121875 1 0.092969 0.98125 0.09375 0.9710940000000001 0.10234399999999999 0.967187 0.109375 0.965625 0.10625 0.9679690000000001 0.10078100000000001 0.984375 0.082812 0.992188 0.080469 0.9976559999999999 0.085156 1 0.085156 1 0.075
0 0.839062 0.067969 0.839062 0.0875 0.8351559999999999 0.10078100000000001 0.839844 0.10625 0.8445309999999999 0.10703100000000002 0.847656 0.11171899999999998 0.848438 0.11875 0.84375 0.126562 0.84375 0.13281199999999999 0.8453120000000001 0.13828100000000002 0.848438 0.140625 0.859375 0.139063 0.8609370000000001 0.133594 0.8609370000000001 0.121875 0.8585940000000001 0.110937 0.853125 0.10625 0.853125 0.101562 0.855469 0.098437 0.863281 0.095312 0.8734379999999999 0.085938 0.8773440000000001 0.086719 0.8765620000000001 0.080469 0.882812 0.06875 0.8835940000000001 0.039844000000000004 0.8757809999999999 0.021093999999999998 0.8695309999999999 0.016406 0.8617190000000001 0.024218999999999997 0.8453120000000001 0.060156 0.839062 0.067969
2 0.7875 0.09765599999999999 0.801563 0.095312 0.8023440000000001 0.091406 0.799219 0.084375 0.790625 0.077344 0.76875 0.071094 0.760937 0.071875 0.766406 0.08125 0.78125 0.090625 0.7875 0.09765599999999999
1 0.83125 0.352344 0.821875 0.360938 0.81875 0.360938 0.8132809999999999 0.35625 0.804688 0.353125 0.785156 0.35156200000000004 0.774219 0.35625 0.766406 0.365625 0.76875 0.369531 0.777344 0.371875 0.8 0.371875 0.8140620000000001 0.37421899999999997 0.8257809999999999 0.36718799999999996 0.8296870000000001 0.366406 0.834375 0.36875 0.8382809999999999 0.364844 0.8429690000000001 0.364844 0.8460940000000001 0.3625 0.865625 0.360938 0.8679690000000001 0.357031 0.8585940000000001 0.353125 0.840625 0.350781 0.83125 0.352344
0 0.557031 0.93125 0.574219 0.9304690000000001 0.590625 0.921875 0.607031 0.90625 0.610938 0.896875 0.61875 0.892188 0.621875 0.8960940000000001 0.622656 0.9085940000000001 0.627344 0.9164059999999999 0.6375 0.925781 0.652344 0.932813 0.66875 0.9382809999999999 0.689063 0.940625 0.711719 0.9398440000000001 0.717969 0.9367190000000001 0.717969 0.932813 0.715625 0.929688 0.694531 0.917969 0.6625 0.9039059999999999 0.65 0.904687 0.64375 0.901563 0.629688 0.8882809999999999 0.619531 0.8882809999999999 0.616406 0.871875 0.613281 0.8679690000000001 0.609375 0.8664059999999999 0.596875 0.8664059999999999 0.575781 0.8742190000000001 0.564844 0.8820309999999999 0.540625 0.9054690000000001 0.535938 0.9148440000000001 0.535938 0.9226559999999999 0.544531 0.928125 0.557031 0.93125
1 0.8851559999999999 0.796875 0.903125 0.809375 0.910156 0.816406 0.9320309999999999 0.825 0.9476559999999999 0.828125 0.9476559999999999 0.821875 0.941406 0.8125 0.902344 0.777344 0.88125 0.764844 0.8648440000000001 0.763281 0.863281 0.771094 0.8609370000000001 0.774219 0.855469 0.775 0.8492190000000001 0.773438 0.8453120000000001 0.775 0.8523440000000001 0.779687 0.8679690000000001 0.780469 0.8851559999999999 0.796875
2 0.582813 0.26640600000000003 0.579688 0.274219 0.58125 0.286719 0.577344 0.294531 0.579688 0.296875 0.595313 0.285156 0.6 0.27656200000000003 0.603125 0.25625 0.598438 0.251563 0.59375 0.251563 0.59375 0.25781200000000004 0.582813 0.26640600000000003
3 0.373437 0.271094 0.36875 0.27031299999999997 0.35625 0.259375 0.342187 0.25078100000000003 0.334375 0.251563 0.335156 0.255469 0.332031 0.261719 0.332031 0.27031299999999997 0.3375 0.296875 0.34453100000000003 0.310156 0.35859399999999997 0.32343700000000003 0.365625 0.326562 0.38125 0.326562 0.380469 0.330469 0.371094 0.332031 0.359375 0.342187 0.353906 0.353125 0.352344 0.360938 0.35156200000000004 0.411719 0.359375 0.43671899999999997 0.364062 0.440625 0.364844 0.44375 0.375 0.433594 0.379687 0.421875 0.384375 0.399219 0.390625 0.388281 0.392188 0.377344 0.396875 0.36875 0.396875 0.349219 0.392188 0.341406 0.392188 0.334375 0.396094 0.332031 0.4125 0.32890600000000003 0.416406 0.32031200000000004 0.416406 0.310156 0.4125 0.298438 0.408594 0.29375 0.404687 0.292969 0.400781 0.28906200000000004 0.396875 0.290625 0.392969 0.28203100000000003 0.392969 0.24765600000000002 0.388281 0.249219 0.378906 0.265625 0.373437 0.271094