1 0.421641 0.224922 0.40703100000000003 0.235937 0.399844 0.239141 0.394531 0.254688 0.396094 0.261719 0.4 0.267969 0.4 0.270313 0.396094 0.274219 0.394531 0.285156 0.396094 0.289844 0.4 0.292187 0.404687 0.289062 0.411719 0.277344 0.4125 0.271094 0.41093799999999997 0.26875 0.40679699999999996 0.260547 0.406953 0.246719 0.4125 0.23578099999999996
2 0.157812 0.414844 0.152344 0.42968799999999996 0.154688 0.46093799999999996 0.159375 0.470313 0.164844 0.475781 0.16875 0.478125 0.172656 0.478125 0.178906 0.471094 0.175781 0.464844 0.174219 0.446875 0.16875 0.432031
2 0.135937 0.557813 0.130469 0.560937 0.11796900000000002 0.585938 0.11796900000000002 0.592187 0.12265600000000002 0.604688 0.125781 0.607812 0.126562 0.611719 0.130469 0.613281 0.132031 0.611719 0.132031 0.600781 0.135156 0.596094 0.135937 0.592187 0.135937 0.580469 0.141406 0.56875 0.141406 0.5625 0.139844 0.559375
1 0.182812 0.475781 0.180469 0.475781 0.176719 0.486484 0.174063 0.505078 0.170313 0.501875 0.158594 0.500781 0.152188 0.505703 0.161094 0.509844 0.171641 0.511562 0.178906 0.525781 0.178906 0.521875 0.180547 0.509062 0.18125 0.503906 0.184375 0.49375 0.184375 0.478125
2 0.146094 0.714844 0.142187 0.716406 0.140625 0.739062 0.142187 0.747656 0.15 0.7625 0.151562 0.767188 0.15625 0.767188 0.157031 0.761719 0.153906 0.751563 0.151562 0.748437 0.150781 0.732031 0.148438 0.726562 0.147656 0.716406
1 0.046094 0.267188 0.038281 0.267188 0.032031 0.270313 0.025 0.280469 0.021094 0.289844 0.019531 0.298438 0.017969 0.3 0.007031 0.301563 0.0039060000000000006 0.303906 0.0039060000000000006 0.313281 0.007812000000000001 0.314844 0.024219 0.314844 0.030469000000000003 0.3125 0.032031 0.301563 0.033594 0.299219 0.035156 0.299219 0.033594 0.296875 0.034375 0.292187 0.046094 0.272656
1 0.376563 0.139063 0.372656 0.139063 0.359375 0.160938 0.350781 0.183594 0.342969 0.197656 0.339844 0.20625 0.3375 0.208594 0.335938 0.21640600000000002 0.328906 0.219531 0.317969 0.228906 0.315625 0.23671899999999998 0.313281 0.239844 0.314063 0.244531 0.3125 0.248438 0.314063 0.250781 0.322656 0.248438 0.325 0.24375 0.329688 0.242969 0.334375 0.239844 0.338281 0.235156 0.339844 0.228125 0.342187 0.224219 0.341406 0.213281 0.342969 0.211719 0.35 0.210938 0.353125 0.209375 0.360156 0.202344 0.367188 0.1875 0.373437 0.167969 0.377344 0.146875
1 0.248438 0.053905999999999996 0.248438 0.057031 0.285156 0.086719 0.297656 0.099219 0.302344 0.10703100000000002 0.308594 0.10078099999999998 0.31875 0.10078099999999998 0.315625 0.095312 0.310937 0.09375 0.307031 0.094531 0.298438 0.08125 0.288281 0.071094 0.264844 0.057813 0.252344 0.053125
1 0.549219 0.414844 0.549219 0.416406 0.560156 0.42656299999999997 0.5625 0.432031 0.567969 0.4375 0.572656 0.4375 0.574219 0.439063 0.573438 0.44375 0.575781 0.447656 0.5875 0.446875 0.603906 0.43828100000000003 0.61875 0.428125 0.620313 0.425781 0.619531 0.42109399999999997 0.597656 0.419531 0.591406 0.421875 0.584375 0.42656299999999997 0.575781 0.434375 0.567969 0.42265600000000003 0.557813 0.415625 0.553125 0.41406200000000004
1 0.133594 0.782031 0.128125 0.782031 0.124219 0.784375 0.110156 0.802344 0.108594 0.808594 0.109375 0.8210940000000001 0.11171899999999998 0.829688 0.11484399999999999 0.8351559999999999 0.110937 0.8375 0.10703100000000002 0.845313 0.10703100000000002 0.853906 0.123438 0.847656 0.128906 0.8351559999999999 0.130469 0.8273439999999999 0.13125 0.803125 0.135156 0.788281 0.135156 0.784375
1 0.21640600000000002 0.9539060000000001 0.210156 0.949219 0.2 0.9507809999999999 0.199219 0.959375 0.196875 0.9664059999999999 0.188281 0.974219 0.186719 0.978906 0.197656 0.979688 0.208594 0.975 0.2125 0.964531 0.217969 0.972656 0.22109399999999998 0.9710940000000001 0.22109399999999998 0.960938
1 0.685937 0.876563 0.678125 0.873437 0.660625 0.8800779999999999 0.65 0.878125 0.642188 0.878906 0.638281 0.8773440000000001 0.634375 0.878906 0.626563 0.886719 0.61875 0.886719 0.617188 0.8882809999999999 0.617188 0.8929690000000001 0.619531 0.895312 0.625781 0.8976559999999999 0.664062 0.896875 0.670312 0.895312 0.68125 0.889062 0.6875 0.88125
1 0.585313 0.857734 0.599219 0.867188 0.600781 0.869531 0.610781 0.8699999999999999 0.619531 0.8757810000000001 0.622656 0.878906 0.628125 0.878906 0.6375 0.8771090000000001 0.651953 0.8782029999999998 0.672187 0.875 0.670312 0.8757810000000001 0.693047 0.856719 0.685234 0.862109 0.670625 0.8699999999999999 0.652344 0.863281 0.648438 0.8591409999999999 0.636641 0.8588280000000001 0.626953 0.856797 0.611719 0.8570309999999999 0.596641 0.855547
1 0.8 0.978125 0.8 0.982812 0.821875 0.9835939999999999 0.825 0.9851560000000001 0.8289060000000001 0.9851560000000001 0.8367190000000001 0.990625 0.840625 0.990625 0.846875 0.988281 0.853906 0.988281 0.8601560000000001 0.985938 0.875 0.9851560000000001 0.884375 0.982812 0.8875 0.980469 0.8875 0.976562 0.885156 0.974219 0.871094 0.9710940000000001 0.851562 0.971875 0.845313 0.974219 0.838281 0.970313 0.833594 0.965625 0.829688 0.964844 0.821875 0.965625 0.815625 0.970313
1 0.9710940000000001 0.8375 0.9695310000000001 0.8429689999999999 0.979688 0.855469 0.9875 0.8585939999999999 1 0.8601560000000001 1 0.853906 0.989844 0.85 0.9867190000000001 0.85 0.982812 0.845313 0.982812 0.839844 0.980469 0.839844 0.9757809999999999 0.8367190000000001
1 0.747656 0.648359 0.738125 0.652187 0.731719 0.65625 0.728125 0.658594 0.725 0.660937 0.71875 0.65625 0.703906 0.655469 0.6875 0.660156 0.657813 0.665625 0.654687 0.670312 0.657031 0.671875 0.667969 0.674219 0.694531 0.677344 0.705469 0.677344 0.709375 0.675781 0.714844 0.675781 0.720313 0.674219 0.728906 0.667188 0.734063 0.663125 0.740547 0.655469
2 0.601562 0.657031 0.600781 0.658594 0.605469 0.665625 0.607031 0.670312 0.610156 0.671094 0.616406 0.677344 0.620313 0.683594 0.622656 0.690625 0.622656 0.694531 0.628125 0.697656 0.63125 0.697656 0.635156 0.689063 0.635938 0.677344 0.63125 0.669531 0.607812 0.657813
1 0.728125 0.400781 0.724219 0.4 0.710938 0.41406200000000004 0.70625 0.420312 0.703906 0.427344 0.685937 0.461719 0.682031 0.466406 0.677344 0.46875 0.673438 0.472656 0.66875 0.48125 0.664062 0.485938 0.660156 0.500781 0.660156 0.503906 0.661719 0.50625 0.669531 0.501563 0.671875 0.497656 0.682031 0.4875 0.689063 0.48359399999999997 0.698438 0.484375 0.701562 0.48125 0.713281 0.460156 0.716406 0.450781 0.721094 0.442969 0.721094 0.440625 0.726562 0.42968799999999996 0.728906 0.420312
1 0.822656 0.286719 0.824219 0.290625 0.823438 0.295312 0.8257809999999999 0.298438 0.8257809999999999 0.303906 0.829688 0.310156 0.833594 0.311719 0.859375 0.304688 0.871875 0.297656 0.88125 0.295312 0.8875 0.291406 0.885938 0.2875 0.873437 0.282813 0.853125 0.282813 0.839844 0.288281 0.8367190000000001 0.288281 0.8304690000000001 0.283594 0.8257809999999999 0.282813
1 1 0.0625 0.989062 0.061719 0.980469 0.063281 0.9679689999999999 0.067187 0.958594 0.071875 0.9523439999999999 0.079531 0.9525780000000001 0.066484 0.940234 0.059609 0.9445309999999999 0.072031 0.946328 0.096016 0.9617190000000001 0.090625 0.979688 0.085938 1 0.085938
1 0.84375 0.11171899999999998 0.840625 0.1125 0.8375 0.121875 0.8375 0.1375 0.8414059999999999 0.146875 0.8414059999999999 0.15 0.84375 0.135156 0.84375 0.126562 0.846875 0.115625 0.8460940000000001 0.113281