2 0.2375 0.557031 0.242969 0.552344 0.242969 0.55 0.244531 0.548438 0.251563 0.546875 0.253125 0.541406 0.257031 0.536719 0.25781200000000004 0.528906 0.25468799999999997 0.528906 0.24765600000000002 0.532813 0.244531 0.532813 0.228125 0.551563 0.225781 0.55625 0.225781 0.559375 0.228906 0.560156 0.2375 0.557031
1 0.257031 0.033594 0.258594 0.0375 0.26093700000000003 0.038280999999999996 0.26484399999999997 0.04375 0.272656 0.045312000000000005 0.278906 0.048437999999999995 0.278125 0.057813 0.28203100000000003 0.071875 0.28593799999999997 0.075 0.290625 0.07656199999999999 0.296875 0.075781 0.299219 0.072656 0.29609399999999997 0.063281 0.29765600000000003 0.057031 0.29765600000000003 0.048437999999999995 0.29218700000000003 0.044531 0.28906200000000004 0.039062 0.288281 0.032812999999999995 0.279687 0.032812999999999995 0.27343799999999996 0.028905999999999998 0.267969 0.028905999999999998 0.265625 0.025 0.251563 0.022656000000000003 0.251563 0.029687 0.257031 0.033594
1 0.360938 0.325 0.363281 0.317969 0.3625 0.29375 0.357812 0.283594 0.353125 0.282813 0.349219 0.302344 0.349219 0.31171899999999997 0.346094 0.321875 0.346094 0.33125 0.349219 0.339063 0.353906 0.338281 0.360938 0.325
2 0.504687 0.296875 0.510156 0.291406 0.515625 0.279687 0.514062 0.275 0.507812 0.272656 0.504687 0.272656 0.5 0.275 0.49921899999999997 0.28125 0.49375 0.288281 0.489844 0.29609399999999997 0.489844 0.301562 0.494531 0.301562 0.504687 0.296875
2 0.73125 0.411719 0.747656 0.40703100000000003 0.750781 0.403125 0.750781 0.4 0.740625 0.396094 0.728125 0.395312 0.725 0.396875 0.710156 0.399219 0.700781 0.403906 0.701562 0.408594 0.711719 0.411719 0.73125 0.411719
1 0.182812 0.536719 0.17968800000000001 0.539062 0.17421899999999998 0.540625 0.173437 0.545312 0.185938 0.546094 0.19375 0.54375 0.203906 0.538281 0.211719 0.529687 0.209375 0.526562 0.182812 0.522656 0.16875 0.516406 0.164844 0.517188 0.16953100000000002 0.526562 0.182812 0.536719
1 0.286719 0.349219 0.305234 0.356797 0.313516 0.356016 0.313359 0.36 0.310937 0.366406 0.314844 0.366406 0.31875 0.3625 0.319531 0.352344 0.321094 0.347656 0.318438 0.346094 0.315547 0.346094 0.304922 0.34695299999999996 0.295391 0.345547 0.289219 0.345156 0.28070300000000004 0.34156200000000003 0.286719 0.349219
1 0.178125 0.35859399999999997 0.18984399999999998 0.353125 0.19531199999999999 0.345313 0.177344 0.345313 0.16875 0.348437 0.159375 0.35 0.154688 0.353125 0.153125 0.357812 0.161719 0.359375 0.178125 0.35859399999999997
1 0.035156 0.3125 0.047656 0.317187 0.060937 0.317187 0.061719 0.319531 0.058594 0.326562 0.064062 0.332031 0.06640599999999999 0.330469 0.06640599999999999 0.325781 0.071094 0.317187 0.071875 0.31171899999999997 0.076563 0.305469 0.075781 0.300781 0.046875 0.29609399999999997 0.039062 0.29609399999999997 0.032031 0.29765600000000003 0.030469000000000003 0.300781 0.03125 0.307031 0.035156 0.3125
2 0.12265600000000002 0.12734399999999998 0.129688 0.115625 0.123438 0.110156 0.11875 0.117188 0.115625 0.126563 0.11875 0.13828100000000002 0.121875 0.13671899999999998 0.12265600000000002 0.12734399999999998
2 0.13125 0.133594 0.135156 0.134375 0.14296899999999998 0.13125 0.150625 0.12906299999999998 0.16015600000000002 0.12343699999999999 0.159375 0.11875 0.154688 0.120313 0.146641 0.121797 0.141406 0.124219 0.134219 0.12781199999999998 0.12406299999999999 0.13523400000000002 0.13125 0.133594
2 0.855547 0.069297 0.8589840000000001 0.061250000000000006 0.8695309999999999 0.049219 0.865625 0.04375 0.860938 0.044531 0.8570309999999999 0.047656 0.853125 0.055469000000000004 0.85 0.064844 0.85 0.072656 0.850625 0.081875 0.854688 0.075 0.855547 0.069297
2 0.8679690000000001 0.296875 0.873437 0.314844 0.8773440000000001 0.31171899999999997 0.8773440000000001 0.3 0.8747659999999999 0.29445299999999996 0.875078 0.288516 0.8755470000000001 0.284375 0.8773440000000001 0.28203100000000003 0.8726559999999999 0.28046899999999997 0.86875 0.285937 0.8679690000000001 0.296875
1 0.42109399999999997 1 0.41718700000000003 0.979687 0.416406 0.960938 0.411719 0.9617190000000001 0.407813 0.965625 0.402344 0.964063 0.39531299999999997 0.964063 0.389062 0.960938 0.377969 0.95875 0.378359 0.9630470000000001 0.38125 0.967187 0.39140600000000003 0.975 0.403906 0.975 0.408594 0.972656 0.41093799999999997 0.989063 0.41406200000000004 1 0.42109399999999997 1
1 0.094531 0.697656 0.105469 0.685937 0.107813 0.685156 0.114062 0.678125 0.117188 0.676563 0.117188 0.671875 0.114062 0.670312 0.107813 0.670312 0.091406 0.673438 0.091406 0.675 0.094531 0.678125 0.089063 0.692969 0.08984400000000001 0.696875 0.091406 0.698437 0.094531 0.697656
1 0.040625 0.710938 0.042187999999999996 0.713281 0.042969 0.724219 0.044531 0.725781 0.05 0.725 0.052344 0.715625 0.057813 0.707031 0.057813 0.703906 0.05 0.699219 0.046875 0.699219 0.041406 0.703125 0.028905999999999998 0.704688 0.026562000000000002 0.709375 0.028125 0.710938 0.040625 0.710938
1 0.033594 0.615625 0.034375 0.622656 0.040625 0.626563 0.050781 0.625 0.059375 0.621875 0.067187 0.616406 0.071094 0.611719 0.071094 0.610156 0.075 0.607812 0.071875 0.605469 0.070312 0.608594 0.064844 0.609375 0.060937 0.611719 0.053125 0.611719 0.046875 0.607812 0.032812999999999995 0.602344 0.028125 0.597656 0.023438 0.595313 0.019531 0.595313 0.024218999999999997 0.607031 0.033594 0.615625
1 0.022656000000000003 0.540625 0.028125 0.546094 0.035937000000000004 0.549219 0.033594 0.553125 0.028125 0.555469 0.028125 0.559375 0.029687 0.560156 0.039844000000000004 0.557031 0.047656 0.548438 0.051562 0.546094 0.054688 0.540625 0.045312000000000005 0.533594 0.021875 0.509375 0.017188000000000002 0.508594 0.014844 0.510156 0.014844 0.523438 0.022656000000000003 0.540625
2 0.249219 0.303906 0.25078100000000003 0.28906200000000004 0.253906 0.283594 0.255469 0.271875 0.258594 0.26875 0.258594 0.26640600000000003 0.25468799999999997 0.264062 0.246875 0.265625 0.242188 0.270312 0.2375 0.278906 0.2375 0.292969 0.240625 0.303125 0.24375 0.30625 0.246875 0.30625 0.249219 0.303906
1 0.13125 0.340625 0.149219 0.33593799999999996 0.15625 0.323438 0.15625 0.315625 0.154688 0.314063 0.139063 0.314844 0.130469 0.324219 0.125 0.334375 0.125 0.339063 0.126562 0.340625 0.13125 0.340625