1 0.228906 0 0.228906 0.0023439999999999997 0.23203100000000002 0.00625 0.235937 0.00625 0.24765600000000002 0.010936999999999999 0.252344 0.008594000000000001 0.25468799999999997 0.010936999999999999 0.25625 0.021875 0.2625 0.036719 0.269531 0.046094 0.278906 0.055469000000000004 0.2875 0.061719 0.310156 0.071875 0.317969 0.073438 0.322656 0.072656 0.322656 0.067969 0.31718799999999997 0.05625 0.314063 0.052344 0.31328100000000003 0.048437999999999995 0.31171899999999997 0.048437999999999995 0.305469 0.042187999999999996 0.303125 0.038280999999999996 0.284375 0.019531 0.269531 0.009375 0.257031 0.0039059999999999997 0.251563 0.0039059999999999997 0.25 0.0023439999999999997 0.24765600000000002 0.0023439999999999997 0.246875 0 0.228906 0
1 0.26484399999999997 0.30625 0.263281 0.310156 0.263281 0.314844 0.265625 0.324219 0.267969 0.326562 0.275 0.346875 0.28906200000000004 0.373437 0.290625 0.378906 0.29765600000000003 0.390625 0.299219 0.39140600000000003 0.300781 0.386719 0.300781 0.37578100000000003 0.29765600000000003 0.35625 0.29765600000000003 0.349219 0.29218700000000003 0.324219 0.288281 0.315625 0.288281 0.31328100000000003 0.29218700000000003 0.310937 0.290625 0.30625 0.285156 0.3 0.283594 0.294531 0.271875 0.290625 0.264062 0.29609399999999997 0.24765600000000002 0.296875 0.241953 0.299453 0.252656 0.30359400000000003 0.26484399999999997 0.30625
2 0.35 0.39531299999999997 0.363281 0.38281200000000004 0.372656 0.361719 0.372656 0.35625 0.367969 0.35468700000000003 0.361719 0.357812 0.35 0.366406 0.339844 0.376563 0.321875 0.38593700000000003 0.32031200000000004 0.388281 0.321094 0.39375 0.329688 0.39843799999999996 0.340625 0.39843799999999996 0.35 0.39531299999999997
1 0.38984399999999997 0.474219 0.390625 0.475781 0.396094 0.477344 0.40546899999999997 0.486719 0.427344 0.5 0.43828100000000003 0.502344 0.44218799999999997 0.500781 0.44218799999999997 0.49375 0.427344 0.482031 0.411719 0.4625 0.400781 0.454688 0.396094 0.453125 0.39375 0.454688 0.392188 0.460156 0.392188 0.471094 0.38984399999999997 0.474219
1 0.388281 0.235937 0.396875 0.22109399999999998 0.4 0.213281 0.40156200000000003 0.2 0.403906 0.197656 0.416406 0.19921899999999998 0.428906 0.196094 0.430469 0.192969 0.428906 0.190625 0.40625 0.18984399999999998 0.40156200000000003 0.1875 0.39375 0.17968800000000001 0.38593700000000003 0.180469 0.377344 0.186719 0.367969 0.203125 0.35859399999999997 0.228125 0.35468700000000003 0.24609399999999998 0.35468700000000003 0.25625 0.357031 0.263281 0.361719 0.264062 0.37031200000000003 0.25781200000000004 0.388281 0.235937
2 0.29609399999999997 0.14375 0.296875 0.135156 0.295312 0.13281199999999999 0.29218700000000003 0.134375 0.286719 0.133594 0.286719 0.142187 0.283594 0.15 0.283594 0.154688 0.288281 0.155469 0.290625 0.15390600000000002 0.29609399999999997 0.14375
1 0.104688 0.25468799999999997 0.115625 0.252344 0.129688 0.23906299999999997 0.134375 0.24375 0.139063 0.24609399999999998 0.139063 0.23906299999999997 0.135937 0.23046899999999998 0.129688 0.22343799999999997 0.125781 0.22109399999999998 0.11796899999999999 0.22109399999999998 0.107813 0.224219 0.096875 0.23125 0.090625 0.233594 0.083594 0.23906299999999997 0.071875 0.24375 0.071875 0.24609399999999998 0.073438 0.248438 0.08984400000000001 0.253906 0.104688 0.25468799999999997
2 0.0625 0.053125 0.057813 0.038280999999999996 0.059375 0.025 0.057031 0.017969 0.052344 0.019531 0.039844000000000004 0.044531 0.040625 0.05 0.048437999999999995 0.060156 0.053125 0.060156 0.059375 0.057031 0.0625 0.053125
1 0.46093799999999996 0.24765600000000002 0.485078 0.225312 0.489844 0.21640600000000002 0.49375 0.2125 0.496875 0.212578 0.505469 0.215313 0.51625 0.217422 0.510703 0.21273399999999998 0.504687 0.210938 0.503125 0.20625 0.498437 0.202344 0.490625 0.198437 0.482812 0.197656 0.47156200000000004 0.199922 0.461719 0.217969 0.457031 0.224219 0.451562 0.239844 0.449219 0.25078100000000003 0.45 0.25625 0.451562 0.257031 0.455469 0.255469 0.46093799999999996 0.24765600000000002
1 0.607812 0.12890600000000002 0.614844 0.126562 0.632812 0.134375 0.648438 0.13828100000000002 0.665625 0.13828100000000002 0.678906 0.134375 0.682813 0.13125 0.682031 0.126562 0.678906 0.123438 0.663281 0.115625 0.61875 0.103125 0.607812 0.103125 0.603125 0.105469 0.600781 0.11171899999999998 0.604688 0.115625 0.600781 0.11875 0.589844 0.12265600000000002 0.590625 0.126562 0.59375 0.128125 0.607812 0.12890600000000002
2 0.667969 0.044531 0.673438 0.051562 0.674219 0.057031 0.675781 0.055469000000000004 0.682031 0.053905999999999996 0.682031 0.051562 0.678125 0.042187999999999996 0.678125 0.032812999999999995 0.679688 0.028905999999999998 0.678125 0.025781 0.673438 0.025781 0.669531 0.028905999999999998 0.666406 0.0375 0.667969 0.044531
1 0.928125 0.501563 0.923438 0.496875 0.923438 0.494531 0.9210940000000001 0.490625 0.9210940000000001 0.485938 0.917188 0.482031 0.9164059999999999 0.475 0.9226559999999999 0.470313 0.953125 0.464844 0.9617190000000001 0.45781299999999997 0.9664059999999999 0.451562 0.971875 0.435937 0.972656 0.417969 0.9695309999999999 0.396875 0.967187 0.389062 0.964063 0.3875 0.9585940000000001 0.389062 0.951562 0.403125 0.917969 0.44843700000000003 0.907813 0.458594 0.9039059999999999 0.46796899999999997 0.9039059999999999 0.48515600000000003 0.9070309999999999 0.49375 0.907813 0.500781 0.9117190000000001 0.510938 0.9148440000000001 0.515625 0.9148440000000001 0.517969 0.921875 0.530469 0.923438 0.539844 0.9273440000000001 0.545312 0.929688 0.544531 0.9304690000000001 0.541406 0.928125 0.501563
1 0.677344 0.41093799999999997 0.675 0.428906 0.675 0.440625 0.683594 0.45390600000000003 0.685156 0.463281 0.688281 0.46953100000000003 0.689063 0.474219 0.6875 0.478125 0.6875 0.482812 0.692187 0.489844 0.692969 0.507031 0.696875 0.522656 0.696875 0.529687 0.701562 0.529687 0.703906 0.503906 0.701562 0.49375 0.701562 0.4875 0.695312 0.471094 0.694922 0.466563 0.690781 0.460625 0.688281 0.453125 0.686719 0.451562 0.685937 0.447656 0.688281 0.442969 0.69375 0.44375 0.697656 0.44218799999999997 0.701562 0.433594 0.703125 0.421875 0.696094 0.390625 0.689844 0.377344 0.685156 0.372656 0.68125 0.376563 0.679688 0.402344 0.677344 0.41093799999999997
1 0.5 0.5875 0.509375 0.578125 0.516406 0.567187 0.517969 0.561719 0.517188 0.542969 0.513281 0.536719 0.514062 0.532813 0.515625 0.534375 0.528125 0.535937 0.533594 0.539844 0.536719 0.538281 0.551562 0.538281 0.553125 0.5375 0.553125 0.532813 0.544531 0.532031 0.538281 0.528906 0.524219 0.527344 0.521875 0.525781 0.514062 0.526563 0.504687 0.530469 0.497656 0.539844 0.494531 0.549219 0.49218799999999996 0.551562 0.486719 0.564063 0.482031 0.566406 0.47968700000000003 0.569531 0.47968700000000003 0.571875 0.47343799999999997 0.585938 0.472656 0.596094 0.47968700000000003 0.596875 0.4875 0.594531 0.5 0.5875
1 0.065625 0.705469 0.065625 0.713281 0.067969 0.721094 0.067969 0.733594 0.071094 0.745313 0.082812 0.764844 0.094531 0.777344 0.110937 0.786719 0.115625 0.785156 0.11484399999999999 0.775 0.110937 0.764062 0.109375 0.753906 0.10703100000000002 0.749219 0.1 0.7125 0.088281 0.690625 0.084375 0.685937 0.079687 0.684375 0.07125000000000001 0.695391 0.06601599999999999 0.6837500000000001 0.0625 0.696875 0.0625 0.7 0.065625 0.705469
1 0.225781 0.8414059999999999 0.233594 0.8382809999999999 0.235937 0.840625 0.246875 0.8648440000000001 0.253125 0.873437 0.272656 0.8914059999999999 0.303125 0.9007809999999999 0.30468799999999996 0.8960940000000001 0.29375 0.878125 0.241406 0.8179690000000001 0.235937 0.815625 0.23203100000000002 0.824219 0.225781 0.83125 0.22109399999999998 0.8335940000000001 0.215625 0.8335940000000001 0.215625 0.8382809999999999 0.220312 0.840625 0.225781 0.8414059999999999
1 0.446094 0.832812 0.44843700000000003 0.8875 0.450781 0.902344 0.45234399999999997 0.9054690000000001 0.45234399999999997 0.9125 0.455469 0.9210940000000001 0.459375 0.9164059999999999 0.46093799999999996 0.9039059999999999 0.463281 0.896875 0.46796899999999997 0.85625 0.46796899999999997 0.8382809999999999 0.466406 0.8289059999999999 0.471875 0.8257809999999999 0.471875 0.821875 0.466406 0.8210940000000001 0.455469 0.808594 0.453125 0.808594 0.45 0.810937 0.45 0.8195309999999999 0.446094 0.832812
1 0.435156 1 0.434375 0.9945309999999999 0.428125 0.9789059999999999 0.41406200000000004 0.954688 0.41406200000000004 0.9507809999999999 0.417969 0.9429690000000001 0.416406 0.941406 0.40625 0.942187 0.400781 0.935937 0.394531 0.9367190000000001 0.388281 0.9445309999999999 0.385156 0.959375 0.385156 0.9835940000000001 0.389062 1 0.435156 1
2 0.65625 0.821875 0.660937 0.8195309999999999 0.664062 0.815625 0.667188 0.8148440000000001 0.671875 0.809375 0.671875 0.8070309999999999 0.678125 0.800781 0.678906 0.798438 0.676562 0.796875 0.671875 0.796875 0.664062 0.799219 0.653906 0.8070309999999999 0.649219 0.808594 0.646875 0.8117190000000001 0.639844 0.8125 0.639844 0.81875 0.646094 0.823438 0.650781 0.821875 0.65625 0.821875
2 0.694531 0.8851559999999999 0.698438 0.8914059999999999 0.713281 0.8976559999999999 0.714844 0.8960940000000001 0.708594 0.8875 0.707812 0.876563 0.700781 0.853125 0.697656 0.848437 0.692969 0.848437 0.692187 0.859375 0.694531 0.873437 0.694531 0.8851559999999999
2 0.730469 0.660156 0.727344 0.657031 0.725 0.651563 0.723437 0.653906 0.724219 0.657813 0.720313 0.672656 0.715625 0.682813 0.716406 0.686719 0.721094 0.685937 0.730469 0.671094 0.730469 0.660156
2 0.8367190000000001 0.478125 0.8414059999999999 0.48515600000000003 0.8414059999999999 0.4875 0.8460940000000001 0.48906299999999997 0.8460940000000001 0.48359399999999997 0.8445309999999999 0.482031 0.845313 0.47656200000000004 0.8429690000000001 0.470313 0.84375 0.466406 0.839063 0.460156 0.8367190000000001 0.45390600000000003 0.829688 0.44843700000000003 0.829688 0.455469 0.8351559999999999 0.46796899999999997 0.8367190000000001 0.478125
1 0.00625 0.385156 0.013281000000000001 0.396875 0.025781 0.409375 0.039844000000000004 0.415625 0.049219 0.416406 0.047656 0.413281 0.047656 0.40703100000000003 0.046094 0.402344 0.029687 0.38125 0.024218999999999997 0.37031200000000003 0.015625 0.36015600000000003 0.014063 0.357031 0.014063 0.353125 0.005469 0.355469 0.0023439999999999997 0.36718799999999996 0.003125 0.37578100000000003 0.00625 0.385156