2 0.778125 0.475781 0.783594 0.478125 0.785156 0.47656200000000004 0.785156 0.471875 0.783594 0.466406 0.779687 0.46093799999999996 0.778906 0.454688 0.775 0.45234399999999997 0.772656 0.458594 0.773438 0.46796899999999997 0.778125 0.475781
2 0.44843700000000003 0.453125 0.461719 0.44375 0.461719 0.440625 0.458594 0.439063 0.447656 0.44218799999999997 0.4375 0.442969 0.43281200000000003 0.447656 0.43125 0.45625 0.435937 0.45625 0.439063 0.45390600000000003 0.44843700000000003 0.453125
2 0.345313 0.589063 0.345313 0.6 0.35 0.600781 0.35156200000000004 0.598437 0.35156200000000004 0.578125 0.35 0.575 0.34453100000000003 0.574219 0.342187 0.575781 0.342187 0.579688 0.345313 0.589063
1 0.450781 0.586719 0.457031 0.579688 0.451562 0.575781 0.42968799999999996 0.574219 0.428125 0.575781 0.427344 0.584375 0.434375 0.589063 0.44375 0.589063 0.450781 0.586719
2 0.051562 1 0.053125 0.990625 0.054688 0.988281 0.05625 0.96875 0.053125 0.965625 0.044531 0.96875 0.039844000000000004 0.9875 0.039062 1 0.051562 1
2 0.075781 0.982812 0.094531 0.957812 0.098437 0.948438 0.099219 0.9351559999999999 0.096094 0.93125 0.086719 0.932813 0.079687 0.94375 0.06875 0.9539059999999999 0.06640599999999999 0.9664059999999999 0.0625 0.9710940000000001 0.058594 0.9789059999999999 0.055469000000000004 0.9929690000000001 0.05625 0.996875 0.060937 0.996094 0.064844 0.99375 0.075781 0.982812
2 0.124219 0.105469 0.128125 0.11171899999999998 0.12734399999999998 0.124219 0.13125 0.126562 0.134375 0.12265600000000002 0.135937 0.103125 0.133594 0.1 0.129688 0.099219 0.125781 0.103125 0.124219 0.103125 0.124219 0.105469
2 0.072656 0.521875 0.076563 0.520312 0.091406 0.50625 0.098437 0.494531 0.1 0.480469 0.095312 0.47968700000000003 0.090625 0.482812 0.088281 0.482812 0.071875 0.49375 0.049219 0.51875 0.040625 0.534375 0.040625 0.539062 0.045312000000000005 0.539062 0.054688 0.535156 0.072656 0.521875
1 0.178906 0.373437 0.18125 0.371094 0.1875 0.378906 0.196875 0.384375 0.20781299999999997 0.385156 0.210156 0.384375 0.211719 0.382031 0.209375 0.37578100000000003 0.196094 0.36406299999999997 0.190625 0.353906 0.188281 0.353906 0.18515600000000002 0.35625 0.18125 0.355469 0.175 0.36015600000000003 0.16406199999999999 0.3625 0.1625 0.364844 0.1625 0.369531 0.16953100000000002 0.372656 0.178906 0.373437
2 0.059375 0.330469 0.054688 0.328125 0.046094 0.319531 0.039062 0.317969 0.035937000000000004 0.321094 0.035937000000000004 0.326562 0.045312000000000005 0.330469 0.059375 0.330469
1 0.8507809999999999 0.538281 0.853125 0.544531 0.854688 0.557813 0.8585940000000001 0.56875 0.8648440000000001 0.578125 0.8695309999999999 0.578906 0.8726559999999999 0.572656 0.873437 0.566406 0.875 0.564844 0.871094 0.535156 0.865625 0.523438 0.8617190000000001 0.519531 0.85625 0.517969 0.848437 0.524219 0.8507809999999999 0.53125 0.8507809999999999 0.538281
2 0.892188 0.742188 0.896875 0.744531 0.897344 0.740859 0.895937 0.737344 0.8960940000000001 0.732031 0.894531 0.723437 0.8929690000000001 0.721094 0.8929690000000001 0.71875 0.8910159999999999 0.716172 0.889922 0.712266 0.886016 0.712969 0.885938 0.71875 0.8851559999999999 0.725781 0.892188 0.742188
1 0.91875 0.41875 0.925 0.40625 0.9273440000000001 0.394531 0.9304690000000001 0.38984399999999997 0.9351559999999999 0.389062 0.9367190000000001 0.38593700000000003 0.935937 0.372656 0.9375 0.367969 0.9304690000000001 0.36875 0.9164059999999999 0.378125 0.9132809999999999 0.382031 0.9117190000000001 0.389062 0.9039059999999999 0.39531299999999997 0.901563 0.4 0.9007809999999999 0.407813 0.903125 0.421875 0.90625 0.428125 0.915625 0.43671899999999997 0.9195309999999999 0.432031 0.917969 0.424219 0.91875 0.41875
2 0.875 0.170313 0.876563 0.171875 0.8804690000000001 0.16796899999999998 0.879687 0.161719 0.871094 0.159375 0.85625 0.159375 0.851562 0.161719 0.8539059999999999 0.165625 0.864062 0.16875 0.875 0.170313
2 0.934375 0.154688 0.9429690000000001 0.146875 0.9476559999999999 0.140625 0.953125 0.1375 0.954688 0.135156 0.9539059999999999 0.13281199999999999 0.9507809999999999 0.13125 0.9476559999999999 0.133594 0.939063 0.133594 0.934375 0.14375 0.9273440000000001 0.150781 0.925781 0.154688 0.9273440000000001 0.15625 0.9304690000000001 0.15625 0.934375 0.154688