0 0.900781 0.297656 0.896094 0.3 0.890625 0.316406 0.886719 0.323437 0.884375 0.339062 0.878906 0.353906 0.876563 0.35625 0.873437 0.351562 0.870313 0.352344 0.875 0.361719 0.8882809999999999 0.36875 0.9092970000000001 0.385391 0.8898439999999999 0.361719 0.8992190000000001 0.357031 0.911719 0.334375 0.9125 0.321875 0.910937 0.314844
0 0.8148440000000001 0.057813 0.8210940000000001 0.078906 0.822656 0.090625 0.825 0.09375 0.8367190000000001 0.091406 0.8625 0.077344 0.8992190000000001 0.089063 0.917969 0.089844 0.9367189999999999 0.086719 0.9382810000000001 0.084375 0.932813 0.077344 0.917188 0.065625 0.900781 0.060156 0.8773440000000001 0.060937 0.873437 0.05625 0.8679690000000001 0.058594 0.8617190000000001 0.050781 0.859375 0.051562 0.860938 0.060937 0.8585939999999999 0.0625 0.851562 0.058594 0.8351559999999999 0.053905999999999996 0.823438 0.054688
0 0.992188 0.220312 0.978906 0.220312 0.974219 0.215625 0.973437 0.22343799999999997 0.9695310000000001 0.228125 0.9679689999999999 0.235156 0.96875 0.24375 0.95625 0.251563 0.946875 0.267188 0.940625 0.2875 0.941406 0.310937 0.942969 0.317969 0.9460940000000001 0.321094 0.9554690000000001 0.317969 0.964063 0.310937 0.973437 0.296094 0.9757809999999999 0.286719 0.9757809999999999 0.265625 0.979688 0.260937 0.982812 0.260156 0.9835939999999999 0.25625 0.98125 0.25 0.974219 0.244531 0.974219 0.241406 0.9773440000000001 0.2375 0.9875 0.23203100000000002 0.9875 0.228906
0 0.688281 0.399219 0.684375 0.398438 0.678125 0.400781 0.672656 0.399219 0.672656 0.403906 0.670312 0.40625 0.633594 0.42656299999999997 0.626563 0.434375 0.617969 0.458594 0.603125 0.485938 0.603125 0.492969 0.607812 0.492969 0.611719 0.485938 0.625781 0.482812 0.628906 0.484375 0.632031 0.48359399999999997 0.632812 0.478906 0.642969 0.463281 0.647656 0.44843700000000003 0.647656 0.43671899999999997 0.645312 0.42656299999999997 0.647656 0.425781 0.660937 0.42968799999999996 0.671875 0.425781 0.685937 0.4125 0.689844 0.416406 0.689844 0.411719 0.686719 0.410156
0 0.577344 0.298438 0.578906 0.302344 0.590625 0.3125 0.598437 0.315625 0.603906 0.321875 0.610156 0.325781 0.621094 0.328906 0.624219 0.332031 0.626563 0.342969 0.639844 0.364844 0.648438 0.375781 0.660937 0.385937 0.689063 0.399219 0.710156 0.403125 0.720313 0.407813 0.725781 0.40625 0.725 0.397656 0.70625 0.364063 0.694531 0.349219 0.677344 0.333594 0.659375 0.325781 0.626563 0.325781 0.623437 0.322656 0.623437 0.317969 0.621094 0.313281 0.615625 0.308594 0.589844 0.3 0.584375 0.3 0.58125 0.297656
0 0.530469 0.11796900000000002 0.528125 0.11796900000000002 0.520312 0.125781 0.503906 0.15 0.498437 0.161719 0.496094 0.177344 0.496094 0.201563 0.49921899999999997 0.22109399999999998 0.505469 0.23203100000000002 0.513281 0.23203100000000002 0.517969 0.23671899999999998 0.510156 0.252344 0.503906 0.274219 0.503125 0.292969 0.505469 0.310937 0.513281 0.325781 0.523438 0.334375 0.528906 0.332813 0.533594 0.322656 0.535156 0.305469 0.54375 0.282031 0.542188 0.267188 0.5375 0.255469 0.529687 0.244531 0.521875 0.239844 0.527344 0.23203100000000002 0.529687 0.217969 0.5375 0.20546899999999998 0.540625 0.196094 0.542188 0.178906 0.546094 0.163281 0.545312 0.145313 0.542188 0.135156 0.535937 0.123438
0 0.453125 0.24531200000000003 0.449219 0.248438 0.442969 0.261719 0.43828100000000003 0.282813 0.439063 0.304688 0.449219 0.321094 0.446094 0.341406 0.446875 0.363281 0.451562 0.3625 0.458594 0.34375 0.459375 0.330469 0.454688 0.321094 0.463281 0.315625 0.467187 0.310937 0.46796899999999997 0.307031 0.471875 0.303125 0.475781 0.291406 0.475 0.276562 0.470313 0.264062 0.459375 0.24609399999999998
0 0.425781 0.475 0.42656299999999997 0.47968700000000003 0.43828100000000003 0.488281 0.446875 0.49218799999999996 0.454688 0.49218799999999996 0.463281 0.496094 0.49375 0.500781 0.503125 0.5 0.505469 0.503906 0.504687 0.510156 0.509375 0.521094 0.538281 0.555469 0.567969 0.580469 0.582031 0.588281 0.588281 0.588281 0.588281 0.578125 0.578906 0.547656 0.571875 0.539062 0.555469 0.526563 0.551562 0.50625 0.546094 0.496094 0.529687 0.478125 0.525781 0.475781 0.519531 0.478125 0.51875 0.482812 0.524219 0.490625 0.509375 0.492969 0.503125 0.482031 0.488281 0.46953100000000003 0.47343799999999997 0.461719 0.4625 0.459375 0.455469 0.459375 0.44375 0.4625
0 0.48515600000000003 0.583594 0.48515600000000003 0.586719 0.507031 0.610938 0.516406 0.617969 0.532031 0.623437 0.540625 0.623437 0.560156 0.616406 0.575781 0.653906 0.590625 0.673438 0.614844 0.690625 0.653906 0.708594 0.657031 0.707812 0.660156 0.7 0.65625 0.675781 0.65 0.653906 0.640625 0.638281 0.627344 0.622656 0.611719 0.608594 0.591406 0.598437 0.577344 0.59375 0.569531 0.59375 0.560937 0.596875 0.552344 0.589844 0.533594 0.582812
0 0.333594 0.5875 0.334375 0.596094 0.348438 0.622656 0.3625 0.636719 0.371875 0.651563 0.383594 0.663281 0.397656 0.672656 0.413281 0.678906 0.428906 0.680469 0.43671899999999997 0.678125 0.44375 0.671094 0.447656 0.671875 0.450781 0.670312 0.455469 0.678125 0.465625 0.684375 0.48359399999999997 0.7 0.509375 0.714844 0.532031 0.721094 0.564844 0.720313 0.567969 0.717187 0.567969 0.7125 0.551562 0.690625 0.5375 0.677344 0.517188 0.665625 0.494531 0.658594 0.475 0.65625 0.458594 0.657813 0.454688 0.659375 0.450781 0.664062 0.446094 0.653906 0.43281200000000003 0.642969 0.432031 0.6375 0.42109399999999997 0.622656 0.397656 0.602344 0.372656 0.590625 0.346094 0.585938 0.335938 0.585938
0 0.359375 0.719531 0.359375 0.725 0.3625 0.725781 0.370312 0.732812 0.384375 0.741406 0.395313 0.744531 0.408594 0.744531 0.41718700000000003 0.735938 0.427344 0.734375 0.43125 0.742188 0.458594 0.760156 0.475781 0.767969 0.501563 0.774219 0.533594 0.773438 0.555469 0.767969 0.559375 0.7625 0.557813 0.755469 0.539844 0.7375 0.527344 0.728906 0.496094 0.715625 0.475 0.713281 0.45625 0.714844 0.439844 0.721094 0.433594 0.728125 0.428125 0.73125 0.424219 0.724219 0.417969 0.71875 0.400781 0.7125 0.378125 0.7125
0 0.309375 0.875 0.307812 0.873437 0.302344 0.873437 0.267969 0.8835940000000001 0.25 0.892188 0.242969 0.9 0.239844 0.907813 0.23203100000000002 0.90625 0.220312 0.911719 0.204687 0.927344 0.185156 0.951562 0.173437 0.972656 0.167969 0.988281 0.161719 1 0.22265600000000002 1 0.235937 0.972656 0.242969 0.9398440000000001 0.24375 0.9242190000000001 0.24765600000000002 0.923438 0.254688 0.9289059999999999 0.267188 0.932813 0.273438 0.932031 0.28125 0.928125 0.291406 0.91875 0.299219 0.9054689999999999 0.309375 0.88125
0 0.044531 0.661719 0.046875 0.671094 0.0625 0.695312 0.08125 0.709375 0.090625 0.7125 0.10390600000000001 0.7125 0.123438 0.708594 0.139844 0.701562 0.148438 0.720313 0.1625 0.736719 0.163281 0.740625 0.169531 0.748437 0.174219 0.748437 0.177344 0.732031 0.177344 0.709375 0.179688 0.705469 0.175 0.699219 0.157812 0.691406 0.15 0.689844 0.146094 0.692969 0.141406 0.700781 0.1375 0.692969 0.121875 0.678125 0.110937 0.671094 0.06875 0.660937 0.046094 0.660156
0 0.13125 0.716406 0.126562 0.716406 0.117188 0.721875 0.103125 0.725 0.076563 0.738281 0.061719 0.753906 0.050781 0.772656 0.046875 0.786719 0.047656 0.799219 0.024219 0.808594 0 0.824219 0 0.892188 0.002344 0.892188 0.008594 0.8875 0.023438 0.871875 0.033594 0.864844 0.049219 0.85 0.0625 0.832031 0.067187 0.8210940000000001 0.067187 0.8148440000000001 0.094531 0.797656 0.10625 0.785156 0.120313 0.760156 0.126562 0.736719 0.13125 0.725781
1 0.298438 0.480469 0.297656 0.486719 0.304688 0.500781 0.31875 0.517188 0.31875 0.533594 0.326562 0.555469 0.334375 0.565625 0.347656 0.575781 0.35625 0.585156 0.363281 0.586719 0.365625 0.58125 0.363281 0.55625 0.360156 0.542969 0.353906 0.530469 0.342187 0.51875 0.330469 0.5125 0.325781 0.5125 0.322656 0.500781 0.317188 0.49375
1 0.139063 0.241406 0.132812 0.24375 0.121875 0.260156 0.120313 0.264844 0.120313 0.278125 0.124219 0.283594 0.120313 0.2875 0.110156 0.291406 0.10234400000000002 0.296875 0.0875 0.310937 0.077344 0.324219 0.071094 0.340625 0.071875 0.352344 0.076563 0.359375 0.08125 0.361719 0.089063 0.361719 0.09375 0.359375 0.125 0.317969 0.132812 0.302344 0.135156 0.288281 0.14375 0.279687 0.15 0.26875 0.15 0.263281
1 0.134375 0.225781 0.134375 0.232813 0.139063 0.2375 0.139063 0.241406 0.150781 0.264844 0.153906 0.267188 0.159375 0.267969 0.15625 0.276562 0.15625 0.295312 0.158594 0.308594 0.164844 0.322656 0.183594 0.344531 0.198437 0.357812 0.22265600000000002 0.370312 0.232813 0.369531 0.235156 0.366406 0.232813 0.35625 0.220312 0.321875 0.209375 0.3 0.201563 0.289844 0.185938 0.276562 0.174219 0.269531 0.164844 0.267969 0.163281 0.266406 0.164844 0.251563 0.157812 0.239844 0.152344 0.234375
0 0.18125 0.127344 0.174219 0.141406 0.175 0.1625 0.178125 0.165625 0.182812 0.176563 0.196875 0.189062 0.2125 0.19375 0.20625 0.203906 0.205234 0.21749999999999997 0.209375 0.210156 0.21484399999999998 0.194531 0.21875 0.192188 0.219531 0.185156 0.2125 0.166406 0.199219 0.142969 0.190625 0.132031 0.185938 0.128125
0 0.121875 0 0.11875 0.0125 0.11875 0.026561999999999995 0.12265600000000002 0.042188 0.128125 0.042969 0.139063 0.030469000000000003 0.142187 0.03125 0.15 0.045312 0.158594 0.053125 0.176563 0.058594 0.203906 0.074219 0.209375 0.072656 0.210938 0.067187 0.210938 0.039844 0.209375 0.030469000000000003 0.202344 0.014063 0.190625 0
0 0.30625 0 0.303125 0.0125 0.303125 0.021875 0.30625 0.035156 0.313281 0.046094 0.314063 0.05625 0.319531 0.064062 0.316406 0.083594 0.321094 0.108594 0.33125 0.125781 0.339062 0.13125 0.345313 0.1 0.345313 0.083594 0.338281 0.064062 0.333594 0.064062 0.330469 0.060937 0.336719 0.050781 0.338281 0.0375 0.334375 0.027344 0.319531 0.007812000000000001 0.314063 0.004687 0.310937 0
0 0.455469 0.092969 0.44531200000000004 0.092969 0.43125 0.098437 0.413281 0.099219 0.400781 0.104688 0.385156 0.108594 0.366406 0.12265600000000002 0.348438 0.130469 0.3375 0.1375 0.328125 0.146094 0.325781 0.152344 0.319531 0.15 0.303125 0.15 0.280469 0.157812 0.271875 0.164062 0.259375 0.178906 0.250781 0.198437 0.250781 0.208594 0.25625 0.209375 0.263281 0.20546899999999998 0.271875 0.203906 0.29375 0.194531 0.3125 0.18125 0.326562 0.159375 0.350781 0.163281 0.36875 0.1625 0.388281 0.158594 0.408594 0.15 0.423438 0.139063 0.439844 0.123438 0.454688 0.10078099999999998
0 0.761719 0 0.7625 0.01875 0.764844 0.021875 0.759375 0.027344 0.758594 0.034375 0.764062 0.05625 0.767969 0.082031 0.775781 0.099219 0.784375 0.11171899999999998 0.796875 0.123438 0.804688 0.134375 0.809375 0.134375 0.814063 0.128125 0.821875 0.105469 0.822656 0.091406 0.81875 0.070312 0.807813 0.050781 0.79375 0.0375 0.785156 0.03125 0.76875 0.025 0.76875 0.021094 0.779687 0.0125 0.782813 0.005469 0.782813 0
0 0.482031 0.93125 0.477344 0.941406 0.471875 0.9617190000000001 0.470313 0.9757809999999999 0.471875 0.9835939999999999 0.48125 0.995313 0.482031 1 0.486719 1 0.4875 0.994531 0.494531 0.988281 0.496094 0.98125 0.49375 0.963281 0.485938 0.9367189999999999
0 0.360938 0.333594 0.353125 0.330469 0.34375 0.329688 0.330469 0.332813 0.323437 0.3375 0.313281 0.348438 0.30625 0.364844 0.305469 0.375 0.303125 0.377344 0.296875 0.372656 0.280469 0.367969 0.265625 0.365625 0.239844 0.366406 0.232813 0.371875 0.224219 0.371875 0.204687 0.380469 0.196875 0.389844 0.198437 0.392969 0.226562 0.40625 0.23906299999999997 0.408594 0.273438 0.40703100000000003 0.295312 0.4 0.304688 0.392188 0.308594 0.382031 0.338281 0.370312 0.357031 0.354687 0.360938 0.342969
3 0.46875 0.382812 0.45781299999999997 0.384375 0.451562 0.389062 0.440625 0.392969 0.425 0.408594 0.4125 0.43125 0.408594 0.446094 0.40703100000000003 0.47656200000000004 0.407813 0.48359399999999997 0.411719 0.492969 0.421875 0.502344 0.421875 0.505469 0.414844 0.515625 0.388281 0.532031 0.379688 0.540625 0.373437 0.555469 0.375 0.56875 0.38125 0.572656 0.391406 0.572656 0.400781 0.567969 0.403906 0.563281 0.40546899999999997 0.564063 0.407813 0.576562 0.41875 0.610938 0.425781 0.622656 0.439844 0.6375 0.444531 0.6375 0.44843700000000003 0.632812 0.45625 0.597656 0.457031 0.578906 0.44843700000000003 0.532813 0.440625 0.517188 0.44218799999999997 0.509375 0.453125 0.49375 0.447656 0.49375 0.440625 0.490625 0.435937 0.484375 0.430469 0.48125 0.42968799999999996 0.474219 0.44531200000000004 0.4625 0.45625 0.459375 0.46093799999999996 0.453125 0.464844 0.440625 0.46875 0.435937 0.474219 0.415625 0.474219 0.392188 0.471094 0.384375
3 0.045312 0.570312 0.045312 0.576562 0.053125 0.583594 0.057813 0.590625 0.071875 0.601562 0.086719 0.607031 0.089063 0.610156 0.11953100000000001 0.6125 0.147656 0.610156 0.150781 0.607031 0.15625 0.60625 0.164844 0.601562 0.174219 0.592187 0.178125 0.595313 0.179688 0.600781 0.186719 0.608594 0.202344 0.621875 0.21875 0.632031 0.235156 0.639062 0.257031 0.642969 0.282031 0.642969 0.30625 0.639844 0.31875 0.633594 0.31875 0.628906 0.316406 0.624219 0.295312 0.600781 0.279687 0.589063 0.261719 0.582031 0.24531200000000003 0.582031 0.209375 0.574219 0.188281 0.571875 0.174219 0.575 0.173437 0.58125 0.166406 0.579688 0.146094 0.569531 0.126562 0.571094 0.085938 0.564063 0.055469000000000004 0.566406
3 0.217188 0.433594 0.2125 0.43125 0.189062 0.45 0.182812 0.458594 0.183594 0.463281 0.196875 0.466406 0.198437 0.471094 0.1875 0.48359399999999997 0.170313 0.494531 0.163281 0.501563 0.160156 0.523438 0.161719 0.548438 0.157812 0.546094 0.157031 0.539844 0.152344 0.532813 0.132031 0.509375 0.104688 0.492969 0.078906 0.48515600000000003 0.032813 0.484375 0.030469000000000003 0.485938 0.029687 0.490625 0.036719 0.503906 0.045312 0.53125 0.058594 0.546875 0.077344 0.559375 0.0875 0.564063 0.125 0.569531 0.126562 0.571094 0.142969 0.56875 0.157031 0.560937 0.1625 0.547656 0.170313 0.550781 0.178125 0.549219 0.195312 0.529687 0.210938 0.50625 0.22109399999999998 0.471875 0.220312 0.446875