1 0.595313 0.04375 0.595313 0.046094 0.625 0.058594 0.639844 0.070312 0.644531 0.071094 0.646875 0.069531 0.646875 0.064062 0.641406 0.050781 0.6375 0.046094 0.629687 0.041406 0.630469 0.039844 0.639062 0.039844 0.641406 0.038281 0.642188 0.032813 0.635938 0.03125 0.620313 0.032031 0.614844 0.034375 0.604688 0.035937 0.597656 0.040625
2 0.196875 0.099219 0.192969 0.096094 0.172656 0.096094 0.159375 0.098437 0.149219 0.098437 0.125781 0.103125 0.101562 0.11171899999999998 0.095312 0.11640599999999998 0.096875 0.135937 0.098437 0.1375 0.105469 0.1375 0.127344 0.132031 0.13125 0.132031 0.14375 0.124219 0.164062 0.115625 0.173437 0.113281
2 0.561719 0.532813 0.55625 0.533594 0.548438 0.5375 0.522656 0.55625 0.516406 0.559375 0.50625 0.567969 0.501563 0.569531 0.49531200000000003 0.574219 0.484375 0.586719 0.474219 0.602344 0.470313 0.610938 0.472656 0.614844 0.475 0.616406 0.478125 0.6125 0.490625 0.605469 0.516406 0.585938 0.553125 0.547656 0.560937 0.5375
2 0.740625 0.671875 0.747656 0.674219 0.752344 0.672656 0.754687 0.674219 0.764062 0.675 0.767969 0.670312 0.773438 0.670312 0.791406 0.666406 0.795312 0.666406 0.798438 0.667969 0.821875 0.667188 0.826562 0.670312 0.8414059999999999 0.664844 0.85625 0.6625 0.8585939999999999 0.657813 0.814063 0.653906 0.774219 0.654687 0.764062 0.657813 0.753125 0.659375 0.741406 0.665625
2 0.828125 0.496875 0.828125 0.49921899999999997 0.832031 0.503906 0.8523440000000001 0.514062 0.857812 0.519531 0.865625 0.520312 0.884375 0.528125 0.8898439999999999 0.528906 0.8929690000000001 0.526563 0.8929690000000001 0.525 0.88125 0.514062 0.8679690000000001 0.504687 0.857812 0.49921899999999997 0.849219 0.496094 0.832812 0.494531
1 0.234375 0.389844 0.232813 0.391406 0.233594 0.397656 0.240625 0.411719 0.250781 0.42656299999999997 0.267188 0.455469 0.271094 0.46953100000000003 0.270313 0.482031 0.272656 0.48359399999999997 0.283594 0.482031 0.287422 0.476797 0.297734 0.472422 0.314609 0.466094 0.299141 0.46601599999999993 0.287188 0.467187 0.287422 0.45828100000000005 0.286719 0.451562 0.283594 0.439063 0.272656 0.421875 0.255469 0.404687 0.252344 0.403125 0.2375 0.389844
2 0.085938 0.524219 0.082812 0.524219 0.078125 0.528125 0.075 0.535156 0.071094 0.539844 0.067969 0.549219 0.059375 0.566406 0.058594 0.572656 0.060156 0.574219 0.064844 0.575 0.071875 0.560937 0.074219 0.558594 0.082812 0.534375 0.085938 0.528906
1 0.152344 0.676562 0.15 0.678125 0.135937 0.721875 0.13125 0.728906 0.124219 0.735938 0.124219 0.7375 0.126562 0.740625 0.138281 0.739844 0.166406 0.744531 0.167187 0.739844 0.161719 0.735938 0.153125 0.732812 0.141406 0.732031 0.14375 0.730469 0.14375 0.728906 0.152344 0.717187 0.157812 0.7 0.157812 0.6875 0.154688 0.676562
1 0.169531 0.810937 0.166406 0.8210940000000001 0.165625 0.840625 0.163281 0.845313 0.166406 0.86875 0.165625 0.880469 0.163828 0.8842190000000001 0.168984 0.8885159999999999 0.171719 0.892891 0.175391 0.896016 0.178672 0.898438 0.184219 0.900781 0.190625 0.9039059999999999 0.192188 0.9054689999999999 0.192188 0.907813 0.196875 0.911719 0.208594 0.916406 0.20812499999999998 0.911719 0.20546899999999998 0.907813 0.199453 0.905547 0.192969 0.9 0.189844 0.898438 0.185078 0.894922 0.182812 0.892188 0.179688 0.892188 0.173047 0.887187 0.173437 0.8773440000000001 0.180469 0.875 0.183594 0.870313 0.184375 0.847656 0.182031 0.832031 0.178125 0.81875 0.174219 0.8117189999999999
2 0.453125 0.914062 0.45 0.9132809999999999 0.439063 0.917188 0.43671899999999997 0.9242190000000001 0.432031 0.927344 0.42265600000000003 0.9375 0.414844 0.942187 0.415625 0.949219 0.41875 0.949219 0.42656299999999997 0.945312 0.439844 0.935937 0.446094 0.923438 0.450781 0.91875 0.453125 0.917969
1 0.545312 0.960938 0.535937 0.954688 0.526563 0.951562 0.521094 0.951562 0.509375 0.957812 0.480469 0.9664059999999999 0.482812 0.970313 0.478906 0.973437 0.482031 0.9820309999999999 0.48125 1 0.500781 1 0.501563 0.990625 0.49921899999999997 0.98125 0.501563 0.976562 0.526563 0.972656 0.534375 0.9679689999999999 0.545312 0.964063
2 0.422891 0.593438 0.415625 0.596094 0.395313 0.607031 0.385156 0.617969 0.38125 0.619531 0.376563 0.625 0.372656 0.626563 0.368516 0.633359 0.363281 0.638281 0.364063 0.642188 0.36875 0.647656 0.373437 0.647656 0.375 0.644531 0.375 0.639062 0.380469 0.633594 0.389922 0.625703 0.396875 0.621875 0.402969 0.616719 0.407266 0.6125 0.41226599999999997 0.608594 0.418203 0.603516 0.432891 0.590781