1 0.7608590000000001 0.399844 0.745312 0.394531 0.738281 0.396094 0.732031 0.4 0.729687 0.4 0.725781 0.396094 0.714844 0.394531 0.710156 0.396094 0.707813 0.4 0.710938 0.404687 0.722656 0.411719 0.728906 0.4125 0.73125 0.41093799999999997 0.7394529999999999 0.40679699999999996 0.753281 0.406953 0.764219 0.4125 0.7750779999999999 0.421641 0.7640629999999999 0.40703100000000003 0.7608590000000001 0.399844
2 0.539062 0.154688 0.529687 0.159375 0.524219 0.164844 0.521875 0.16875 0.521875 0.172656 0.528906 0.178906 0.535156 0.17578100000000002 0.553125 0.17421899999999998 0.567969 0.16875 0.585156 0.157812 0.570312 0.15234399999999998 0.539062 0.154688
2 0.41406200000000004 0.11796899999999999 0.407813 0.11796899999999999 0.395312 0.12265600000000002 0.392188 0.125781 0.388281 0.126562 0.386719 0.130469 0.388281 0.132031 0.399219 0.132031 0.403906 0.135156 0.407813 0.135937 0.419531 0.135937 0.43125 0.141406 0.4375 0.141406 0.440625 0.139844 0.442187 0.135937 0.439063 0.130469 0.41406200000000004 0.11796899999999999
1 0.513516 0.17671900000000001 0.49492200000000003 0.174063 0.49812500000000004 0.170313 0.49921899999999997 0.15859399999999998 0.494297 0.152188 0.490156 0.16109400000000001 0.48843800000000004 0.171641 0.474219 0.178906 0.478125 0.178906 0.490938 0.18054699999999999 0.496094 0.18125 0.50625 0.184375 0.521875 0.184375 0.524219 0.182812 0.524219 0.180469 0.513516 0.17671900000000001
2 0.260938 0.140625 0.252344 0.142187 0.2375 0.15 0.23281200000000002 0.151562 0.23281200000000002 0.15625 0.23828100000000002 0.157031 0.24843700000000002 0.15390600000000002 0.251563 0.151562 0.267969 0.150781 0.27343799999999996 0.14843800000000001 0.283594 0.147656 0.285156 0.146094 0.283594 0.142187 0.260938 0.140625
1 0.729687 0.032031 0.719531 0.025 0.710156 0.021093999999999998 0.701562 0.019531 0.7 0.017969 0.698437 0.007031 0.696094 0.0039059999999999997 0.686719 0.0039059999999999997 0.685156 0.0078119999999999995 0.685156 0.024218999999999997 0.6875 0.030469000000000003 0.698437 0.032031 0.700781 0.033594 0.700781 0.035156 0.703125 0.033594 0.707813 0.034375 0.727344 0.046094 0.732812 0.046094 0.732812 0.038280999999999996 0.729687 0.032031
1 0.839062 0.359375 0.816406 0.350781 0.8023440000000001 0.34296899999999997 0.79375 0.339844 0.791406 0.3375 0.783594 0.33593799999999996 0.780469 0.32890600000000003 0.771094 0.317969 0.763281 0.315625 0.760156 0.31328100000000003 0.755469 0.314063 0.7515620000000001 0.3125 0.749219 0.314063 0.7515620000000001 0.322656 0.75625 0.325 0.757031 0.329688 0.760156 0.334375 0.764844 0.338281 0.771875 0.339844 0.775781 0.342187 0.786719 0.341406 0.788281 0.34296899999999997 0.789062 0.35 0.790625 0.353125 0.797656 0.36015600000000003 0.8125 0.36718799999999996 0.832031 0.373437 0.853125 0.377344 0.8609370000000001 0.376563 0.8609370000000001 0.372656 0.839062 0.359375
1 0.9132809999999999 0.285156 0.9007809999999999 0.29765600000000003 0.8929690000000001 0.302344 0.8992190000000001 0.308594 0.8992190000000001 0.31875 0.9046879999999999 0.315625 0.90625 0.310937 0.9054690000000001 0.307031 0.91875 0.298438 0.9289059999999999 0.288281 0.942187 0.26484399999999997 0.946875 0.252344 0.9460940000000001 0.248438 0.9429690000000001 0.248438 0.9132809999999999 0.285156
1 0.573437 0.560156 0.567969 0.5625 0.5625 0.567969 0.5625 0.572656 0.560937 0.574219 0.55625 0.573438 0.552344 0.575781 0.553125 0.5875 0.561719 0.603906 0.571875 0.61875 0.574219 0.620313 0.578906 0.619531 0.580469 0.597656 0.578125 0.591406 0.573437 0.584375 0.565625 0.575781 0.577344 0.567969 0.584375 0.557813 0.585938 0.553125 0.585156 0.549219 0.583594 0.549219 0.573437 0.560156
1 0.215625 0.124219 0.197656 0.110156 0.19140600000000002 0.108594 0.178906 0.109375 0.170312 0.11171899999999998 0.164844 0.11484399999999999 0.1625 0.110937 0.154687 0.10703100000000002 0.146094 0.10703100000000002 0.15234399999999998 0.123438 0.164844 0.12890600000000002 0.172656 0.130469 0.196875 0.13125 0.211719 0.135156 0.215625 0.135156 0.217969 0.133594 0.217969 0.128125 0.215625 0.124219
1 0.049219 0.2 0.040625 0.19921899999999998 0.033594 0.196875 0.025781 0.188281 0.021093999999999998 0.186719 0.020312 0.197656 0.025 0.208594 0.035469 0.2125 0.027344 0.217969 0.028905999999999998 0.22109399999999998 0.039062 0.22109399999999998 0.046094 0.21640600000000002 0.050781 0.210156 0.049219 0.2
1 0.119922 0.660625 0.121875 0.65 0.121094 0.642188 0.12265600000000002 0.638281 0.121094 0.634375 0.113281 0.626563 0.113281 0.61875 0.11171899999999998 0.617188 0.10703100000000002 0.617188 0.104688 0.619531 0.10234399999999999 0.625781 0.103125 0.664062 0.104688 0.670312 0.11093800000000001 0.68125 0.11875 0.6875 0.12343699999999999 0.685937 0.126563 0.678125 0.119922 0.660625
1 0.124219 0.619531 0.121094 0.622656 0.121094 0.628125 0.122891 0.6375 0.121797 0.651953 0.1248158828125 0.67102389453125 0.143281 0.693047 0.137891 0.685234 0.13 0.670625 0.13671899999999998 0.652344 0.140859 0.648438 0.14117200000000002 0.636641 0.143203 0.626953 0.14296899999999998 0.611719 0.144453 0.596641 0.142266 0.585313 0.13281199999999999 0.599219 0.130469 0.600781 0.13 0.610781 0.124219 0.619531
1 0.016406 0.821875 0.014844 0.825 0.014844 0.8289059999999999 0.009375 0.8367190000000001 0.009375 0.840625 0.011719 0.846875 0.011719 0.8539059999999999 0.014062 0.8601559999999999 0.014844 0.875 0.017188000000000002 0.884375 0.019531 0.8875 0.023438 0.8875 0.025781 0.8851559999999999 0.028905999999999998 0.871094 0.028125 0.851562 0.025781 0.845313 0.029687 0.8382809999999999 0.034375 0.8335940000000001 0.035156 0.829688 0.034375 0.821875 0.029687 0.815625 0.021875 0.8 0.017188000000000002 0.8 0.016406 0.821875
1 0.146094 1 0.15 0.9898440000000001 0.15 0.9867190000000001 0.154687 0.982812 0.16015600000000002 0.982812 0.16015600000000002 0.980469 0.163281 0.9757809999999999 0.1625 0.9710940000000001 0.157031 0.9695309999999999 0.14453100000000002 0.979688 0.141406 0.9875 0.139844 1 0.146094 1
1 0.34375 0.731719 0.341406 0.728125 0.339063 0.725 0.34375 0.71875 0.34453100000000003 0.703906 0.339844 0.6875 0.334375 0.657813 0.329688 0.654687 0.328125 0.657031 0.325781 0.667969 0.322656 0.694531 0.322656 0.705469 0.324219 0.709375 0.324219 0.714844 0.325781 0.720313 0.332812 0.728906 0.336875 0.734063 0.34453100000000003 0.7405470000000001 0.351641 0.747656 0.34781300000000004 0.7381249999999999 0.34375 0.731719
2 0.334375 0.605469 0.329688 0.607031 0.32890600000000003 0.610156 0.322656 0.616406 0.316406 0.620313 0.309375 0.622656 0.305469 0.622656 0.302344 0.628125 0.302344 0.63125 0.310937 0.635156 0.322656 0.635938 0.330469 0.63125 0.342187 0.607812 0.34296899999999997 0.601562 0.341406 0.600781 0.334375 0.605469
1 0.585938 0.710938 0.579688 0.70625 0.572656 0.703906 0.538281 0.685937 0.533594 0.682031 0.53125 0.677344 0.527344 0.673438 0.51875 0.66875 0.514062 0.664062 0.49921899999999997 0.660156 0.496094 0.660156 0.49375 0.661719 0.498437 0.669531 0.502344 0.671875 0.5125 0.682031 0.516406 0.689063 0.515625 0.698438 0.51875 0.701562 0.539844 0.713281 0.549219 0.716406 0.557031 0.721094 0.559375 0.721094 0.570312 0.726562 0.579688 0.728906 0.599219 0.728125 0.6 0.724219 0.585938 0.710938
1 0.704688 0.823438 0.701562 0.8257809999999999 0.696094 0.8257809999999999 0.689844 0.829688 0.688281 0.8335940000000001 0.695312 0.859375 0.702344 0.871875 0.704688 0.88125 0.708594 0.8875 0.7125 0.885938 0.717187 0.873437 0.717187 0.853125 0.711719 0.839844 0.711719 0.8367190000000001 0.716406 0.8304690000000001 0.717187 0.8257809999999999 0.713281 0.8226559999999999 0.709375 0.824219 0.704688 0.823438
1 0.9375 1 0.9382809999999999 0.989062 0.9367190000000001 0.980469 0.932813 0.9679690000000001 0.928125 0.9585940000000001 0.920469 0.9523440000000001 0.933516 0.9525779999999999 0.940391 0.940234 0.927969 0.9445309999999999 0.903984 0.946328 0.909375 0.9617190000000001 0.914062 0.979688 0.914062 1 0.9375 1
1 0.878125 0.8375 0.8625 0.8375 0.853125 0.8414059999999999 0.85 0.8414059999999999 0.8648440000000001 0.84375 0.8734379999999999 0.84375 0.884375 0.846875 0.886719 0.8460940000000001 0.8882809999999999 0.84375 0.8875 0.840625 0.878125 0.8375