0 0.670312 0.729687 0.657031 0.729687 0.642969 0.735938 0.628906 0.749219 0.621094 0.741406 0.610156 0.7375 0.589062 0.7375 0.567969 0.742969 0.567969 0.746094 0.572656 0.750781 0.623437 0.75625 0.628906 0.760156 0.632812 0.766406 0.638281 0.76875 0.64375 0.76875 0.677344 0.75 0.707031 0.738281 0.717187 0.729687 0.717187 0.724219 0.709375 0.722656 0.698437 0.723438 0.670312 0.729687
0 0.669531 0.040625 0.658594 0.047656 0.65 0.05625 0.64375 0.065625 0.640625 0.07968800000000001 0.641406 0.099219 0.639062 0.101562 0.626563 0.10234399999999999 0.610156 0.11171899999999998 0.603125 0.11953100000000001 0.608594 0.121094 0.622656 0.114062 0.635156 0.110156 0.642969 0.1125 0.650781 0.121094 0.653906 0.12265600000000002 0.657813 0.121875 0.6625 0.125 0.664062 0.11796899999999999 0.6625 0.10703100000000002 0.660156 0.104688 0.660938 0.099219 0.669531 0.088281 0.686719 0.053125 0.694531 0.045312000000000005 0.696094 0.040625 0.691406 0.038280999999999996 0.678125 0.038280999999999996 0.669531 0.040625
0 0.676563 0.15625 0.671875 0.165625 0.670312 0.17968800000000001 0.671875 0.182031 0.675781 0.182031 0.683594 0.178125 0.692188 0.167188 0.694531 0.157813 0.692188 0.150781 0.7 0.139062 0.703906 0.12343699999999999 0.701562 0.120313 0.692969 0.13281199999999999 0.6875 0.147656 0.676563 0.15625
0 0.71875 0.147656 0.717187 0.145312 0.710938 0.15390600000000002 0.705469 0.167188 0.700781 0.171875 0.696875 0.170312 0.692969 0.172656 0.7 0.186719 0.7125 0.196094 0.71875 0.19375 0.717187 0.190625 0.71875 0.147656
0 0.878125 0.213281 0.864063 0.19921899999999998 0.8429690000000001 0.18984399999999998 0.83125 0.182031 0.8179690000000001 0.184375 0.817188 0.170312 0.807812 0.151563 0.7953129999999999 0.134375 0.7875 0.126563 0.778906 0.12343699999999999 0.777344 0.125 0.778125 0.132031 0.789062 0.15625 0.8101559999999999 0.186719 0.8140620000000001 0.18984399999999998 0.8140620000000001 0.192969 0.821875 0.19140600000000002 0.825 0.192969 0.8226559999999999 0.19531199999999999 0.8140620000000001 0.196094 0.8140620000000001 0.20156200000000002 0.8210940000000001 0.209375 0.847656 0.225781 0.8648440000000001 0.228125 0.8765620000000001 0.23593799999999998 0.8820309999999999 0.235156 0.8851559999999999 0.23046899999999998 0.882812 0.22031299999999998 0.878125 0.213281
0 1 0.021875 0.979687 0.024218999999999997 0.949219 0.036719 0.948438 0.041406 0.953125 0.046094 0.949219 0.053125 1 0.048437999999999995 1 0.021875
0 0.901563 0.20781200000000002 0.8882809999999999 0.22031299999999998 0.885938 0.228125 0.886719 0.23203100000000002 0.884375 0.234375 0.8773440000000001 0.235156 0.865625 0.228125 0.8445309999999999 0.226562 0.823437 0.23281200000000002 0.796875 0.24765600000000002 0.791406 0.252344 0.796094 0.257031 0.807812 0.258594 0.8539059999999999 0.246875 0.8820309999999999 0.244531 0.890625 0.23125 0.910156 0.219531 0.933594 0.202344 0.9375 0.196875 0.9351559999999999 0.194531 0.9242190000000001 0.196875 0.901563 0.20781200000000002
0 1 0.22031299999999998 0.992188 0.22343700000000002 0.9820309999999999 0.2375 0.975 0.224219 0.9710940000000001 0.22031299999999998 0.9585940000000001 0.213281 0.9554690000000001 0.208594 0.949219 0.210156 0.9476559999999999 0.213281 0.951562 0.21640600000000002 0.953125 0.22109399999999998 0.9632809999999999 0.228125 0.9695309999999999 0.235156 0.976562 0.25078100000000003 0.9757809999999999 0.260938 0.9710940000000001 0.2625 0.9632809999999999 0.258594 0.954688 0.25781200000000004 0.945312 0.260938 0.934375 0.261719 0.9273440000000001 0.26484399999999997 0.902344 0.294531 0.9 0.303125 0.9039059999999999 0.301562 0.9070309999999999 0.305469 0.9226559999999999 0.303125 0.9398440000000001 0.29609399999999997 0.9460940000000001 0.291406 0.9460940000000001 0.288281 0.949219 0.285937 0.9617190000000001 0.28125 0.973438 0.279687 0.9773440000000001 0.27343799999999996 0.976562 0.267969 0.978125 0.26640600000000003 0.982812 0.265625 0.9851559999999999 0.267969 0.984375 0.27343799999999996 0.9867190000000001 0.28046899999999997 0.992188 0.274219 0.99375 0.267969 1 0.26484399999999997 1 0.22031299999999998
0 0.732812 0.288281 0.721875 0.282813 0.721875 0.27343799999999996 0.717969 0.263281 0.703125 0.246875 0.701562 0.239844 0.697656 0.234375 0.69375 0.2375 0.692188 0.235156 0.657813 0.217969 0.627344 0.20781200000000002 0.621875 0.208594 0.622656 0.215625 0.630469 0.225781 0.654687 0.24843700000000002 0.703125 0.282813 0.709375 0.28906200000000004 0.7125 0.298438 0.721875 0.310937 0.735156 0.321875 0.738281 0.326562 0.747656 0.328125 0.752344 0.326562 0.750781 0.314063 0.746875 0.30625 0.732812 0.288281
0 0.933594 0.39843799999999996 0.9210940000000001 0.39140600000000003 0.9117190000000001 0.388281 0.8648440000000001 0.386719 0.8601559999999999 0.388281 0.85625 0.380469 0.8421879999999999 0.366406 0.8304690000000001 0.365625 0.8148440000000001 0.360938 0.8039059999999999 0.360938 0.7796879999999999 0.364844 0.778125 0.36875 0.782031 0.373437 0.796094 0.379687 0.8367190000000001 0.39375 0.8414059999999999 0.396875 0.851562 0.39843799999999996 0.853125 0.400781 0.851562 0.404687 0.8539059999999999 0.409375 0.867188 0.41875 0.884375 0.427344 0.90625 0.428125 0.939063 0.425 0.9523440000000001 0.426562 0.954688 0.421875 0.9539059999999999 0.417969 0.9476559999999999 0.410156 0.933594 0.39843799999999996
0 0.591406 0.325781 0.579688 0.335156 0.570312 0.324219 0.563281 0.321094 0.563281 0.324219 0.571875 0.3375 0.571094 0.341406 0.559375 0.339063 0.536719 0.339063 0.505469 0.347656 0.495313 0.353125 0.490625 0.357031 0.489062 0.361719 0.49375 0.364062 0.558594 0.3625 0.584375 0.352344 0.590625 0.346094 0.625 0.33125 0.635156 0.32890600000000003 0.638281 0.325781 0.628125 0.321875 0.607812 0.321875 0.591406 0.325781
0 0.5625 0.478906 0.557812 0.474219 0.542969 0.46875 0.526562 0.46796899999999997 0.514844 0.464063 0.507812 0.447656 0.510937 0.44375 0.510156 0.439844 0.50625 0.435156 0.492969 0.426562 0.467187 0.417188 0.458594 0.411719 0.453125 0.411719 0.454688 0.417969 0.475 0.435937 0.48125 0.447656 0.49375 0.463281 0.501563 0.467187 0.510937 0.46796899999999997 0.517969 0.471094 0.517969 0.491406 0.525 0.49921899999999997 0.532813 0.503906 0.563281 0.511719 0.573437 0.517969 0.579688 0.520313 0.582031 0.519531 0.582813 0.515625 0.579688 0.50625 0.5625 0.478906
0 0.463281 0.425781 0.459375 0.42109399999999997 0.45234399999999997 0.42109399999999997 0.442187 0.424219 0.435937 0.430469 0.42968799999999996 0.426562 0.42265600000000003 0.419531 0.42265600000000003 0.411719 0.414844 0.399219 0.369531 0.359375 0.366406 0.36015600000000003 0.366406 0.365625 0.38125 0.392969 0.394531 0.410156 0.410156 0.424219 0.403906 0.428906 0.400781 0.434375 0.400781 0.44375 0.435156 0.44375 0.446875 0.447656 0.466406 0.447656 0.478906 0.44375 0.475 0.432813 0.467187 0.426562 0.463281 0.425781
0 0.520313 0.517188 0.508594 0.526562 0.49921899999999997 0.51875 0.482812 0.511719 0.4375 0.508594 0.40546899999999997 0.515625 0.400781 0.51875 0.4 0.523438 0.40703100000000003 0.528125 0.414844 0.530469 0.440625 0.534375 0.46953100000000003 0.542969 0.494531 0.54375 0.5 0.542187 0.510156 0.535156 0.517969 0.542187 0.524219 0.545312 0.529687 0.545312 0.539062 0.541406 0.554688 0.528906 0.569531 0.513281 0.560937 0.510156 0.539844 0.511719 0.520313 0.517188
0 0.788281 0.440625 0.766406 0.447656 0.761719 0.450781 0.759375 0.457812 0.749219 0.446094 0.725 0.446875 0.720313 0.448438 0.71875 0.451562 0.721875 0.454688 0.755469 0.46093799999999996 0.759375 0.459375 0.760937 0.463281 0.767969 0.465625 0.8070309999999999 0.460156 0.825 0.453125 0.8296870000000001 0.449219 0.8296870000000001 0.446094 0.8273440000000001 0.44375 0.8109379999999999 0.440625 0.788281 0.440625
0 1 0.45 0.9976559999999999 0.45 0.9875 0.463281 0.9820309999999999 0.466406 0.978125 0.472656 0.978125 0.47656200000000004 0.980469 0.478906 0.9789059999999999 0.48125 0.976562 0.479688 0.9679690000000001 0.479688 0.9601559999999999 0.486719 0.9601559999999999 0.496875 0.9507809999999999 0.546094 0.9507809999999999 0.553906 0.9539059999999999 0.557031 0.959375 0.555469 0.964063 0.55 0.9773440000000001 0.525781 0.984375 0.50625 0.990625 0.498437 0.99375 0.48515600000000003 0.9867190000000001 0.478906 0.9945309999999999 0.475 0.9976559999999999 0.46796899999999997 1 0.467187 1 0.45
0 0.8523440000000001 0.600781 0.848438 0.611719 0.848438 0.646094 0.8414059999999999 0.65 0.8375 0.654687 0.8414059999999999 0.691406 0.840625 0.711719 0.847656 0.7515620000000001 0.854687 0.7515620000000001 0.8578129999999999 0.748437 0.8664059999999999 0.734375 0.8773440000000001 0.710156 0.878906 0.685937 0.8773440000000001 0.675 0.870312 0.657031 0.855469 0.641406 0.855469 0.635156 0.870312 0.625 0.878125 0.613281 0.8820309999999999 0.602344 0.8835940000000001 0.58125 0.8882809999999999 0.561719 0.885938 0.557812 0.879687 0.561719 0.8625 0.582031 0.8523440000000001 0.600781
0 1 0.610938 0.9679690000000001 0.610938 0.957031 0.614844 0.9507809999999999 0.621094 0.9476559999999999 0.621094 0.94375 0.607031 0.932813 0.601562 0.9132809999999999 0.597656 0.885938 0.601562 0.8820309999999999 0.603906 0.879687 0.608594 0.879687 0.613281 0.882812 0.615625 0.914062 0.619531 0.9195309999999999 0.621875 0.946875 0.624219 0.949219 0.628906 0.95 0.639062 0.965625 0.646875 0.982812 0.648438 1 0.644531 1 0.610938
2 0.799219 0.54375 0.794531 0.538281 0.792187 0.547656 0.792969 0.579688 0.7953129999999999 0.591406 0.799219 0.59375 0.807812 0.590625 0.8101559999999999 0.583594 0.799219 0.54375
0 0.603125 0.603125 0.603906 0.6125 0.602344 0.623437 0.59375 0.632812 0.588281 0.646094 0.5875 0.654687 0.594531 0.675781 0.603906 0.694531 0.610938 0.700781 0.619531 0.695312 0.625781 0.674219 0.625781 0.646094 0.636563 0.640703 0.624922 0.639609 0.625 0.627344 0.632031 0.623437 0.6375 0.617188 0.642969 0.603125 0.642188 0.582813 0.635156 0.564844 0.63125 0.560156 0.626563 0.5625 0.610938 0.582031 0.603125 0.603125
0 0.43125 0.594531 0.411719 0.575 0.397656 0.565625 0.371875 0.557031 0.365625 0.557812 0.364844 0.560937 0.373437 0.572656 0.396875 0.59375 0.40625 0.6 0.42109399999999997 0.604687 0.423438 0.607031 0.435156 0.60625 0.466406 0.613281 0.470313 0.611719 0.465625 0.607031 0.45390600000000003 0.600781 0.43125 0.594531
2 0.676563 0.610156 0.672656 0.602344 0.665625 0.602344 0.6625 0.599219 0.6625 0.596875 0.657813 0.597656 0.658594 0.603906 0.666406 0.610938 0.670312 0.619531 0.667187 0.6375 0.670312 0.639062 0.675781 0.633594 0.678906 0.621875 0.676563 0.610156
0 0.348437 0.558594 0.354688 0.55625 0.35625 0.552344 0.354688 0.548438 0.346094 0.542969 0.33125 0.540625 0.31328100000000003 0.532031 0.310937 0.529687 0.3125 0.521094 0.30468799999999996 0.514844 0.3 0.502344 0.294531 0.49921899999999997 0.29375 0.503906 0.296875 0.510156 0.29609399999999997 0.51875 0.29765600000000003 0.525 0.295312 0.5375 0.299219 0.546094 0.310156 0.555469 0.321875 0.560156 0.353125 0.578125 0.357031 0.577344 0.355469 0.571875 0.346875 0.560937 0.348437 0.558594
0 0.323438 0.588281 0.307031 0.566406 0.295312 0.553906 0.278906 0.553906 0.277344 0.552344 0.278125 0.533594 0.2875 0.51875 0.291406 0.503906 0.295312 0.467187 0.29609399999999997 0.433594 0.29375 0.430469 0.28906200000000004 0.42968799999999996 0.285156 0.43125 0.278906 0.43828100000000003 0.263281 0.464063 0.259375 0.474219 0.255469 0.49375 0.255469 0.508594 0.261719 0.535156 0.2625 0.546094 0.270312 0.557031 0.271094 0.564844 0.275 0.575 0.28906200000000004 0.588281 0.32031200000000004 0.603906 0.33593799999999996 0.605469 0.3375 0.603125 0.335156 0.599219 0.323438 0.588281
0 0.1875 0.542969 0.175 0.529687 0.16015600000000002 0.530469 0.15859399999999998 0.528906 0.16015600000000002 0.525781 0.159375 0.521094 0.14843800000000001 0.509375 0.149219 0.505469 0.147656 0.502344 0.142188 0.5 0.135156 0.49375 0.11710899999999999 0.479141 0.099609 0.47476599999999997 0.11835899999999999 0.488516 0.132031 0.5 0.139844 0.505781 0.142188 0.514062 0.149219 0.519531 0.153125 0.533594 0.15 0.541406 0.16953100000000002 0.567969 0.184375 0.584375 0.20781200000000002 0.601562 0.213281 0.600781 0.213281 0.59375 0.20625 0.575 0.1875 0.542969
0 0 0.484375 0.011719 0.4875 0.01875 0.491406 0.028125 0.500781 0.038280999999999996 0.507031 0.051562 0.510156 0.05625 0.517969 0.071875 0.529687 0.085938 0.534375 0.09531300000000001 0.539844 0.105469 0.542187 0.108594 0.541406 0.10781199999999999 0.535938 0.1 0.525 0.084375 0.509375 0.06640599999999999 0.497656 0.049219 0.47656200000000004 0.044531 0.475781 0.032812999999999995 0.48359399999999997 0.025781 0.482812 0.019531 0.478906 0.023438 0.474219 0.020312 0.471094 0.019531 0.458594 0.009375 0.454688 0 0.4625 0 0.484375
0 0.047656 0.735156 0.045312000000000005 0.73125 0.04375 0.714062 0.048437999999999995 0.709375 0.050781 0.701562 0.053905999999999996 0.678906 0.051562 0.647656 0.041406 0.601562 0.036719 0.59375 0.032812999999999995 0.592969 0.029687 0.595313 0.016406 0.634375 0.0125 0.661719 0.0125 0.680469 0.014062 0.690625 0.01875 0.700781 0.03125 0.716406 0.023438 0.723438 0.022656000000000003 0.728906 0.024218999999999997 0.733594 0.034375 0.744531 0.039844000000000004 0.754688 0.049219 0.7625 0.053125 0.7515620000000001 0.047656 0.748437 0.047656 0.735156
0 0.25078100000000003 0.727344 0.23281200000000002 0.714062 0.2125 0.717187 0.19921899999999998 0.723438 0.18515600000000002 0.724219 0.164844 0.721875 0.14453100000000002 0.724219 0.109375 0.732031 0.10234399999999999 0.735938 0.10390600000000001 0.738281 0.11093800000000001 0.740625 0.159375 0.742188 0.16953100000000002 0.740625 0.18984399999999998 0.729687 0.20078100000000002 0.728125 0.203125 0.73125 0.203125 0.750781 0.20625 0.757812 0.210938 0.7625 0.228125 0.767969 0.255469 0.772656 0.278906 0.771875 0.28125 0.769531 0.28046899999999997 0.764844 0.260938 0.738281 0.25078100000000003 0.727344
1 0.035937000000000004 1 0.036719 0.9976559999999999 0.045312000000000005 0.995313 0.046875 0.9914059999999999 0.05 0.990625 0.046875 0.967187 0.046875 0.9523440000000001 0.048437999999999995 0.946875 0.047656 0.9382809999999999 0.045312000000000005 0.9359379999999999 0.039844000000000004 0.942187 0.032031 0.965625 0.03125 0.9773440000000001 0.032812999999999995 0.984375 0.036719 0.990625 0.032031 0.99375 0.03125 1 0.035937000000000004 1
0 0.134375 0.879687 0.134375 0.886719 0.14843800000000001 0.901563 0.15859399999999998 0.9070309999999999 0.16406199999999999 0.9078120000000001 0.16875 0.9117190000000001 0.150781 0.915625 0.12734399999999998 0.925781 0.11953100000000001 0.933594 0.103125 0.940625 0.101562 0.9429690000000001 0.10234399999999999 0.95 0.10781199999999999 0.9523440000000001 0.145312 0.946875 0.171094 0.946875 0.182031 0.915625 0.182813 0.9039059999999999 0.180469 0.8929690000000001 0.161719 0.882812 0.146875 0.879687 0.134375 0.879687
0 0.21640600000000002 0.9148440000000001 0.208594 0.9164059999999999 0.1875 0.939063 0.1875 0.942187 0.21875 0.9742190000000001 0.2375 0.9867190000000001 0.24531299999999998 0.9867190000000001 0.24765600000000002 0.9835940000000001 0.246875 0.9773440000000001 0.24375 0.970313 0.23593799999999998 0.9601559999999999 0.234375 0.9523440000000001 0.227344 0.9398440000000001 0.227344 0.9359379999999999 0.252344 0.928125 0.264062 0.9203129999999999 0.26484399999999997 0.915625 0.2375 0.9078120000000001 0.225781 0.9078120000000001 0.21640600000000002 0.9148440000000001
2 0.253906 0.939063 0.23203100000000002 0.940625 0.23046899999999998 0.9429690000000001 0.233594 0.948438 0.239844 0.9507809999999999 0.25781200000000004 0.951562 0.277344 0.95 0.278906 0.948438 0.277344 0.945312 0.271875 0.9429690000000001 0.253906 0.939063
2 0.260938 0.8195309999999999 0.253906 0.8296870000000001 0.254687 0.832813 0.260156 0.832813 0.292188 0.8132809999999999 0.299219 0.8054690000000001 0.301562 0.799219 0.300781 0.794531 0.290625 0.7953129999999999 0.278906 0.800781 0.260938 0.8195309999999999
2 0.369531 0.848438 0.366406 0.84375 0.357812 0.8382809999999999 0.353125 0.8375 0.349219 0.8335940000000001 0.325 0.8335940000000001 0.309375 0.8289059999999999 0.302344 0.8296870000000001 0.303906 0.834375 0.309375 0.839844 0.324219 0.85 0.341406 0.8585940000000001 0.371875 0.863281 0.37578100000000003 0.8609370000000001 0.376563 0.8539059999999999 0.373437 0.8492190000000001 0.369531 0.848438
0 0.315625 0.70625 0.307813 0.714062 0.29609399999999997 0.710938 0.277344 0.710938 0.254687 0.716406 0.24375 0.715625 0.240625 0.717187 0.24765600000000002 0.720313 0.246875 0.725 0.257031 0.734375 0.2625 0.736719 0.264062 0.740625 0.26875 0.742188 0.294531 0.734375 0.31875 0.71875 0.348437 0.710938 0.350781 0.709375 0.352344 0.704688 0.338281 0.703125 0.321875 0.703906 0.315625 0.70625
0 0.447656 0.8070309999999999 0.432813 0.79375 0.432031 0.790625 0.424219 0.7828120000000001 0.425 0.778125 0.395312 0.7375 0.376563 0.721875 0.361719 0.713281 0.357031 0.713281 0.35625 0.720313 0.359375 0.73125 0.377344 0.764844 0.394531 0.782031 0.408594 0.791406 0.420312 0.7953129999999999 0.41875 0.8039059999999999 0.428125 0.815625 0.446875 0.825 0.45390600000000003 0.8257809999999999 0.45625 0.81875 0.454688 0.8101559999999999 0.447656 0.8070309999999999
0 0.480469 0.817188 0.475781 0.8101559999999999 0.475781 0.80625 0.478125 0.804688 0.490625 0.8054690000000001 0.494531 0.804688 0.496094 0.8023440000000001 0.49921899999999997 0.778125 0.492969 0.742969 0.480469 0.719531 0.46953100000000003 0.70625 0.4625 0.701562 0.446094 0.683594 0.43828100000000003 0.682812 0.43671899999999997 0.685156 0.4375 0.7 0.44375 0.713281 0.446875 0.732812 0.45 0.736719 0.451562 0.74375 0.44531200000000004 0.7671870000000001 0.446875 0.790625 0.450781 0.796875 0.458594 0.801563 0.464844 0.8023440000000001 0.466406 0.7984370000000001 0.46796899999999997 0.799219 0.467187 0.80625 0.459375 0.8109379999999999 0.457031 0.8148440000000001 0.455469 0.83125 0.46875 0.8578129999999999 0.485938 0.8765620000000001 0.491406 0.878906 0.494531 0.8757809999999999 0.492969 0.859375 0.480469 0.817188
0 0.403906 1 0.415625 0.984375 0.419531 0.988281 0.432031 0.988281 0.439844 0.9851559999999999 0.460156 0.9710940000000001 0.457031 0.9679690000000001 0.432813 0.972656 0.42968799999999996 0.9710940000000001 0.43125 0.9679690000000001 0.435937 0.967187 0.444531 0.957812 0.44531200000000004 0.951562 0.447656 0.9507809999999999 0.448438 0.9476559999999999 0.447656 0.9445309999999999 0.442969 0.940625 0.43125 0.941406 0.427344 0.945312 0.400781 0.95625 0.399219 0.957812 0.4 0.9632809999999999 0.40546899999999997 0.970313 0.39375 0.9773440000000001 0.383594 0.9875 0.377344 0.996094 0.376563 1 0.403906 1
0 0.545312 0.8734379999999999 0.5375 0.865625 0.532813 0.8648440000000001 0.529687 0.851562 0.516406 0.8375 0.5 0.8257809999999999 0.482031 0.8179690000000001 0.482031 0.825 0.494531 0.865625 0.504688 0.871094 0.526562 0.871094 0.528906 0.8695309999999999 0.530469 0.871094 0.530469 0.8734379999999999 0.526562 0.8757809999999999 0.526562 0.882812 0.530469 0.8960940000000001 0.540625 0.917969 0.544531 0.921875 0.549219 0.9226559999999999 0.550781 0.910156 0.549219 0.8875 0.545312 0.8734379999999999
0 0.644531 0.9523440000000001 0.627344 0.953125 0.622656 0.95 0.578125 0.945312 0.553125 0.9460940000000001 0.525 0.9507809999999999 0.517188 0.954688 0.517969 0.959375 0.532031 0.965625 0.564063 0.971875 0.589844 0.972656 0.602344 0.9710940000000001 0.614063 0.9679690000000001 0.621094 0.9617190000000001 0.626563 0.959375 0.649219 0.9710940000000001 0.6875 0.9710940000000001 0.686719 0.9664059999999999 0.653906 0.9539059999999999 0.644531 0.9523440000000001
2 0.539844 0.7 0.532813 0.703906 0.532031 0.717969 0.535156 0.720313 0.545312 0.720313 0.573437 0.7125 0.578906 0.708594 0.575 0.705469 0.564844 0.702344 0.539844 0.7
0 0.5125 0.658594 0.50625 0.664062 0.501563 0.663281 0.49375 0.650781 0.49218799999999996 0.652344 0.49375 0.666406 0.49218799999999996 0.667969 0.474219 0.664844 0.442187 0.665625 0.41875 0.671094 0.415625 0.673438 0.415625 0.678125 0.471094 0.684375 0.50625 0.684375 0.511719 0.677344 0.522656 0.65625 0.523438 0.646094 0.521094 0.64375 0.51875 0.646094 0.5125 0.658594
0 0.68125 0.492969 0.680469 0.504688 0.682031 0.510156 0.678906 0.516406 0.671875 0.515625 0.667969 0.517969 0.673438 0.522656 0.697656 0.523438 0.710156 0.503906 0.710156 0.497656 0.7 0.497656 0.686719 0.492969 0.68125 0.492969
0 0.824219 0.8414059999999999 0.809375 0.821875 0.791406 0.8101559999999999 0.778906 0.8101559999999999 0.777344 0.808594 0.778125 0.803125 0.7828120000000001 0.797656 0.785156 0.788281 0.785156 0.777344 0.782031 0.766406 0.761719 0.730469 0.753125 0.71875 0.745312 0.713281 0.739844 0.714844 0.732031 0.739063 0.729687 0.767969 0.739063 0.796094 0.739844 0.804688 0.742969 0.807812 0.750781 0.8109379999999999 0.771094 0.8109379999999999 0.773438 0.8140620000000001 0.773438 0.823437 0.782031 0.8375 0.83125 0.8804690000000001 0.8367190000000001 0.882812 0.8414059999999999 0.8820309999999999 0.8421879999999999 0.878125 0.834375 0.8601559999999999 0.824219 0.8414059999999999
1 0.6875 0.8195309999999999 0.686719 0.824219 0.690625 0.840625 0.690625 0.8617190000000001 0.695312 0.8617190000000001 0.702344 0.8578129999999999 0.734375 0.8335940000000001 0.742188 0.820312 0.742188 0.8101559999999999 0.7375 0.8054690000000001 0.727344 0.803125 0.710938 0.80625 0.6875 0.8195309999999999
0 0.925 1 0.928125 0.9898440000000001 0.921875 0.973438 0.9085940000000001 0.9632809999999999 0.896875 0.9585940000000001 0.896875 0.9554690000000001 0.9046879999999999 0.9460940000000001 0.90625 0.939063 0.9054690000000001 0.925781 0.8976559999999999 0.9070309999999999 0.882812 0.886719 0.8765620000000001 0.884375 0.8742190000000001 0.8882809999999999 0.8820309999999999 0.9367190000000001 0.886719 0.9507809999999999 0.886719 0.957031 0.8835940000000001 0.9601559999999999 0.8773440000000001 0.9625 0.8742190000000001 0.9664059999999999 0.878906 0.9710940000000001 0.879687 0.9742190000000001 0.878125 1 0.9070309999999999 1 0.90625 0.98125 0.8976559999999999 0.9710940000000001 0.890625 0.967187 0.89375 0.965625 0.8992190000000001 0.9679690000000001 0.917188 0.984375 0.9195309999999999 0.992188 0.9148440000000001 0.9976559999999999 0.9148440000000001 1 0.925 1
0 0.9320309999999999 0.839062 0.9125 0.839062 0.8992190000000001 0.8351559999999999 0.89375 0.839844 0.8929690000000001 0.8445309999999999 0.8882809999999999 0.847656 0.88125 0.848438 0.8734379999999999 0.84375 0.867188 0.84375 0.8617190000000001 0.8453120000000001 0.859375 0.848438 0.8609370000000001 0.859375 0.8664059999999999 0.8609370000000001 0.878125 0.8609370000000001 0.8890629999999999 0.8585940000000001 0.89375 0.853125 0.898438 0.853125 0.901563 0.855469 0.9046879999999999 0.863281 0.914062 0.8734379999999999 0.9132809999999999 0.8773440000000001 0.9195309999999999 0.8765620000000001 0.93125 0.882812 0.9601559999999999 0.8835940000000001 0.9789059999999999 0.8757809999999999 0.9835940000000001 0.8695309999999999 0.9757809999999999 0.8617190000000001 0.9398440000000001 0.8453120000000001 0.9320309999999999 0.839062
2 0.902344 0.7875 0.9046879999999999 0.801563 0.9085940000000001 0.8023440000000001 0.915625 0.799219 0.9226559999999999 0.790625 0.9289059999999999 0.76875 0.928125 0.760937 0.91875 0.766406 0.909375 0.78125 0.902344 0.7875
1 0.647656 0.83125 0.639062 0.821875 0.639062 0.81875 0.64375 0.8132809999999999 0.646875 0.804688 0.648438 0.785156 0.64375 0.774219 0.634375 0.766406 0.630469 0.76875 0.628125 0.777344 0.628125 0.8 0.625781 0.8140620000000001 0.632812 0.8257809999999999 0.633594 0.8296870000000001 0.63125 0.834375 0.635156 0.8382809999999999 0.635156 0.8429690000000001 0.6375 0.8460940000000001 0.639062 0.865625 0.642969 0.8679690000000001 0.646875 0.8585940000000001 0.649219 0.840625 0.647656 0.83125
0 0.06875 0.557031 0.069531 0.574219 0.078125 0.590625 0.09375 0.607031 0.103125 0.610938 0.10781199999999999 0.61875 0.10390600000000001 0.621875 0.091406 0.622656 0.083594 0.627344 0.07421900000000001 0.6375 0.067187 0.652344 0.061719 0.66875 0.059375 0.689063 0.060156 0.711719 0.063281 0.717969 0.067187 0.717969 0.070312 0.715625 0.08203099999999999 0.694531 0.096094 0.6625 0.09531300000000001 0.65 0.098437 0.64375 0.11171899999999998 0.629688 0.11171899999999998 0.619531 0.128125 0.616406 0.132031 0.613281 0.133594 0.609375 0.133594 0.596875 0.125781 0.575781 0.11796899999999999 0.564844 0.094531 0.540625 0.085156 0.535938 0.077344 0.535938 0.071875 0.544531 0.06875 0.557031
1 0.203125 0.8851559999999999 0.190625 0.903125 0.18359399999999998 0.910156 0.175 0.9320309999999999 0.171875 0.9476559999999999 0.178125 0.9476559999999999 0.1875 0.941406 0.22265600000000002 0.902344 0.235156 0.88125 0.23671899999999998 0.8648440000000001 0.228906 0.863281 0.225781 0.8609370000000001 0.225 0.855469 0.226562 0.8492190000000001 0.225 0.8453120000000001 0.22031299999999998 0.8523440000000001 0.219531 0.8679690000000001 0.203125 0.8851559999999999
2 0.733594 0.582813 0.725781 0.579688 0.713281 0.58125 0.705469 0.577344 0.703125 0.579688 0.714844 0.595313 0.723438 0.6 0.74375 0.603125 0.748437 0.598438 0.748437 0.59375 0.742188 0.59375 0.733594 0.582813
3 0.728906 0.373437 0.729687 0.36875 0.740625 0.35625 0.749219 0.342187 0.748437 0.334375 0.744531 0.335156 0.738281 0.332031 0.729687 0.332031 0.703125 0.3375 0.689844 0.34453100000000003 0.676563 0.35859399999999997 0.673438 0.365625 0.673438 0.38125 0.669531 0.380469 0.667969 0.371094 0.657813 0.359375 0.646875 0.353906 0.639062 0.352344 0.588281 0.35156200000000004 0.563281 0.359375 0.559375 0.364062 0.55625 0.364844 0.566406 0.375 0.578125 0.379687 0.600781 0.384375 0.611719 0.390625 0.622656 0.392188 0.63125 0.396875 0.650781 0.396875 0.658594 0.392188 0.665625 0.392188 0.667969 0.396094 0.671094 0.4125 0.679688 0.416406 0.689844 0.416406 0.701562 0.4125 0.70625 0.408594 0.707031 0.404687 0.710938 0.400781 0.709375 0.396875 0.717969 0.392969 0.752344 0.392969 0.750781 0.388281 0.734375 0.378906 0.728906 0.373437