2 0.935937 0.91875 0.9242190000000001 0.917969 0.916406 0.928125 0.914062 0.9375 0.9195309999999999 0.947656 0.9242190000000001 0.946875 0.929688 0.9242190000000001 0.932813 0.9210939999999999 0.9367189999999999 0.920312
3 0.655469 0.052344 0.639844 0.05625 0.634375 0.059375 0.622656 0.071094 0.619531 0.070312 0.617188 0.066406 0.604688 0.060937 0.599219 0.060156 0.592187 0.0625 0.589844 0.070312 0.588281 0.088281 0.597656 0.109375 0.610938 0.12265600000000002 0.613281 0.127344 0.626563 0.129688 0.627344 0.127344 0.63125 0.127344 0.632031 0.125781 0.63125 0.120313 0.628125 0.126562 0.624219 0.124219 0.625781 0.114062 0.620313 0.10390600000000001 0.625781 0.101562 0.634375 0.10234400000000002 0.655469 0.11484399999999999 0.669531 0.11484399999999999 0.676562 0.11953100000000001 0.679688 0.11875 0.679688 0.114062 0.676562 0.109375 0.675 0.10234400000000002 0.666406 0.091406 0.665625 0.086719 0.663281 0.084375 0.65625 0.084375 0.64375 0.079687 0.654687 0.060937
3 0.064062 0.174219 0.066406 0.185938 0.079687 0.20078100000000002 0.092188 0.209375 0.105469 0.215625 0.110156 0.221875 0.130469 0.23828100000000002 0.15 0.258594 0.157812 0.264062 0.163281 0.264062 0.164844 0.257812 0.1625 0.24609399999999998 0.152344 0.220312 0.146875 0.2125 0.148438 0.20078100000000002 0.139844 0.180469 0.135937 0.176563 0.12265600000000002 0.171875 0.107813 0.170313 0.075781 0.170313
2 0.940625 0.8304690000000001 0.946875 0.832812 0.9523439999999999 0.8304690000000001 0.957734 0.83125 0.9621090000000001 0.830859 0.967187 0.829688 0.96875 0.828125 0.98125 0.825 0.9907809999999999 0.8189059999999999 1 0.8175000000000001 0.9679689999999999 0.810937 0.9539060000000001 0.8117189999999999 0.945312 0.817969 0.945312 0.822656 0.942969 0.8273439999999999
1 0.138281 0.009375 0.135937 0.007812000000000001 0.127344 0.009375 0.12265600000000002 0.007812000000000001 0.11171899999999998 0.014063 0.10234400000000002 0.023438 0.1 0.032031 0.092188 0.044531 0.092188 0.071094 0.096875 0.084375 0.11171899999999998 0.110937 0.11171899999999998 0.117188 0.077344 0.09375 0.042969 0.092188 0.034375 0.092969 0.030469000000000003 0.096094 0.04375 0.10234400000000002 0.053125 0.10234400000000002 0.06875 0.105469 0.083594 0.110156 0.09375 0.115625 0.1 0.11640599999999998 0.10625 0.120313 0.11171899999999998 0.11953100000000001 0.11953100000000001 0.121875 0.121094 0.115625 0.11875 0.11171899999999998 0.11875 0.092969 0.12265600000000002 0.05625 0.133594 0.019531 0.138281 0.014063
1 0.139063 0.130469 0.133594 0.13125 0.129688 0.139063 0.127344 0.147656 0.129688 0.160156 0.127344 0.160156 0.124219 0.157031 0.11875 0.157031 0.10078099999999998 0.150781 0.08125 0.15 0.059375 0.154688 0.048438 0.160156 0.040625 0.160938 0.033594 0.170313 0.040625 0.173437 0.0625 0.175 0.072656 0.171094 0.11640599999999998 0.171875 0.139844 0.178125 0.140625 0.164062 0.139063 0.155469 0.140625 0.140625
0 0.075 0.233594 0.074219 0.2375 0.0875 0.25625 0.092188 0.259375 0.092188 0.264062 0.105469 0.275 0.12265600000000002 0.283594 0.157031 0.2875 0.157031 0.290625 0.151562 0.298438 0.152344 0.311719 0.157031 0.31875 0.164844 0.322656 0.173437 0.323437 0.18125 0.326562 0.189062 0.326562 0.1875 0.31875 0.176563 0.307031 0.170313 0.295312 0.167969 0.286719 0.160156 0.282813 0.161719 0.278906 0.159375 0.272656 0.132031 0.24531200000000003 0.10703100000000002 0.23203100000000002 0.089063 0.23125
0 0.389062 0.129688 0.382031 0.127344 0.357031 0.129688 0.342969 0.133594 0.335938 0.139063 0.326562 0.142187 0.321875 0.15 0.314063 0.155469 0.302344 0.174219 0.3 0.195312 0.294531 0.215625 0.285156 0.2125 0.270313 0.2125 0.263281 0.21640600000000002 0.259375 0.21640600000000002 0.228125 0.235937 0.220312 0.244531 0.23203100000000002 0.244531 0.261719 0.233594 0.278125 0.23046899999999998 0.282031 0.225781 0.291406 0.22343799999999997 0.298438 0.21640600000000002 0.300781 0.217969 0.307031 0.217188 0.319531 0.20546899999999998 0.329688 0.189844 0.334375 0.1875 0.353125 0.167187 0.3625 0.159375 0.365625 0.158594 0.388281 0.134375
0 0.521875 0.025 0.517969 0.021875 0.485938 0.021875 0.4625 0.026561999999999995 0.45 0.03125 0.43671899999999997 0.042969 0.425781 0.057813 0.420312 0.060156 0.423438 0.064844 0.423438 0.067969 0.41875 0.075 0.411719 0.078125 0.409375 0.084375 0.396875 0.075 0.389844 0.067969 0.389062 0.064844 0.363281 0.067187 0.351562 0.070312 0.326562 0.085156 0.302344 0.110937 0.302344 0.113281 0.305469 0.11640599999999998 0.31875 0.11796900000000002 0.342187 0.11640599999999998 0.342187 0.113281 0.339844 0.110937 0.358594 0.10703100000000002 0.365625 0.107813 0.373437 0.103125 0.389062 0.10234400000000002 0.392188 0.099219 0.403906 0.097656 0.4125 0.092969 0.419531 0.092969 0.423438 0.1 0.427344 0.101562 0.43671899999999997 0.098437 0.480469 0.05625 0.504687 0.040625 0.514062 0.038281 0.522656 0.029687
1 0.075781 0.20078100000000002 0.064844 0.197656 0.054688 0.197656 0.046094 0.202344 0.0375 0.21484399999999998 0.036719 0.232813 0.039062 0.235156 0.042188 0.235156 0.061719 0.213281 0.071875 0.20625 0.077344 0.20546899999999998
2 0.032813 0.145313 0.035937 0.151562 0.044531 0.160156 0.054688 0.157031 0.055469000000000004 0.153906 0.046094 0.145313 0.0375 0.14375
0 0.260156 0.054688 0.250781 0.05625 0.226562 0.075 0.219531 0.082031 0.2125 0.095312 0.20781299999999997 0.110937 0.20781299999999997 0.139063 0.209375 0.151562 0.211719 0.153906 0.208594 0.154688 0.201563 0.148438 0.192188 0.146875 0.178125 0.147656 0.169531 0.153125 0.165625 0.172656 0.167969 0.182031 0.166406 0.19375 0.170313 0.194531 0.190625 0.184375 0.21406200000000003 0.178906 0.21875 0.190625 0.225 0.192969 0.225781 0.20078100000000002 0.233594 0.204687 0.259375 0.195312 0.266406 0.189062 0.285938 0.177344 0.286719 0.172656 0.283594 0.165625 0.278906 0.164844 0.270313 0.16875 0.260156 0.164844 0.241406 0.163281 0.225781 0.150781 0.228125 0.139063 0.25625 0.074219 0.260937 0.060937
0 0 0.027344 0 0.039062 0.051562 0.057031 0.065625 0.064062 0.089063 0.067187 0.090625 0.065625 0.091406 0.044531 0.080469 0.038281 0.052344 0.028125 0.033594 0.024219 0.013280999999999998 0.024219
0 0.4 0.257812 0.396094 0.263281 0.395313 0.303906 0.4 0.315625 0.4125 0.330469 0.41406200000000004 0.3375 0.409375 0.342187 0.403906 0.342969 0.4 0.354687 0.407813 0.376563 0.425781 0.413281 0.430469 0.417969 0.433594 0.417969 0.4375 0.410156 0.439844 0.383594 0.43828100000000003 0.345313 0.432031 0.339844 0.424219 0.339844 0.42109399999999997 0.3375 0.419531 0.33125 0.42109399999999997 0.319531 0.41875 0.307031 0.41406200000000004 0.295312 0.410156 0.275781 0.40625 0.271094 0.40703100000000003 0.267188 0.403125 0.264062 0.403125 0.259375
0 0.379688 0.340625 0.361719 0.334375 0.349219 0.332031 0.34375 0.335938 0.339062 0.342969 0.335156 0.355469 0.334375 0.378125 0.3375 0.396875 0.341406 0.403906 0.346094 0.402344 0.353906 0.385937 0.373437 0.360938 0.379688 0.35
0 0.344531 0.220312 0.342187 0.22343799999999997 0.341406 0.23125 0.336719 0.239844 0.334375 0.250781 0.334375 0.266406 0.336719 0.28125 0.340625 0.284375 0.369531 0.290625 0.371094 0.288281 0.371094 0.273438 0.364844 0.24765600000000002 0.352344 0.224219 0.349219 0.22109399999999998
0 0.046875 0.560156 0.051562 0.56875 0.051562 0.573438 0.063281 0.585938 0.072656 0.601562 0.078125 0.60625 0.1 0.615625 0.115625 0.615625 0.150781 0.633594 0.167187 0.638281 0.173437 0.642188 0.180469 0.642969 0.182812 0.641406 0.182812 0.638281 0.170313 0.624219 0.150781 0.60625 0.142969 0.601562 0.128906 0.597656 0.123438 0.599219 0.11953100000000001 0.60625 0.11640599999999998 0.603125 0.10234400000000002 0.574219 0.085156 0.560156 0.075781 0.557031 0.065625 0.557031 0.05625 0.560937
2 0.12265600000000002 0.520312 0.11875 0.524219 0.11171899999999998 0.544531 0.110156 0.560937 0.11640599999999998 0.570312 0.127344 0.575 0.13125 0.571094 0.127344 0.557031 0.125781 0.525
2 0.25 0.8726559999999999 0.235937 0.8726559999999999 0.2125 0.878125 0.203906 0.884375 0.203125 0.8898439999999999 0.197656 0.896875 0.20078100000000002 0.8992190000000001 0.21484399999999998 0.896875 0.25 0.8773440000000001
2 0.071875 0.9664059999999999 0.075781 0.9710940000000001 0.079687 0.972656 0.092969 0.970313 0.098437 0.967187 0.096094 0.9625 0.085156 0.9601559999999999 0.075 0.9617190000000001
1 0.363281 0.648438 0.357812 0.661719 0.360156 0.678906 0.36875 0.680469 0.36875 0.686719 0.370312 0.684375 0.374219 0.684375 0.392969 0.692187 0.403906 0.69375 0.404687 0.689063 0.4 0.682813 0.384375 0.674219 0.380469 0.66875 0.373437 0.667188 0.371094 0.664844 0.370312 0.655469 0.366406 0.649219
0 0.521875 0.732812 0.517188 0.732812 0.514844 0.735156 0.510938 0.744531 0.504687 0.751563 0.498437 0.772656 0.497656 0.782813 0.49375 0.791406 0.492969 0.8039059999999999 0.48125 0.826562 0.48125 0.83125 0.4875 0.829688 0.496875 0.822656 0.500781 0.817187 0.507812 0.797656 0.520312 0.7875 0.522656 0.766406 0.525781 0.754687 0.525 0.739062
0 0.420312 0.774219 0.425781 0.785156 0.433594 0.789844 0.461719 0.814063 0.47656200000000004 0.8210940000000001 0.48359399999999997 0.821875 0.485938 0.820312 0.49375 0.803125 0.494531 0.794531 0.490625 0.788281 0.46953100000000003 0.775 0.45 0.767969 0.433594 0.767969 0.423438 0.771094
0 0.504687 0.80625 0.498437 0.821875 0.498437 0.826562 0.503125 0.8289060000000001 0.514844 0.829688 0.517188 0.8375 0.53125 0.8460940000000001 0.555469 0.8523440000000001 0.576562 0.855469 0.6 0.8570309999999999 0.603125 0.854688 0.600781 0.849219 0.576562 0.8351559999999999 0.541406 0.826562 0.521875 0.8257809999999999 0.51875 0.8210940000000001 0.522656 0.817187 0.519531 0.814063 0.515625 0.8132810000000001 0.510156 0.80625
1 0.40742200000000006 0.785937 0.408828 0.796719 0.41539099999999995 0.809766 0.4 0.8039059999999999 0.389922 0.799531 0.377422 0.793359 0.386563 0.8066410000000002 0.400781 0.81875 0.407813 0.820312 0.41093799999999997 0.824219 0.428125 0.829688 0.42968799999999996 0.8257809999999999 0.42968799999999996 0.8195309999999999 0.427344 0.8148440000000001 0.421641 0.808281 0.415625 0.796875 0.4125 0.789844
1 0.461719 0.702344 0.474219 0.7125 0.489844 0.730469 0.497656 0.734375 0.513281 0.729688 0.548438 0.726562 0.565625 0.721094 0.565625 0.716406 0.5375 0.710938 0.51875 0.710938 0.504687 0.715625 0.497656 0.726562 0.482031 0.709375 0.471094 0.704688 0.467187 0.698438 0.4625 0.696875
1 0.646094 0.757031 0.6375 0.76875 0.628906 0.784375 0.628906 0.7875 0.635938 0.8039059999999999 0.646094 0.817969 0.650781 0.81875 0.648438 0.808594 0.650781 0.757812
0 0.160938 0.46875 0.153906 0.472656 0.15 0.478125 0.148438 0.502344 0.151562 0.513281 0.151562 0.527344 0.157812 0.535937 0.1625 0.557813 0.170313 0.571094 0.170313 0.564063 0.172656 0.558594 0.182031 0.546094 0.180469 0.5375 0.182812 0.532031 0.182812 0.522656 0.176563 0.498437 0.169531 0.48359399999999997 0.167969 0.474219 0.163281 0.46875
0 0.51875 0.927344 0.521094 0.934375 0.557813 0.9539060000000001 0.563281 0.9617190000000001 0.571094 0.9679689999999999 0.584375 0.971875 0.613281 0.9710940000000001 0.613281 0.9664059999999999 0.595313 0.953125 0.588281 0.951562 0.58125 0.946875 0.571094 0.9445309999999999 0.565625 0.9375 0.565625 0.9351559999999999 0.545312 0.923438 0.5375 0.920312 0.528906 0.9195309999999999 0.522656 0.921875
2 0.372656 0.505469 0.366406 0.522656 0.365625 0.539062 0.36875 0.548438 0.375 0.551562 0.378906 0.547656 0.379688 0.540625 0.375 0.529687 0.375 0.521094 0.373437 0.51875 0.375781 0.514844 0.375781 0.50625
0 0.454688 0.441406 0.45390600000000003 0.453125 0.45781299999999997 0.475 0.4625 0.48515600000000003 0.470313 0.49375 0.46953100000000003 0.502344 0.472656 0.507812 0.49375 0.521094 0.521875 0.532031 0.521875 0.525781 0.504687 0.507812 0.492969 0.500781 0.486719 0.494531 0.475781 0.489844 0.475 0.48125 0.464844 0.46093799999999996 0.459375 0.444531
2 0.376563 0.513281 0.376563 0.519531 0.392188 0.527344 0.425781 0.533594 0.433594 0.533594 0.440625 0.529687 0.439063 0.525 0.428906 0.517969 0.40625 0.511719 0.390625 0.511719 0.385156 0.509375
0 0.307812 0.419531 0.310156 0.42265600000000003 0.319531 0.428125 0.3375 0.435156 0.361719 0.44218799999999997 0.38125 0.44531200000000004 0.3875 0.44843700000000003 0.396094 0.45625 0.399219 0.453125 0.400781 0.442969 0.403672 0.43632799999999994 0.396641 0.43296900000000005 0.388594 0.4319529999999999 0.381719 0.435391 0.383359 0.429375 0.385078 0.423594 0.381406 0.425625 0.373437 0.427344 0.364063 0.420312 0.339844 0.416406 0.317188 0.416406
1 0.642188 0.154688 0.638281 0.153906 0.632031 0.15625 0.613281 0.173437 0.600781 0.189062 0.596094 0.20703100000000002 0.596875 0.22343799999999997 0.599219 0.234375 0.605469 0.24531200000000003 0.603125 0.24765600000000002 0.596875 0.24609399999999998 0.583594 0.24765600000000002 0.575781 0.251563 0.567969 0.257812 0.560937 0.267188 0.560156 0.271875 0.573438 0.267969 0.596094 0.254688 0.6125 0.250781 0.63125 0.213281 0.632031 0.20781299999999997 0.639844 0.189844 0.642969 0.166406
0 0.614844 0.095312 0.616406 0.10703100000000002 0.621094 0.11953100000000001 0.625781 0.123438 0.632031 0.135937 0.639062 0.14375 0.648438 0.163281 0.65625 0.171094 0.672656 0.171875 0.685937 0.179688 0.692187 0.18125 0.705469 0.192188 0.727344 0.199219 0.733594 0.196094 0.735938 0.189844 0.74375 0.182031 0.74375 0.177344 0.740625 0.170313 0.733594 0.1625 0.717969 0.152344 0.696875 0.149219 0.684375 0.152344 0.674219 0.1625 0.667188 0.163281 0.665625 0.160156 0.661719 0.158594 0.6625 0.15625 0.666406 0.157031 0.667969 0.153906 0.664062 0.150781 0.664062 0.138281 0.661719 0.135937 0.659375 0.124219 0.653125 0.114062 0.636719 0.101562 0.625781 0.1
0 0.771875 0.191406 0.767188 0.189844 0.755469 0.19375 0.753906 0.191406 0.754687 0.180469 0.751563 0.178906 0.74375 0.18125 0.735938 0.191406 0.719531 0.22343799999999997 0.717187 0.23125 0.716406 0.254688 0.713281 0.257031 0.701562 0.25 0.689844 0.249219 0.675 0.255469 0.653906 0.269531 0.642188 0.279687 0.629687 0.297656 0.629687 0.307031 0.660156 0.296094 0.713281 0.267188 0.716406 0.271875 0.725781 0.271875 0.740625 0.2625 0.75625 0.24531200000000003 0.764062 0.23046899999999998 0.771875 0.20703100000000002
0 0.707812 0.088281 0.704688 0.083594 0.696875 0.079687 0.703125 0.065625 0.702344 0.061719 0.697656 0.058594 0.691406 0.059375 0.673438 0.074219 0.666406 0.074219 0.6625 0.071875 0.649219 0.075 0.645312 0.079687 0.648438 0.082812 0.657031 0.085156 0.663281 0.089063 0.673438 0.101562 0.689063 0.088281
1 0.910937 0.171875 0.9070310000000001 0.177344 0.8992190000000001 0.203125 0.89375 0.233594 0.890625 0.234375 0.885156 0.23203100000000002 0.8617190000000001 0.23125 0.857812 0.23203100000000002 0.8585939999999999 0.23671899999999998 0.8773440000000001 0.24609399999999998 0.9 0.260937 0.9070310000000001 0.267969 0.9125 0.269531 0.917188 0.264844 0.920312 0.225 0.920312 0.202344 0.916406 0.180469 0.9132809999999999 0.172656
0 0.825 0.359375 0.822656 0.365625 0.8257809999999999 0.373437 0.840625 0.392969 0.8460940000000001 0.403906 0.860938 0.419531 0.8570309999999999 0.421875 0.854688 0.428906 0.8570309999999999 0.44375 0.8664059999999999 0.46093799999999996 0.8726559999999999 0.46796899999999997 0.876563 0.467187 0.878125 0.454688 0.876563 0.428125 0.873437 0.416406 0.875 0.40546899999999997 0.8726559999999999 0.396875 0.8617190000000001 0.378906 0.847656 0.365625 0.834375 0.359375
0 0.964063 0.171094 0.958594 0.172656 0.945312 0.185938 0.9375 0.196875 0.93125 0.210156 0.921875 0.25 0.920312 0.261719 0.9210939999999999 0.278125 0.9 0.286719 0.8976559999999999 0.302344 0.8882809999999999 0.335156 0.8875 0.365625 0.889062 0.36875 0.8929690000000001 0.369531 0.9039059999999999 0.358594 0.916406 0.328906 0.925 0.301563 0.923438 0.282813 0.935937 0.279687 0.9445309999999999 0.272656 0.954688 0.269531 0.964844 0.25 0.970313 0.224219 0.9710940000000001 0.192188 0.9679689999999999 0.176563
2 0.974219 0.459375 0.9710940000000001 0.461719 0.9710940000000001 0.486719 0.98125 0.505469 0.9851560000000001 0.509375 0.9914059999999999 0.511719 0.9929690000000001 0.510156 0.9929690000000001 0.503125 0.988281 0.496094 0.9867190000000001 0.486719 0.9820309999999999 0.478906 0.9773440000000001 0.46093799999999996
0 0.9367189999999999 0.411719 0.935937 0.42109399999999997 0.9445309999999999 0.428125 0.9539060000000001 0.432031 0.970313 0.435156 0.9820309999999999 0.43281200000000003 0.984375 0.434375 0.985938 0.439063 0.99375 0.44375 1 0.444531 1 0.42656299999999997 0.9867190000000001 0.42656299999999997 0.9835939999999999 0.419531 0.9757809999999999 0.411719 0.975 0.40156200000000003 0.967187 0.408594 0.954688 0.407813
1 0.717969 0.503125 0.717187 0.50625 0.728125 0.513281 0.771875 0.535937 0.796875 0.551562 0.801562 0.551562 0.802344 0.54375 0.799219 0.534375 0.800781 0.529687 0.799219 0.516406 0.796875 0.517188 0.79375 0.525781 0.791406 0.527344 0.772656 0.513281 0.753125 0.505469 0.732812 0.501563
2 0.689844 0.503906 0.685156 0.505469 0.675 0.517188 0.669531 0.528125 0.669531 0.542969 0.673438 0.553906 0.678125 0.553125 0.678125 0.529687 0.689844 0.510156
1 0.70625 0.602344 0.704688 0.600781 0.69375 0.600781 0.684375 0.603125 0.669531 0.610938 0.664844 0.622656 0.666406 0.635156 0.661719 0.638281 0.653359 0.628359 0.635313 0.623828 0.610156 0.624609 0.630781 0.629687 0.649844 0.633281 0.658594 0.640625 0.663281 0.642969 0.672656 0.639844 0.678125 0.629687 0.705469 0.60625
0 0.801562 0.582812 0.8 0.58125 0.771094 0.580469 0.757812 0.585156 0.742188 0.596094 0.730469 0.609375 0.725781 0.619531 0.724219 0.642969 0.721094 0.648438 0.714844 0.639844 0.702344 0.633594 0.684375 0.635156 0.669531 0.639062 0.649219 0.657031 0.647656 0.6625 0.64375 0.666406 0.652344 0.671094 0.682031 0.664062 0.714844 0.667188 0.724219 0.660156 0.728906 0.66875 0.736719 0.664062 0.74375 0.654687 0.754687 0.648438 0.765625 0.628906 0.797656 0.597656 0.801562 0.590625
0 0.8757810000000001 0.646094 0.8742189999999999 0.644531 0.86875 0.645312 0.8671089999999999 0.656719 0.857812 0.666406 0.847656 0.672656 0.8429689999999999 0.673438 0.8429689999999999 0.677344 0.8304690000000001 0.689844 0.826562 0.699219 0.822656 0.69375 0.814063 0.69375 0.8125 0.692187 0.799219 0.692969 0.796094 0.697656 0.783594 0.700781 0.771094 0.7125 0.757812 0.721094 0.74375 0.738281 0.739844 0.746875 0.741406 0.752344 0.753906 0.752344 0.775 0.746094 0.814063 0.726562 0.825 0.725781 0.8257809999999999 0.732031 0.824219 0.7375 0.826562 0.739062 0.829688 0.736719 0.8367190000000001 0.721094 0.835938 0.708594 0.8460940000000001 0.703125 0.8585939999999999 0.689844 0.864844 0.680469 0.867578 0.676328 0.871094 0.669531 0.875 0.661719
2 0.720313 0.764062 0.720313 0.773438 0.725 0.775781 0.75 0.776563 0.769531 0.774219 0.774219 0.771875 0.773438 0.76875 0.769531 0.765625 0.757812 0.761719 0.728906 0.759375
0 0.790625 0.8367190000000001 0.786719 0.840625 0.78125 0.85625 0.785156 0.8882809999999999 0.789062 0.896875 0.785937 0.9070310000000001 0.785156 0.925 0.794531 0.9398440000000001 0.798438 0.94375 0.803125 0.945312 0.804688 0.94375 0.803125 0.9398440000000001 0.8039059999999999 0.933594 0.799219 0.91875 0.798438 0.9070310000000001 0.799219 0.901563 0.803125 0.896094 0.804688 0.8898439999999999 0.804688 0.8726559999999999 0.797656 0.840625 0.795312 0.8375
0 0.671875 0.878125 0.669531 0.896875 0.6875 0.932813 0.692187 0.9351559999999999 0.707812 0.9523439999999999 0.714063 0.95625 0.734531 0.963906 0.725781 0.9507809999999999 0.722656 0.95 0.715625 0.940625 0.713281 0.93125 0.703906 0.9125 0.678906 0.880469 0.674219 0.8773440000000001
0 0.773438 0.848437 0.769531 0.849219 0.767188 0.853125 0.765625 0.885156 0.758594 0.91875 0.758594 0.925 0.766406 0.9351559999999999 0.759375 0.9398440000000001 0.751563 0.9554690000000001 0.749219 0.967187 0.749219 0.978906 0.751563 0.988281 0.763281 0.976562 0.780469 0.9679689999999999 0.78125 0.958594 0.779687 0.9507809999999999 0.773438 0.939063 0.773438 0.9351559999999999 0.783594 0.925781 0.785156 0.921875 0.785937 0.8898439999999999 0.782031 0.860938 0.778125 0.8523440000000001
1 0.849219 0.895312 0.845313 0.894531 0.850703 0.904844 0.835938 0.9148440000000001 0.83125 0.932031 0.83125 0.94375 0.834375 0.9445309999999999 0.8375 0.942187 0.8414059999999999 0.933594 0.85 0.9242190000000001 0.8507809999999999 0.9195309999999999 0.859375 0.904687 0.85625 0.8992190000000001 0.8523440000000001 0.898438
0 0.9507809999999999 0.8304690000000001 0.946875 0.8367190000000001 0.9445309999999999 0.855469 0.9445309999999999 0.876563 0.949219 0.890625 0.9664059999999999 0.907813 0.970313 0.9085940000000001 0.965625 0.917969 0.9664059999999999 0.9242190000000001 0.978125 0.933594 0.9976559999999999 0.9554690000000001 1 0.9554690000000001 1 0.915625 0.989062 0.907813 0.982812 0.90625 0.970313 0.9070310000000001 0.978906 0.8898439999999999 0.9773440000000001 0.86875 0.964844 0.8429689999999999 0.957031 0.8351559999999999 0.9554690000000001 0.83125
0 0.920312 0.735156 0.915625 0.738281 0.911719 0.75625 0.911719 0.779687 0.915625 0.792969 0.925781 0.807031 0.90625 0.8195309999999999 0.9 0.826562 0.894531 0.8375 0.89375 0.842187 0.896094 0.847656 0.9039059999999999 0.85625 0.9085940000000001 0.85625 0.9195309999999999 0.8460940000000001 0.9226560000000001 0.8460940000000001 0.928125 0.842187 0.934375 0.842187 0.933594 0.834375 0.9375 0.83125 0.934375 0.822656 0.942187 0.810937 0.942187 0.80625 0.933594 0.797656 0.932813 0.779687 0.929688 0.7625
2 0.91875 0.892188 0.9148440000000001 0.8882809999999999 0.90625 0.885156 0.8835940000000001 0.885938 0.875 0.889062 0.869531 0.896875 0.8835940000000001 0.8992190000000001 0.909375 0.898438