2 0.755469 0.532813 0.752344 0.532813 0.745312 0.528906 0.742188 0.528906 0.742969 0.536719 0.746875 0.541406 0.748437 0.546875 0.755469 0.548438 0.757031 0.55 0.757031 0.552344 0.7625 0.557031 0.771094 0.560156 0.774219 0.559375 0.774219 0.55625 0.771875 0.551563 0.755469 0.532813
1 0.726562 0.028905999999999998 0.720313 0.032812999999999995 0.711719 0.032812999999999995 0.710938 0.039062 0.707813 0.044531 0.702344 0.048437999999999995 0.702344 0.057031 0.703906 0.063281 0.700781 0.072656 0.703125 0.075781 0.709375 0.07656199999999999 0.714062 0.075 0.717969 0.071875 0.721875 0.057813 0.721094 0.048437999999999995 0.727344 0.045312000000000005 0.735156 0.04375 0.739063 0.038280999999999996 0.741406 0.0375 0.742969 0.033594 0.748437 0.029687 0.748437 0.022656000000000003 0.734375 0.025 0.732031 0.028905999999999998 0.726562 0.028905999999999998
1 0.650781 0.31171899999999997 0.650781 0.302344 0.646875 0.282813 0.642188 0.283594 0.6375 0.29375 0.636719 0.317969 0.639062 0.325 0.646094 0.338281 0.650781 0.339063 0.653906 0.33125 0.653906 0.321875 0.650781 0.31171899999999997
2 0.500781 0.28125 0.5 0.275 0.495313 0.272656 0.49218799999999996 0.272656 0.485938 0.275 0.484375 0.279687 0.489844 0.291406 0.495313 0.296875 0.505469 0.301562 0.510156 0.301562 0.510156 0.29609399999999997 0.50625 0.288281 0.500781 0.28125
2 0.275 0.396875 0.271875 0.395312 0.259375 0.396094 0.249219 0.4 0.249219 0.403125 0.252344 0.40703100000000003 0.26875 0.411719 0.288281 0.411719 0.298438 0.408594 0.299219 0.403906 0.289844 0.399219 0.275 0.396875
1 0.790625 0.526562 0.788281 0.529687 0.796094 0.538281 0.80625 0.54375 0.8140620000000001 0.546094 0.8265629999999999 0.545312 0.8257809999999999 0.540625 0.820312 0.539062 0.817188 0.536719 0.8304690000000001 0.526562 0.8351559999999999 0.517188 0.83125 0.516406 0.817188 0.522656 0.790625 0.526562
1 0.684453 0.346094 0.681562 0.346094 0.678906 0.347656 0.680469 0.352344 0.68125 0.3625 0.685156 0.366406 0.689063 0.366406 0.6866410000000001 0.36 0.686484 0.356016 0.694766 0.356797 0.713281 0.349219 0.719297 0.34156200000000003 0.710781 0.345156 0.704609 0.345547 0.695078 0.34695299999999996 0.684453 0.346094
1 0.83125 0.348437 0.8226559999999999 0.345313 0.804688 0.345313 0.8101559999999999 0.353125 0.821875 0.35859399999999997 0.8382809999999999 0.359375 0.846875 0.357812 0.8453120000000001 0.353125 0.840625 0.35 0.83125 0.348437
1 0.953125 0.29609399999999997 0.9242190000000001 0.300781 0.9234370000000001 0.305469 0.928125 0.31171899999999997 0.9289059999999999 0.317187 0.933594 0.325781 0.933594 0.330469 0.9359379999999999 0.332031 0.941406 0.326562 0.9382809999999999 0.319531 0.939063 0.317187 0.9523440000000001 0.317187 0.964844 0.3125 0.96875 0.307031 0.9695309999999999 0.300781 0.9679690000000001 0.29765600000000003 0.960938 0.29609399999999997 0.953125 0.29609399999999997
2 0.8765620000000001 0.110156 0.870312 0.115625 0.8773440000000001 0.12734399999999998 0.878125 0.13671899999999998 0.88125 0.13828100000000002 0.884375 0.126563 0.88125 0.117188 0.8765620000000001 0.110156
2 0.8453120000000001 0.120313 0.840625 0.11875 0.839844 0.12343699999999999 0.849375 0.12906299999999998 0.8570309999999999 0.13125 0.8648440000000001 0.134375 0.86875 0.133594 0.8759370000000001 0.13523400000000002 0.8657809999999999 0.12781199999999998 0.8585940000000001 0.124219 0.853359 0.121797 0.8453120000000001 0.120313
2 0.146875 0.055469000000000004 0.14296899999999998 0.047656 0.139062 0.044531 0.134375 0.04375 0.130469 0.049219 0.141016 0.061250000000000006 0.144453 0.069297 0.145312 0.075 0.14937499999999998 0.081875 0.15 0.072656 0.15 0.064844 0.146875 0.055469000000000004
2 0.124922 0.288516 0.125234 0.29445299999999996 0.12265600000000002 0.3 0.12265600000000002 0.31171899999999997 0.126563 0.314844 0.132031 0.296875 0.13125 0.285937 0.12734399999999998 0.28046899999999997 0.12265600000000002 0.28203100000000003 0.124453 0.284375 0.124922 0.288516
1 0.585938 1 0.589062 0.989063 0.591406 0.972656 0.596094 0.975 0.608594 0.975 0.61875 0.967187 0.621641 0.9630470000000001 0.622031 0.95875 0.610938 0.960938 0.604687 0.964063 0.597656 0.964063 0.592187 0.965625 0.588281 0.9617190000000001 0.583594 0.960938 0.582813 0.979687 0.578906 1 0.585938 1
1 0.9085940000000001 0.675 0.9085940000000001 0.673438 0.8921870000000001 0.670312 0.885938 0.670312 0.882812 0.671875 0.882812 0.676563 0.885938 0.678125 0.8921870000000001 0.685156 0.894531 0.685937 0.9054690000000001 0.697656 0.9085940000000001 0.698437 0.910156 0.696875 0.910937 0.692969 0.9054690000000001 0.678125 0.9085940000000001 0.675
1 0.953125 0.699219 0.95 0.699219 0.942187 0.703906 0.942187 0.707031 0.9476559999999999 0.715625 0.95 0.725 0.9554690000000001 0.725781 0.957031 0.724219 0.957812 0.713281 0.959375 0.710938 0.971875 0.710938 0.973438 0.709375 0.9710940000000001 0.704688 0.9585940000000001 0.703125 0.953125 0.699219
1 0.967187 0.602344 0.953125 0.607812 0.946875 0.611719 0.939063 0.611719 0.9351559999999999 0.609375 0.929688 0.608594 0.928125 0.605469 0.925 0.607812 0.9289059999999999 0.610156 0.9289059999999999 0.611719 0.932813 0.616406 0.940625 0.621875 0.949219 0.625 0.959375 0.626563 0.965625 0.622656 0.9664059999999999 0.615625 0.9757809999999999 0.607031 0.980469 0.595313 0.976562 0.595313 0.971875 0.597656 0.967187 0.602344
1 0.954688 0.533594 0.945312 0.540625 0.948438 0.546094 0.9523440000000001 0.548438 0.9601559999999999 0.557031 0.970313 0.560156 0.971875 0.559375 0.971875 0.555469 0.9664059999999999 0.553125 0.964063 0.549219 0.971875 0.546094 0.9773440000000001 0.540625 0.9851559999999999 0.523438 0.9851559999999999 0.510156 0.982812 0.508594 0.978125 0.509375 0.954688 0.533594
2 0.7625 0.278906 0.757812 0.270312 0.753125 0.265625 0.745312 0.264062 0.741406 0.26640600000000003 0.741406 0.26875 0.744531 0.271875 0.746094 0.283594 0.749219 0.28906200000000004 0.750781 0.303906 0.753125 0.30625 0.75625 0.30625 0.759375 0.303125 0.7625 0.292969 0.7625 0.278906
1 0.8609370000000001 0.314844 0.8453120000000001 0.314063 0.84375 0.315625 0.84375 0.323438 0.8507809999999999 0.33593799999999996 0.86875 0.340625 0.8734379999999999 0.340625 0.875 0.339063 0.875 0.334375 0.8695309999999999 0.324219 0.8609370000000001 0.314844