0 0.521094 0.43125 0.519531 0.434375 0.519531 0.44531200000000004 0.529687 0.451562 0.558594 0.46093799999999996 0.567969 0.460156 0.583594 0.47835900000000003 0.576562 0.460156 0.566406 0.453125 0.564844 0.44843700000000003 0.554688 0.43828100000000003 0.553906 0.43125 0.546875 0.41875 0.5375 0.409375 0.528906 0.41093799999999997 0.525781 0.419531 0.525781 0.43125 0.521094 0.43125
2 0.758594 0.885938 0.779687 0.896875 0.779687 0.890625 0.771094 0.882812 0.755469 0.8742190000000001 0.744531 0.865625 0.738281 0.8648440000000001 0.739062 0.8695309999999999 0.746094 0.8773440000000001 0.758594 0.885938
0 0.6 0.875 0.615625 0.879687 0.627344 0.8804690000000001 0.642188 0.873437 0.644531 0.8742190000000001 0.641406 0.8835940000000001 0.627344 0.89375 0.621094 0.9007809999999999 0.625781 0.901563 0.638281 0.895312 0.642969 0.895312 0.646875 0.915625 0.65625 0.9445309999999999 0.658594 0.946875 0.660937 0.941406 0.660937 0.920312 0.655469 0.865625 0.646875 0.859375 0.635156 0.857812 0.632812 0.855469 0.592969 0.8429690000000001 0.580469 0.842187 0.573438 0.8375 0.567969 0.8375 0.578906 0.8585940000000001 0.5875 0.867188 0.6 0.875
0 0.560156 0.617969 0.592187 0.621875 0.605469 0.619531 0.617188 0.614844 0.625781 0.608594 0.63125 0.6 0.634375 0.605469 0.636719 0.630469 0.644531 0.640625 0.653125 0.646875 0.658594 0.646875 0.658594 0.63125 0.6625 0.61875 0.696094 0.611719 0.69375 0.607812 0.660937 0.602344 0.657813 0.599219 0.650781 0.583594 0.642969 0.579688 0.6375 0.582812 0.634375 0.589844 0.61875 0.586719 0.602344 0.5875 0.589844 0.591406 0.555469 0.597656 0.547656 0.600781 0.544531 0.603906 0.544531 0.607812 0.548438 0.611719 0.560156 0.617969
1 0.571875 0.553125 0.591406 0.552344 0.596094 0.55625 0.600781 0.565625 0.621094 0.575781 0.639062 0.578125 0.658594 0.578125 0.663281 0.576562 0.663281 0.571875 0.654687 0.565625 0.605469 0.539844 0.599219 0.539844 0.595313 0.542969 0.588281 0.542969 0.585938 0.540625 0.582812 0.540625 0.578125 0.544531 0.572656 0.546094 0.564844 0.546094 0.561719 0.54375 0.55 0.544531 0.553906 0.549219 0.567969 0.550781 0.571875 0.553125
0 0.463281 0.64375 0.475781 0.644531 0.486719 0.642188 0.5 0.63125 0.502344 0.625781 0.50625 0.635156 0.517188 0.642969 0.529687 0.644531 0.546094 0.640625 0.548438 0.638281 0.545312 0.634375 0.527344 0.625 0.507031 0.61875 0.503125 0.610156 0.4875 0.609375 0.475 0.613281 0.454688 0.628906 0.449219 0.636719 0.435156 0.640625 0.432031 0.642969 0.435156 0.645312 0.455469 0.645312 0.463281 0.64375
0 0.361719 0.657031 0.383594 0.646094 0.389062 0.640625 0.40625 0.638281 0.4125 0.634375 0.423438 0.619531 0.42265600000000003 0.614844 0.411719 0.614062 0.4 0.615625 0.38125 0.624219 0.375 0.625 0.359375 0.634375 0.353906 0.639844 0.340625 0.642969 0.32734399999999997 0.649219 0.321875 0.653906 0.319531 0.663281 0.325 0.666406 0.339844 0.664062 0.361719 0.657031
0 0.442969 0.775 0.446094 0.764062 0.446094 0.748437 0.45625 0.735938 0.46093799999999996 0.725781 0.467187 0.705469 0.467187 0.700781 0.461719 0.7 0.44843700000000003 0.716406 0.442969 0.716406 0.439844 0.71875 0.43281200000000003 0.728125 0.432031 0.732812 0.435156 0.744531 0.423438 0.75625 0.41718700000000003 0.775 0.417969 0.791406 0.42265600000000003 0.799219 0.428125 0.797656 0.4375 0.785937 0.442969 0.775
0 0.340625 0.714844 0.35156200000000004 0.725 0.3625 0.728125 0.376563 0.736719 0.377344 0.739844 0.37421899999999997 0.746875 0.37578100000000003 0.769531 0.38125 0.782813 0.388281 0.794531 0.392969 0.798438 0.403125 0.8039059999999999 0.408594 0.803125 0.407813 0.797656 0.396875 0.771094 0.390625 0.739844 0.383594 0.732031 0.386719 0.721094 0.38593700000000003 0.716406 0.357812 0.685156 0.346094 0.680469 0.341406 0.675781 0.333594 0.675781 0.330469 0.680469 0.329688 0.69375 0.340625 0.714844
0 0.451562 0.945312 0.458594 0.9523440000000001 0.482031 0.949219 0.490625 0.94375 0.503906 0.949219 0.514844 0.948438 0.529687 0.94375 0.549219 0.932813 0.547656 0.9289059999999999 0.542188 0.928125 0.525 0.93125 0.503125 0.93125 0.494531 0.932813 0.482812 0.925781 0.470313 0.9210940000000001 0.434375 0.9 0.416406 0.89375 0.410156 0.89375 0.40703100000000003 0.8960940000000001 0.415625 0.9164059999999999 0.433594 0.9382809999999999 0.451562 0.945312
0 0.325 0.959375 0.342187 0.9507809999999999 0.35 0.941406 0.353906 0.9429690000000001 0.35468700000000003 0.951562 0.357031 0.95625 0.364844 0.95625 0.37968799999999997 0.941406 0.382031 0.9320309999999999 0.38125 0.928125 0.37578100000000003 0.928125 0.35859399999999997 0.933594 0.353125 0.9320309999999999 0.353906 0.9273440000000001 0.34453100000000003 0.9289059999999999 0.314063 0.946875 0.310937 0.953125 0.303906 0.959375 0.307031 0.9617190000000001 0.314844 0.9617190000000001 0.325 0.959375
0 0.9476559999999999 0.529687 0.951562 0.522656 0.959375 0.521094 0.967187 0.514062 0.964844 0.50625 0.9742190000000001 0.45234399999999997 0.9742190000000001 0.446875 0.9710940000000001 0.44218799999999997 0.964063 0.44531200000000004 0.9476559999999999 0.47343799999999997 0.9398440000000001 0.494531 0.934375 0.500781 0.9304690000000001 0.514844 0.9351559999999999 0.521094 0.923438 0.533594 0.91875 0.548438 0.9195309999999999 0.557031 0.9242190000000001 0.555469 0.929688 0.547656 0.9476559999999999 0.529687
0 0.886719 0.333594 0.896875 0.334375 0.9132809999999999 0.332031 0.925781 0.32343700000000003 0.9210940000000001 0.31718799999999997 0.896875 0.305469 0.86875 0.303906 0.8414059999999999 0.30781200000000003 0.8375 0.310156 0.842187 0.314844 0.871875 0.329688 0.886719 0.333594
0 1 0.378906 0.9789059999999999 0.373437 0.976562 0.369531 0.976562 0.3625 0.975 0.36015600000000003 0.965625 0.35468700000000003 0.954688 0.35156200000000004 0.939063 0.35156200000000004 0.9039059999999999 0.35859399999999997 0.889062 0.36406299999999997 0.8773440000000001 0.371875 0.878125 0.376563 0.884375 0.380469 0.915625 0.389062 0.957812 0.389062 0.96875 0.385156 0.975 0.37968799999999997 0.978125 0.385156 0.978125 0.38984399999999997 0.9875 0.396875 1 0.39843799999999996 1 0.378906
0 0.442969 0.53125 0.446875 0.529687 0.44531200000000004 0.525 0.434375 0.513281 0.425 0.49921899999999997 0.41875 0.496094 0.4125 0.49921899999999997 0.41093799999999997 0.507031 0.416406 0.515625 0.442969 0.53125
0 0.048437999999999995 0.523438 0.06875 0.538281 0.078906 0.541406 0.096094 0.541406 0.10234399999999999 0.538281 0.104688 0.534375 0.10390600000000001 0.530469 0.086719 0.519531 0.060156 0.507031 0.028905999999999998 0.497656 0.016406 0.497656 0.026562000000000002 0.505469 0.0375 0.517969 0.048437999999999995 0.523438
0 0.092969 0 0.084375 0.010156 0.078906 0.021875 0.075 0.0375 0.075 0.050781 0.078125 0.060937 0.077344 0.064062 0.063281 0.071094 0.05625 0.076563 0.051562 0.085156 0.052344 0.096875 0.057031 0.096875 0.06640599999999999 0.092188 0.094531 0.067969 0.096094 0.064844 0.095312 0.052344 0.099219 0.033594 0.114062 0.003125 0.114062 0 0.092969 0
2 0.044531 0.10703100000000002 0.034375 0.104688 0.021093999999999998 0.10625 0.015625 0.11171899999999998 0.017188000000000002 0.114062 0.041406 0.110937 0.044531 0.10703100000000002
0 0 0.252344 0.00625 0.249219 0.010156 0.240625 0.0125 0.228906 0.015625 0.22343799999999997 0.014844 0.20703100000000002 0.027344 0.198437 0.034375 0.186719 0.040625 0.166406 0.040625 0.157812 0.039062 0.157031 0.030469000000000003 0.157812 0.023438 0.1625 0.015625 0.170313 0.005469 0.188281 0 0.185938 0 0.252344
1 0.117188 0.28046899999999997 0.11796899999999999 0.272656 0.128125 0.244531 0.13125 0.228125 0.126562 0.228906 0.12265600000000002 0.232813 0.108594 0.25625 0.105469 0.26640600000000003 0.10703100000000002 0.278906 0.094531 0.277344 0.0875 0.278125 0.0875 0.28046899999999997 0.109375 0.28593799999999997 0.11953100000000001 0.283594 0.117188 0.28046899999999997
0 0.072656 0.357812 0.08125 0.365625 0.078906 0.380469 0.079687 0.396875 0.084375 0.4125 0.0875 0.415625 0.090625 0.413281 0.096094 0.397656 0.098437 0.39531299999999997 0.11953100000000001 0.407813 0.13125 0.41093799999999997 0.133594 0.408594 0.13281199999999999 0.403125 0.125 0.3875 0.110937 0.372656 0.099219 0.364844 0.099219 0.357031 0.095312 0.345313 0.085156 0.32890600000000003 0.076563 0.32031200000000004 0.06875 0.31875 0.065625 0.324219 0.06640599999999999 0.34453100000000003 0.072656 0.357812
0 0.0375 0.366406 0.039844000000000004 0.37421899999999997 0.053125 0.382031 0.0625 0.385156 0.052344 0.392188 0.047656 0.400781 0.046094 0.410156 0.042812 0.434609 0.051562 0.414609 0.055313 0.404922 0.058672 0.421172 0.06742200000000001 0.42593800000000004 0.079687 0.428125 0.073438 0.38984399999999997 0.071875 0.3875 0.065625 0.385156 0.067187 0.38125 0.06640599999999999 0.37421899999999997 0.0625 0.360938 0.053905999999999996 0.342187 0.050781 0.329688 0.046094 0.32734399999999997 0.041406 0.328125 0.034375 0.3375 0.035156 0.36406299999999997 0.0375 0.366406
0 0.194531 0.346094 0.203125 0.3375 0.20781299999999997 0.328125 0.20781299999999997 0.32343700000000003 0.204687 0.31718799999999997 0.20781299999999997 0.314063 0.217188 0.314063 0.227344 0.298438 0.242188 0.258594 0.24531200000000003 0.242969 0.23828100000000002 0.24375 0.21875 0.261719 0.202344 0.298438 0.203125 0.308594 0.196875 0.314063 0.201563 0.322656 0.197656 0.325781 0.1875 0.32734399999999997 0.172656 0.333594 0.16796899999999998 0.3375 0.150781 0.34453100000000003 0.15 0.349219 0.154688 0.35 0.176563 0.34453100000000003 0.194531 0.346094
0 0.226562 0.139063 0.261719 0.135937 0.26640600000000003 0.13828100000000002 0.279687 0.139844 0.286719 0.14375 0.303125 0.14375 0.32734399999999997 0.135937 0.355469 0.124219 0.364844 0.11875 0.37031200000000003 0.110937 0.36875 0.10703100000000002 0.364844 0.105469 0.332031 0.10703100000000002 0.3 0.11640600000000001 0.284375 0.11875 0.278203 0.132891 0.266016 0.125859 0.26781299999999997 0.106484 0.259766 0.121484 0.23125 0.113281 0.21406200000000003 0.115625 0.176563 0.126562 0.171875 0.13125 0.180469 0.135156 0.196094 0.13828100000000002 0.226562 0.139063
0 0.378906 0.080469 0.396875 0.091406 0.410156 0.09375 0.419531 0.090625 0.423438 0.09375 0.43125 0.095312 0.464844 0.096094 0.467187 0.094531 0.467187 0.091406 0.460156 0.084375 0.444531 0.075781 0.43281200000000003 0.073438 0.425781 0.07421900000000001 0.421875 0.076563 0.419531 0.08203099999999999 0.40703100000000003 0.067187 0.390625 0.057813 0.373437 0.044531 0.3625 0.042187999999999996 0.36015600000000003 0.044531 0.36015600000000003 0.055469000000000004 0.366406 0.067187 0.378906 0.080469
1 0.520312 0 0.525781 0.010156 0.521094 0.017969 0.534375 0.017969 0.54375 0.021093999999999998 0.550781 0.021093999999999998 0.550781 0.014063 0.542969 0 0.520312 0
1 0.539062 0.225 0.539062 0.21484399999999998 0.535937 0.208594 0.539062 0.2 0.539062 0.190625 0.533594 0.182031 0.530469 0.18515600000000002 0.532031 0.197656 0.529687 0.20625 0.516406 0.220312 0.507031 0.246875 0.508594 0.253906 0.505469 0.257031 0.508594 0.264062 0.514844 0.267969 0.521094 0.267188 0.523438 0.26484399999999997 0.539062 0.225
2 0.497656 0.208594 0.501563 0.21640600000000002 0.510938 0.21640600000000002 0.516406 0.21406200000000003 0.509375 0.20703100000000002 0.50625 0.20078100000000002 0.492969 0.192969 0.484375 0.18984399999999998 0.467187 0.18984399999999998 0.4625 0.192188 0.4625 0.194531 0.46953100000000003 0.198437 0.497656 0.208594
0 0.455469 0.217188 0.482031 0.249219 0.48359399999999997 0.248438 0.48359399999999997 0.244531 0.486719 0.242188 0.492969 0.24375 0.491406 0.24765600000000002 0.49218799999999996 0.267188 0.497656 0.284375 0.501563 0.28203100000000003 0.501563 0.259375 0.497656 0.24375 0.5 0.235937 0.489844 0.22968700000000003 0.472656 0.213281 0.471094 0.208594 0.46406200000000003 0.202344 0.45781299999999997 0.20078100000000002 0.450781 0.203125 0.45 0.20546899999999998 0.45390600000000003 0.210938 0.455469 0.217188
3 1 0.697656 0.9929690000000001 0.698438 0.970313 0.714063 0.939063 0.711719 0.915625 0.717969 0.901563 0.729688 0.890625 0.735938 0.882812 0.74375 0.879687 0.751563 0.8664059999999999 0.767969 0.863281 0.775 0.8648440000000001 0.782813 0.86875 0.788281 0.8742190000000001 0.789844 0.90625 0.789062 0.923438 0.784375 0.944688 0.7644529999999999 0.953438 0.7766409999999999 0.973672 0.7887500000000001 0.949219 0.751563 0.951562 0.741406 0.960938 0.752344 0.9695309999999999 0.757812 1 0.760938 1 0.697656
0 0.408594 0.1875 0.40703100000000003 0.18984399999999998 0.42656299999999997 0.20546899999999998 0.42656299999999997 0.217188 0.43281200000000003 0.23906299999999997 0.439063 0.25 0.44375 0.25468799999999997 0.447656 0.255469 0.45 0.252344 0.450781 0.24531200000000003 0.449219 0.228906 0.441406 0.20781299999999997 0.43281200000000003 0.20078100000000002 0.433594 0.18359399999999998 0.432031 0.171094 0.423438 0.15625 0.420312 0.153125 0.414844 0.15234399999999998 0.411719 0.15390600000000002 0.408594 0.166406 0.408594 0.1875
0 0.542188 0.338281 0.557031 0.34375 0.578906 0.346094 0.6 0.342187 0.607812 0.346094 0.6125 0.33906200000000003 0.61875 0.3375 0.61875 0.341406 0.615625 0.345313 0.614844 0.353906 0.619531 0.367969 0.632812 0.382031 0.65 0.390625 0.669531 0.394531 0.7 0.394531 0.703125 0.392969 0.701562 0.386719 0.690625 0.382031 0.671094 0.36718799999999996 0.660937 0.361719 0.634375 0.340625 0.628906 0.329688 0.636719 0.32343700000000003 0.636719 0.321094 0.621875 0.328125 0.605469 0.33125 0.59375 0.32343700000000003 0.545312 0.309375 0.524219 0.307031 0.513281 0.308594 0.511719 0.310156 0.513281 0.314844 0.520312 0.32343700000000003 0.542188 0.338281
1 0.771875 0.302344 0.770312 0.298438 0.774219 0.28906200000000004 0.774219 0.28046899999999997 0.772656 0.278125 0.766406 0.277344 0.753906 0.286719 0.753125 0.290625 0.748437 0.29609399999999997 0.746094 0.307031 0.741406 0.314844 0.735938 0.33125 0.735938 0.338281 0.760156 0.314063 0.771875 0.314063 0.771875 0.302344
0 0.8226559999999999 0.15390600000000002 0.825 0.157812 0.815625 0.16406199999999999 0.8117190000000001 0.173437 0.8132809999999999 0.210156 0.815625 0.217969 0.8179690000000001 0.219531 0.820312 0.217188 0.821875 0.20781299999999997 0.8304690000000001 0.184375 0.8304690000000001 0.16796899999999998 0.832031 0.166406 0.83125 0.13281199999999999 0.8273440000000001 0.134375 0.8273440000000001 0.142187 0.8226559999999999 0.15390600000000002
0 0.709219 0 0.701641 0.011797 0.697734 0.022891 0.695156 0.034766000000000005 0.695312 0.042969 0.697656 0.045312000000000005 0.691406 0.048437999999999995 0.685937 0.048437999999999995 0.682813 0.052344 0.680469 0.060156 0.673438 0.0625 0.669531 0.075781 0.663281 0.079687 0.640547 0.09617200000000001 0.662188 0.091094 0.677344 0.0875 0.701562 0.067187 0.704688 0.0625 0.710938 0.060937 0.717187 0.05625 0.723437 0.055469000000000004 0.735938 0.049219 0.739844 0.045312000000000005 0.736719 0.041406 0.732031 0.044531 0.728906 0.044531 0.726562 0.042187999999999996 0.726562 0.034375 0.728125 0.027344 0.735938 0.015625 0.742188 0 0.709219 0
0 0.853125 0 0.8523440000000001 0.0023439999999999997 0.8445309999999999 0.0039059999999999997 0.8367190000000001 0.009375 0.8375 0.014063 0.8414059999999999 0.016406 0.865625 0.022656000000000003 0.886719 0.023438 0.894531 0.021875 0.902344 0.017188000000000002 0.9210940000000001 0.01875 0.939063 0.024218999999999997 0.945312 0.024218999999999997 0.946875 0.021875 0.939063 0.0125 0.9242190000000001 0.0023439999999999997 0.8992190000000001 0.003125 0.8882809999999999 0.0023439999999999997 0.8875 0 0.853125 0
1 0.925781 0.067187 0.932813 0.060156 0.9429690000000001 0.055469000000000004 0.94375 0.050781 0.932813 0.05 0.9117190000000001 0.05625 0.903125 0.064062 0.892188 0.064844 0.9039059999999999 0.076563 0.9085940000000001 0.075781 0.925781 0.067187
0 0.8679690000000001 0.19531199999999999 0.8875 0.197656 0.8976559999999999 0.19531199999999999 0.901563 0.19140600000000002 0.9070309999999999 0.18984399999999998 0.9085940000000001 0.209375 0.920312 0.221875 0.946875 0.233594 0.965625 0.234375 0.970313 0.232813 0.9695309999999999 0.228906 0.9398440000000001 0.203125 0.9242190000000001 0.185938 0.9195309999999999 0.18515600000000002 0.907813 0.18984399999999998 0.9039059999999999 0.182031 0.885938 0.165625 0.8757809999999999 0.163281 0.859375 0.163281 0.839844 0.165625 0.832812 0.16953100000000002 0.8335940000000001 0.17421899999999998 0.846875 0.18515600000000002 0.8679690000000001 0.19531199999999999
0 0.8054690000000001 0.161719 0.810937 0.163281 0.8148440000000001 0.157812 0.8257809999999999 0.15234399999999998 0.8304690000000001 0.154688 0.83125 0.146094 0.8382809999999999 0.130469 0.842187 0.125781 0.848437 0.128125 0.853125 0.12734399999999998 0.853125 0.12265600000000002 0.8460940000000001 0.115625 0.8335940000000001 0.115625 0.8195309999999999 0.125 0.80625 0.14296899999999998 0.792969 0.134375 0.779687 0.130469 0.767188 0.129688 0.738281 0.134375 0.734375 0.139063 0.761719 0.14843800000000001 0.796094 0.15234399999999998 0.8054690000000001 0.161719
0 0.945312 0.134375 0.945312 0.13125 0.965625 0.117188 0.98125 0.076563 0.9835940000000001 0.06640599999999999 0.9820309999999999 0.058594 0.9757809999999999 0.060156 0.9632809999999999 0.071094 0.949219 0.090625 0.940625 0.11640600000000001 0.9367190000000001 0.121875 0.9367190000000001 0.128125 0.934375 0.13281199999999999 0.9242190000000001 0.139063 0.91875 0.135937 0.91875 0.139844 0.9226559999999999 0.14843800000000001 0.948438 0.14296899999999998 0.9507809999999999 0.13828100000000002 0.945312 0.134375
0 0.889062 0.252344 0.8882809999999999 0.25625 0.892188 0.25468799999999997 0.9039059999999999 0.260156 0.907813 0.260156 0.9117190000000001 0.263281 0.90625 0.267188 0.9039059999999999 0.279687 0.910937 0.291406 0.9195309999999999 0.300781 0.9273440000000001 0.30625 0.929688 0.305469 0.9304690000000001 0.29375 0.928125 0.278906 0.9242190000000001 0.267969 0.917969 0.26093700000000003 0.9132809999999999 0.249219 0.889062 0.23125 0.8726559999999999 0.227344 0.871875 0.234375 0.8757809999999999 0.241406 0.889062 0.252344
0 0.228906 1 0.235156 0.9835940000000001 0.235937 0.964844 0.232813 0.95 0.2375 0.94375 0.23906299999999997 0.926562 0.249219 0.8851559999999999 0.248438 0.8726559999999999 0.240625 0.8679690000000001 0.234375 0.8695309999999999 0.225781 0.879687 0.21406200000000003 0.907813 0.2125 0.929688 0.21406200000000003 0.9367190000000001 0.22109399999999998 0.9460940000000001 0.22968700000000003 0.951562 0.213281 0.9625 0.203906 0.9851559999999999 0.203125 1 0.228906 1
0 0.0625 0.9625 0.064844 0.9632809999999999 0.067187 0.959375 0.075781 0.95625 0.082812 0.949219 0.090625 0.9460940000000001 0.096094 0.940625 0.110156 0.933594 0.11796899999999999 0.9273440000000001 0.134375 0.920312 0.13828100000000002 0.915625 0.130469 0.915625 0.108594 0.920312 0.09765599999999999 0.926562 0.080469 0.942187 0.06640599999999999 0.940625 0.051562 0.94375 0.05625 0.9523440000000001 0.060156 0.9554690000000001 0.0625 0.9625
0 0 0.751563 0.019531 0.750781 0.046094 0.744531 0.048437999999999995 0.747656 0.049219 0.755469 0.05625 0.761719 0.073438 0.767188 0.08203099999999999 0.767188 0.090625 0.764062 0.08984400000000001 0.759375 0.083594 0.751563 0.067969 0.739062 0.05625 0.733594 0.05 0.728125 0.028125 0.722656 0 0.725781 0 0.751563
0 0.796875 0.439844 0.825 0.458594 0.8429690000000001 0.46406200000000003 0.865625 0.465625 0.8726559999999999 0.46406200000000003 0.8804690000000001 0.458594 0.8835940000000001 0.458594 0.88125 0.471094 0.8851559999999999 0.478906 0.892188 0.486719 0.9125 0.496094 0.9132809999999999 0.48906299999999997 0.90625 0.484375 0.8851559999999999 0.459375 0.8960940000000001 0.447656 0.890625 0.435156 0.884375 0.434375 0.88125 0.43125 0.867188 0.42968799999999996 0.8523440000000001 0.43125 0.847656 0.434375 0.839844 0.434375 0.8335940000000001 0.43125 0.8070309999999999 0.424219 0.789062 0.415625 0.78125 0.415625 0.780469 0.420312 0.782031 0.424219 0.796875 0.439844
0 0.845313 0.557031 0.8570309999999999 0.558594 0.860938 0.560937 0.895312 0.56875 0.896875 0.570312 0.896875 0.584375 0.8992190000000001 0.592969 0.9117190000000001 0.609375 0.91875 0.615625 0.934375 0.624219 0.940625 0.625781 0.9429690000000001 0.624219 0.9429690000000001 0.615625 0.940625 0.610938 0.929688 0.598437 0.91875 0.574219 0.909375 0.560156 0.9085940000000001 0.555469 0.9054690000000001 0.55625 0.9007809999999999 0.561719 0.896875 0.553125 0.892188 0.55 0.865625 0.542969 0.834375 0.526563 0.8289059999999999 0.527344 0.826562 0.542188 0.8304690000000001 0.549219 0.845313 0.557031
0 0.745313 0.545312 0.746875 0.548438 0.74375 0.552344 0.742188 0.563281 0.744531 0.567187 0.75625 0.552344 0.767969 0.530469 0.779687 0.521094 0.782031 0.514844 0.8117190000000001 0.486719 0.823438 0.48515600000000003 0.8335940000000001 0.478906 0.839844 0.470313 0.839844 0.463281 0.8257809999999999 0.46093799999999996 0.809375 0.463281 0.803125 0.467187 0.801562 0.471094 0.789062 0.47656200000000004 0.783594 0.48125 0.779687 0.48125 0.779687 0.478125 0.775 0.478906 0.773438 0.482812 0.777344 0.484375 0.777344 0.486719 0.76875 0.490625 0.760156 0.49218799999999996 0.757031 0.49531200000000003 0.746094 0.497656 0.739062 0.502344 0.725 0.516406 0.682031 0.540625 0.678906 0.544531 0.678906 0.549219 0.686719 0.553125 0.713281 0.553906 0.745313 0.545312
0 0.840625 0.9914059999999999 0.8445309999999999 0.990625 0.847656 0.985938 0.8539059999999999 0.9875 0.8726559999999999 0.98125 0.8882809999999999 0.971875 0.8960940000000001 0.964063 0.902344 0.9710940000000001 0.91875 0.9773440000000001 0.932813 0.9773440000000001 0.9460940000000001 0.975 0.975 0.9632809999999999 0.975 0.9585940000000001 0.96875 0.9554690000000001 0.9664059999999999 0.951562 0.960938 0.95 0.934375 0.9507809999999999 0.907813 0.9539059999999999 0.9007809999999999 0.9523440000000001 0.898438 0.946875 0.895312 0.945312 0.8898440000000001 0.945312 0.840625 0.9625 0.8289059999999999 0.96875 0.8273440000000001 0.9710940000000001 0.832031 0.9789059999999999 0.8351559999999999 0.990625 0.840625 0.9914059999999999
0 0.709375 0.9601559999999999 0.7125 0.9585940000000001 0.715625 0.9617190000000001 0.717969 0.9617190000000001 0.719531 0.959375 0.726562 0.91875 0.726562 0.8929690000000001 0.735156 0.879687 0.734375 0.853125 0.739062 0.808594 0.736719 0.804688 0.727344 0.8125 0.717187 0.829688 0.711719 0.8539059999999999 0.7125 0.8742190000000001 0.704688 0.889062 0.703125 0.9 0.685937 0.9164059999999999 0.678125 0.934375 0.665625 0.978125 0.665625 0.982812 0.669531 0.9867190000000001 0.677344 0.985938 0.697656 0.971875 0.709375 0.9601559999999999