2 0.690625 0.047656 0.690625 0.052344 0.692188 0.053905999999999996 0.69375 0.053905999999999996 0.703906 0.041406 0.703906 0.036719 0.701562 0.034375 0.696875 0.035156 0.692969 0.040625 0.690625 0.047656
1 0.8585940000000001 0.9351559999999999 0.8585940000000001 0.9273440000000001 0.8539059999999999 0.9203129999999999 0.8507809999999999 0.917969 0.8421879999999999 0.917969 0.8375 0.9195309999999999 0.835938 0.9226559999999999 0.835938 0.926562 0.8382809999999999 0.9320309999999999 0.840625 0.934375 0.8453120000000001 0.9351559999999999 0.846875 0.9398440000000001 0.8578129999999999 0.9507809999999999 0.8648440000000001 0.95625 0.867188 0.95625 0.8679690000000001 0.954688 0.8625 0.945312 0.8585940000000001 0.9351559999999999
2 0.925 0.816406 0.9226559999999999 0.816406 0.9195309999999999 0.81875 0.917188 0.823437 0.917188 0.83125 0.9210940000000001 0.8382809999999999 0.9273440000000001 0.8445309999999999 0.9375 0.8507809999999999 0.95625 0.85 0.9554690000000001 0.8453120000000001 0.9375 0.8304690000000001 0.925 0.816406
2 0.45234399999999997 0.591406 0.450781 0.588281 0.45 0.578125 0.448438 0.574219 0.446875 0.573437 0.442187 0.578125 0.439063 0.5875 0.439063 0.592187 0.446875 0.620312 0.451562 0.630469 0.453125 0.625 0.451562 0.604687 0.45234399999999997 0.591406
1 0.26640600000000003 0.599219 0.261719 0.603906 0.23906200000000002 0.614844 0.235156 0.619531 0.24375 0.619531 0.260938 0.613281 0.264062 0.613281 0.27343799999999996 0.620312 0.284375 0.621875 0.291406 0.619531 0.291406 0.614844 0.282813 0.604687 0.271094 0.597656 0.26640600000000003 0.599219
1 0.448438 0.37421899999999997 0.448438 0.364844 0.439063 0.364062 0.421875 0.359375 0.415625 0.36015600000000003 0.415625 0.364062 0.417188 0.36718799999999996 0.423438 0.37421899999999997 0.43671899999999997 0.378906 0.446094 0.389062 0.461094 0.397266 0.454141 0.38640599999999997 0.45 0.381172 0.448438 0.37421899999999997
2 0.522656 0.522656 0.517188 0.528906 0.515625 0.528906 0.513281 0.534375 0.509375 0.552344 0.510156 0.560937 0.511719 0.5625 0.514844 0.5625 0.517969 0.55 0.527344 0.532031 0.540625 0.521094 0.548438 0.517969 0.545312 0.511719 0.534375 0.515625 0.532813 0.517969 0.522656 0.522656
2 0.68125 0.392188 0.68125 0.396094 0.677344 0.397656 0.676563 0.399219 0.677344 0.416406 0.678906 0.419531 0.682031 0.421875 0.684375 0.419531 0.685156 0.403906 0.68125 0.392188
1 0.8382809999999999 0.334375 0.8335940000000001 0.334375 0.8271879999999999 0.338203 0.8296870000000001 0.341719 0.834609 0.33999999999999997 0.837656 0.34484400000000004 0.8429690000000001 0.35 0.8507809999999999 0.35 0.8492190000000001 0.346094 0.839844 0.3375 0.8382809999999999 0.334375
1 0.710156 0.19531199999999999 0.696875 0.196875 0.692969 0.203125 0.692188 0.209375 0.692969 0.210938 0.701562 0.210156 0.703125 0.20781200000000002 0.707813 0.20625 0.717187 0.20625 0.71875 0.208594 0.710938 0.225 0.711719 0.226562 0.717187 0.226562 0.726562 0.210156 0.728125 0.19921899999999998 0.727344 0.19375 0.723438 0.18984399999999998 0.719531 0.18984399999999998 0.710156 0.19531199999999999
1 0.666406 0.133594 0.653906 0.139844 0.652344 0.14375 0.650781 0.145312 0.646875 0.146094 0.65 0.14843800000000001 0.654687 0.147656 0.658594 0.14296899999999998 0.661719 0.14375 0.669531 0.151563 0.670312 0.154687 0.682031 0.155469 0.689063 0.15234399999999998 0.689844 0.146875 0.68125 0.135156 0.670312 0.13281199999999999 0.666406 0.133594
1 0.302344 0.088281 0.3 0.090625 0.289844 0.09218699999999999 0.278125 0.098437 0.27343799999999996 0.10390600000000001 0.27343799999999996 0.11093800000000001 0.278906 0.1125 0.289844 0.11171899999999998 0.301562 0.10625 0.308594 0.099219 0.310937 0.09375 0.31171899999999997 0.085938 0.317187 0.078125 0.321094 0.07656199999999999 0.321094 0.073438 0.322656 0.071875 0.310156 0.075 0.305469 0.07968800000000001 0.302344 0.088281