1 0.689844 0.732812 0.689063 0.736719 0.690625 0.739062 0.699219 0.74375 0.703125 0.748437 0.714844 0.751563 0.720313 0.75625 0.733594 0.754687 0.735938 0.751563 0.748437 0.746094 0.75 0.748437 0.747656 0.760156 0.744531 0.763281 0.745313 0.770312 0.748437 0.775781 0.757812 0.782813 0.767188 0.786719 0.794531 0.789844 0.802344 0.788281 0.8054690000000001 0.785156 0.8039059999999999 0.777344 0.79375 0.7625 0.790625 0.752344 0.785937 0.749219 0.767969 0.742188 0.761719 0.742188 0.757031 0.739062 0.752344 0.739844 0.751563 0.742188 0.750781 0.740625 0.739062 0.741406 0.719531 0.736719 0.716406 0.734375 0.69375 0.73125
0 0.419531 0.603906 0.416406 0.601562 0.410156 0.602344 0.382031 0.616406 0.371094 0.625781 0.364063 0.6375 0.364844 0.642188 0.367969 0.64375 0.385937 0.64375 0.41093799999999997 0.63125 0.416406 0.625781 0.420312 0.617188
0 0.284375 0.2125 0.280469 0.210156 0.271875 0.2125 0.261719 0.22109399999999998 0.250781 0.2375 0.24375 0.265625 0.239844 0.265625 0.235937 0.263281 0.23125 0.267969 0.217969 0.269531 0.213281 0.273438 0.20078100000000002 0.278125 0.192188 0.283594 0.171875 0.303125 0.164844 0.313281 0.164844 0.31875 0.170313 0.31875 0.20078100000000002 0.303125 0.209375 0.303125 0.24375 0.277344 0.260156 0.276562 0.269531 0.259375 0.273438 0.23828100000000002 0.282813 0.22109399999999998
1 0.300781 0.186719 0.299219 0.188281 0.297656 0.203125 0.301563 0.213281 0.307031 0.217969 0.317969 0.21875 0.345313 0.235156 0.353906 0.235937 0.360938 0.251563 0.365625 0.253125 0.360938 0.23828100000000002 0.360938 0.23203100000000002 0.357031 0.224219 0.328125 0.196094 0.313281 0.186719
0 0.263281 0.333594 0.265625 0.339062 0.274219 0.346094 0.30625 0.350781 0.322656 0.346875 0.332813 0.353125 0.345313 0.35 0.351562 0.358594 0.385156 0.369531 0.4 0.372656 0.4125 0.372656 0.415625 0.370312 0.415625 0.367969 0.41093799999999997 0.363281 0.388281 0.349219 0.366406 0.340625 0.345313 0.341406 0.3375 0.333594 0.330469 0.329688 0.309375 0.325781 0.282813 0.325781
0 0.372656 0.21640600000000002 0.382812 0.228906 0.392969 0.233594 0.413281 0.23828100000000002 0.4375 0.239844 0.45 0.23671899999999998 0.455469 0.232813 0.471875 0.2375 0.477344 0.226562 0.482812 0.22109399999999998 0.4875 0.2125 0.482812 0.210938 0.466406 0.211719 0.45781299999999997 0.220312 0.45 0.210938 0.442969 0.211719 0.428125 0.20703100000000002 0.392188 0.203906 0.375781 0.20781299999999997 0.372656 0.210938
2 0.351562 0.161719 0.364844 0.173437 0.389844 0.185938 0.400781 0.1875 0.40546899999999997 0.185938 0.408594 0.177344 0.404687 0.171875 0.4 0.176563 0.396094 0.173437 0.377344 0.16875 0.369531 0.163281 0.357812 0.160938
2 0.505469 0.142187 0.497656 0.140625 0.48906299999999997 0.149219 0.486719 0.155469 0.486719 0.170313 0.489844 0.176563 0.49375 0.173437 0.501563 0.147656
2 0.508594 0.15 0.508594 0.154688 0.514844 0.155469 0.521094 0.160156 0.528906 0.159375 0.555469 0.167187 0.560156 0.167187 0.564063 0.169531 0.567969 0.166406 0.567187 0.160938 0.5625 0.155469 0.549219 0.15 0.542188 0.148438 0.517188 0.148438
1 0.513281 0.259375 0.513281 0.265625 0.516406 0.272656 0.53125 0.291406 0.53125 0.298438 0.528906 0.303906 0.530469 0.31875 0.542188 0.338281 0.553125 0.346094 0.554688 0.34375 0.554688 0.335156 0.546875 0.301563 0.545312 0.299219 0.539062 0.298438 0.535937 0.295312 0.534375 0.284375 0.521094 0.264844
0 0.475781 0.377344 0.471094 0.377344 0.464844 0.3875 0.455469 0.396875 0.442969 0.396875 0.43828100000000003 0.398438 0.423438 0.410156 0.414844 0.41406200000000004 0.389844 0.43828100000000003 0.380469 0.450781 0.377344 0.459375 0.382031 0.4625 0.394531 0.461719 0.400781 0.459375 0.413281 0.451562 0.42109399999999997 0.440625 0.435937 0.42968799999999996 0.439063 0.428906 0.440625 0.430469 0.439063 0.4375 0.44375 0.43828100000000003 0.454688 0.424219 0.460156 0.4125 0.4625 0.410156 0.467187 0.41093799999999997 0.471094 0.407813 0.475 0.398438
0 0.46093799999999996 0.310156 0.45 0.308594 0.449219 0.310937 0.453125 0.3125 0.454688 0.315625 0.439844 0.33125 0.425 0.357031 0.42265600000000003 0.367969 0.42265600000000003 0.378125 0.42656299999999997 0.385937 0.43125 0.384375 0.44218799999999997 0.371875 0.45234399999999997 0.364063 0.455469 0.364844 0.457031 0.375781 0.460156 0.385937 0.4625 0.388281 0.470313 0.379688 0.477344 0.323437 0.47343799999999997 0.317969
0 0.415625 0.41406200000000004 0.403906 0.4125 0.388281 0.415625 0.376563 0.42109399999999997 0.361719 0.43125 0.354687 0.439063 0.353125 0.447656 0.339062 0.44843700000000003 0.313281 0.454688 0.310937 0.45781299999999997 0.310937 0.4625 0.314844 0.463281 0.322656 0.46093799999999996 0.325781 0.463281 0.304688 0.485938 0.298438 0.496875 0.299219 0.502344 0.30625 0.508594 0.327344 0.507031 0.360938 0.464844 0.360938 0.45390600000000003 0.364063 0.450781 0.380469 0.44531200000000004 0.394531 0.435937 0.415625 0.416406
0 0.641406 0.24375 0.635938 0.242969 0.623437 0.24765600000000002 0.61875 0.24609399999999998 0.615625 0.250781 0.611719 0.251563 0.60625 0.257812 0.600781 0.260156 0.589844 0.260156 0.578125 0.263281 0.547656 0.277344 0.535937 0.285938 0.533594 0.296094 0.535937 0.298438 0.546094 0.298438 0.574219 0.2875 0.599219 0.272656 0.602344 0.267969 0.603906 0.260937 0.609375 0.2625 0.615625 0.260937 0.633594 0.249219 0.6375 0.248438
0 0.757812 0.191406 0.752344 0.188281 0.739844 0.188281 0.733594 0.185938 0.711719 0.1875 0.689844 0.19375 0.680469 0.20078100000000002 0.683594 0.204687 0.682031 0.20703100000000002 0.671094 0.2 0.6625 0.196875 0.645312 0.19375 0.629687 0.19375 0.603906 0.201563 0.592187 0.208594 0.589844 0.213281 0.6 0.217969 0.6375 0.221875 0.657813 0.221875 0.671875 0.21875 0.680469 0.21406200000000003 0.688281 0.21875 0.704688 0.21875 0.75625 0.201563 0.757812 0.199219
0 0.655469 0.136719 0.654687 0.140625 0.657031 0.144531 0.696094 0.16875 0.739844 0.1875 0.757812 0.1875 0.765625 0.194531 0.78125 0.203125 0.798438 0.21640600000000002 0.802344 0.217969 0.807031 0.217188 0.800781 0.201563 0.78125 0.178906 0.771875 0.173437 0.760156 0.177344 0.753125 0.163281 0.742188 0.153125 0.732031 0.146875 0.721094 0.142187 0.701562 0.144531 0.680469 0.144531 0.675 0.142187 0.678125 0.138281 0.674219 0.138281 0.669531 0.134375 0.657813 0.134375
0 0.688281 0.105469 0.688281 0.108594 0.696094 0.11484399999999999 0.711719 0.121875 0.724219 0.125 0.8039059999999999 0.121094 0.8125 0.11953100000000001 0.81875 0.11640599999999998 0.820312 0.113281 0.8257809999999999 0.11171899999999998 0.8460940000000001 0.11796900000000002 0.8875 0.125781 0.8929690000000001 0.125781 0.896875 0.123438 0.895312 0.11875 0.88125 0.10703100000000002 0.857812 0.095312 0.849219 0.09375 0.838281 0.094531 0.832031 0.096875 0.8257809999999999 0.103125 0.822656 0.10390600000000001 0.81875 0.092969 0.8117189999999999 0.082031 0.8039059999999999 0.075781 0.792969 0.072656 0.783594 0.074219 0.782031 0.075781 0.782813 0.078125 0.795312 0.08125 0.80625 0.092969 0.8117189999999999 0.096094 0.817969 0.107813 0.8148440000000001 0.114062 0.810937 0.110937 0.8101559999999999 0.105469 0.804688 0.097656 0.797656 0.09375 0.784375 0.092188 0.769531 0.092188 0.746875 0.095312 0.724219 0.095312 0.701562 0.101562 0.692187 0.10234400000000002
0 0.553906 0.052344 0.557813 0.060156 0.580469 0.075781 0.61875 0.089063 0.626563 0.089844 0.630469 0.088281 0.634375 0.092188 0.645312 0.09375 0.648438 0.096094 0.649219 0.1 0.657813 0.104688 0.677344 0.104688 0.685937 0.096875 0.685937 0.09375 0.682813 0.090625 0.670312 0.091406 0.665625 0.085156 0.660937 0.082812 0.646875 0.082812 0.6375 0.080469 0.628125 0.071875 0.577344 0.052344 0.55625 0.05
0 0.519531 0 0.51875 0.00625 0.521875 0.010156 0.535937 0.017969 0.542188 0.019531 0.553125 0.026561999999999995 0.559375 0.028125 0.563281 0.036719 0.571094 0.042969 0.5875 0.046875 0.613281 0.045312 0.6125 0.041406 0.599219 0.03125 0.575 0.019531 0.567187 0.017969 0.567187 0.013280999999999998 0.564063 0.009375 0.550781 0.002344 0.55 0
0 0.911719 0.01875 0.907813 0.022656 0.898438 0.040625 0.8976559999999999 0.052344 0.900781 0.073438 0.904687 0.080469 0.9148440000000001 0.091406 0.9282030000000001 0.098984 0.924531 0.115391 0.938125 0.130156 0.934609 0.11164100000000002 0.942969 0.102969 0.941406 0.090625 0.9375 0.063281 0.9195309999999999 0.025 0.915625 0.020313
0 0.9 0.157031 0.8976559999999999 0.1625 0.901563 0.170313 0.941406 0.217188 0.958594 0.228125 0.9679689999999999 0.228125 0.970313 0.23046899999999998 0.9710940000000001 0.249219 0.973437 0.257031 0.978125 0.260156 0.988281 0.260937 0.9929690000000001 0.264062 1 0.265625 1 0.21640600000000002 0.989062 0.21640600000000002 0.9851560000000001 0.217969 0.9820309999999999 0.221875 0.974219 0.22343799999999997 0.972656 0.22109399999999998 0.971875 0.209375 0.957031 0.1875 0.9382810000000001 0.174219 0.9210939999999999 0.164844 0.9132809999999999 0.1625 0.904687 0.157031
1 0.8101559999999999 0.3125 0.8101559999999999 0.35 0.821875 0.375 0.814063 0.384375 0.8101559999999999 0.398438 0.809375 0.433594 0.8148440000000001 0.465625 0.821875 0.482031 0.826562 0.482031 0.8304690000000001 0.475 0.8351559999999999 0.447656 0.835938 0.42109399999999997 0.83125 0.378125 0.828125 0.372656 0.8289060000000001 0.355469 0.826562 0.342187 0.8148440000000001 0.3125
1 0.728125 0.370312 0.727344 0.376563 0.729688 0.385156 0.741406 0.4125 0.75 0.42265600000000003 0.761719 0.428125 0.760156 0.435937 0.764844 0.4375 0.767188 0.43281200000000003 0.773438 0.427344 0.774219 0.42265600000000003 0.739844 0.378906 0.732812 0.371875
0 0.757031 0.298438 0.748437 0.295312 0.745313 0.296094 0.738281 0.302344 0.703906 0.320312 0.697656 0.327344 0.695312 0.335938 0.684375 0.339062 0.675781 0.344531 0.6375 0.376563 0.635156 0.38125 0.638281 0.383594 0.654687 0.38125 0.686719 0.366406 0.702344 0.354687 0.709375 0.345313 0.714844 0.342969 0.720313 0.332031 0.728906 0.327344 0.740625 0.326562 0.752344 0.307812 0.753906 0.301563
0 0.857812 0.450781 0.8585939999999999 0.454688 0.863281 0.459375 0.886719 0.470313 0.900781 0.474219 0.904687 0.474219 0.910156 0.470313 0.909375 0.491406 0.9148440000000001 0.505469 0.95625 0.517969 0.963281 0.517969 0.9554690000000001 0.5 0.9460940000000001 0.485938 0.9289059999999999 0.46953100000000003 0.917188 0.466406 0.914062 0.458594 0.909375 0.454688 0.895312 0.450781 0.8773440000000001 0.45 0.873437 0.44843700000000003 0.8617190000000001 0.44843700000000003
0 0.782813 0.255469 0.79375 0.286719 0.797656 0.290625 0.802344 0.302344 0.809375 0.311719 0.8101559999999999 0.321094 0.8148440000000001 0.320312 0.817969 0.322656 0.81875 0.327344 0.817187 0.330469 0.8257809999999999 0.333594 0.8367190000000001 0.344531 0.849219 0.352344 0.854688 0.353125 0.859375 0.357031 0.847656 0.367188 0.839844 0.377344 0.8351559999999999 0.39375 0.835938 0.425 0.840625 0.447656 0.8414059999999999 0.460156 0.8507809999999999 0.460156 0.857812 0.45625 0.85625 0.451562 0.8617190000000001 0.444531 0.864062 0.43281200000000003 0.871875 0.414844 0.870313 0.403906 0.871875 0.392188 0.8679690000000001 0.376563 0.8625 0.369531 0.864062 0.363281 0.863281 0.357812 0.8664059999999999 0.348438 0.864844 0.346094 0.867188 0.340625 0.867188 0.328125 0.864844 0.317969 0.860938 0.308594 0.8445310000000001 0.2875 0.826562 0.270313 0.822656 0.26875 0.8195309999999999 0.263281 0.795312 0.254688
2 0.975 0.2625 0.96875 0.257812 0.9617190000000001 0.257812 0.953125 0.261719 0.9398440000000001 0.275 0.93125 0.2875 0.9304690000000001 0.292187 0.930078 0.303125 0.9284380000000001 0.311172 0.937187 0.302813 0.945312 0.29375 0.9503129999999999 0.288516 0.954688 0.284375 0.959375 0.279687 0.9625 0.278906 0.970313 0.271094 0.975 0.273438 0.976562 0.269531
2 0.911719 0.357031 0.911719 0.360156 0.914062 0.361719 0.9460940000000001 0.365625 0.951562 0.364844 0.954688 0.366406 0.958594 0.365625 0.957812 0.358594 0.953125 0.353906 0.945312 0.350781 0.923438 0.352344
0 1 0.553906 1 0.538281 0.989844 0.536719 0.990625 0.535156 1 0.535156 1 0.498437 0.985938 0.500781 0.9773440000000001 0.504687 0.9757809999999999 0.509375 0.976562 0.522656 0.975 0.524219 0.9710940000000001 0.524219 0.964844 0.519531 0.920312 0.50625 0.903125 0.505469 0.900781 0.508594 0.917969 0.527344 0.933594 0.5375 0.946875 0.54375 0.967187 0.54375 0.970313 0.541406 0.9710940000000001 0.532813 0.9820309999999999 0.53125 0.984375 0.533594 0.978906 0.536719 0.979688 0.54375 0.989844 0.553125
0 0.838281 0.548438 0.845313 0.557813 0.860938 0.569531 0.873437 0.574219 0.892188 0.578125 0.920312 0.579688 0.929688 0.577344 0.945312 0.576562 0.953125 0.574219 0.9625 0.567187 0.975 0.580469 0.9851560000000001 0.580469 0.9867190000000001 0.577344 0.989844 0.592187 0.9976559999999999 0.601562 1 0.601562 1 0.575781 0.995313 0.571875 0.9914059999999999 0.571094 0.989062 0.567969 0.9867190000000001 0.567969 0.9679689999999999 0.546094 0.964063 0.544531 0.951562 0.546875 0.942969 0.542188 0.910156 0.54375 0.873437 0.542969 0.842187 0.545312
0 0.8570309999999999 0.567187 0.855469 0.575 0.859375 0.584375 0.864062 0.589063 0.864844 0.59375 0.8835940000000001 0.610156 0.915625 0.61875 0.9210939999999999 0.621875 0.9195309999999999 0.624219 0.9125 0.626563 0.917188 0.630469 0.9195309999999999 0.636719 0.9210939999999999 0.655469 0.928125 0.670312 0.941406 0.690625 0.946875 0.696094 0.951562 0.696094 0.9523439999999999 0.692187 0.946875 0.670312 0.948438 0.65625 0.9398440000000001 0.638281 0.9398440000000001 0.629687 0.9375 0.628906 0.9382810000000001 0.626563 0.927344 0.623437 0.925 0.619531 0.927344 0.609375 0.925781 0.594531 0.921875 0.582031 0.917969 0.579688 0.895312 0.578906 0.8757810000000001 0.575
2 0.9867190000000001 0.698438 0.975 0.700781 0.967187 0.708594 0.9601559999999999 0.722656 0.95 0.736719 0.947656 0.745313 0.951562 0.746094 0.9773440000000001 0.725 0.9851560000000001 0.711719 0.9875 0.701562
1 0.9375 0.775 0.9351559999999999 0.773438 0.920312 0.774219 0.917969 0.771094 0.91875 0.763281 0.916406 0.760938 0.901563 0.764062 0.879687 0.776563 0.848437 0.802344 0.834375 0.820312 0.832812 0.8273439999999999 0.839063 0.828125 0.859375 0.821875 0.873437 0.8148440000000001 0.8835940000000001 0.8054690000000001 0.898438 0.795312 0.9125 0.780469 0.925781 0.78125 0.93125 0.779687
1 0.692187 0.677344 0.701562 0.685156 0.716406 0.692969 0.745313 0.692969 0.750781 0.682813 0.748437 0.679688 0.721094 0.678125 0.717187 0.675 0.708594 0.676562 0.692969 0.674219
3 0 0.279687 0 0.322656 0.0375 0.323437 0.046094 0.327344 0.044531 0.339062 0.039062 0.345313 0.027344 0.367969 0.028905999999999998 0.371094 0.045312 0.361719 0.05625 0.348438 0.064844 0.342969 0.075781 0.342969 0.085938 0.346094 0.097656 0.346094 0.110937 0.342969 0.147656 0.323437 0.150781 0.319531 0.148438 0.313281 0.135156 0.308594 0.1 0.3125 0.092969 0.310156 0.085938 0.310156 0.069531 0.304688 0.055469000000000004 0.305469 0.049219 0.307812 0.046094 0.303125 0.029687 0.289844 0.014063 0.282813
0 0.739062 0.796875 0.734375 0.798438 0.734375 0.803125 0.728125 0.816406 0.726562 0.825 0.695312 0.851562 0.68125 0.8726559999999999 0.679688 0.88125 0.690625 0.88125 0.703125 0.878125 0.729688 0.857812 0.744531 0.822656 0.742188 0.815625 0.740625 0.798438
0 0.675 0.571094 0.670312 0.571875 0.655469 0.586719 0.641406 0.609375 0.634375 0.625 0.633594 0.644531 0.636719 0.647656 0.638281 0.653906 0.640625 0.654687 0.640625 0.671875 0.638281 0.677344 0.636719 0.692969 0.638281 0.727344 0.642188 0.725 0.645312 0.717969 0.649219 0.695312 0.649219 0.671875 0.646094 0.657813 0.642969 0.653906 0.657813 0.650781 0.663281 0.64375 0.666406 0.635938 0.676562 0.576562
0 0.646094 0.728125 0.640625 0.732812 0.650781 0.755469 0.658594 0.764062 0.665625 0.767188 0.673438 0.779687 0.678906 0.783594 0.667188 0.8054690000000001 0.663281 0.835938 0.655469 0.859375 0.649219 0.86875 0.646875 0.8757810000000001 0.644531 0.892188 0.645312 0.900781 0.649219 0.9039059999999999 0.653906 0.9039059999999999 0.658594 0.901563 0.678906 0.879687 0.685156 0.8664059999999999 0.695312 0.8507809999999999 0.705469 0.816406 0.70625 0.7875 0.701562 0.778125 0.699219 0.766406 0.689063 0.753906 0.66875 0.738281
0 0.636719 0.614844 0.630469 0.613281 0.611719 0.617188 0.589844 0.629687 0.5875 0.6375 0.583594 0.6375 0.580469 0.639844 0.571875 0.638281 0.560156 0.641406 0.552344 0.645312 0.528125 0.664844 0.528125 0.669531 0.535156 0.674219 0.535156 0.677344 0.525 0.682813 0.521094 0.691406 0.517969 0.707812 0.517969 0.720313 0.520312 0.725 0.526563 0.725 0.532813 0.721875 0.550781 0.70625 0.574219 0.674219 0.588281 0.642969 0.596875 0.649219 0.611719 0.648438 0.621094 0.64375 0.628906 0.642969 0.63125 0.640625 0.632812 0.627344 0.635938 0.621094
0 0.622656 0.870313 0.61875 0.8820309999999999 0.616406 0.9 0.617969 0.917969 0.613281 0.941406 0.614062 0.989062 0.616406 1 0.640625 1 0.64375 0.982812 0.642188 0.946875 0.644531 0.923438 0.642969 0.915625 0.638281 0.915625 0.640625 0.9054689999999999 0.639062 0.8882809999999999 0.63125 0.876563
0 0.726562 0.915625 0.726562 0.9210939999999999 0.733594 0.932813 0.745313 0.9445309999999999 0.759375 0.9507809999999999 0.770312 0.953125 0.780469 0.953125 0.788281 0.948438 0.79375 0.963281 0.799219 0.967187 0.8125 0.9679689999999999 0.8195309999999999 0.978906 0.839844 1 0.867188 1 0.8664059999999999 0.995313 0.849219 0.975 0.84375 0.963281 0.839063 0.958594 0.839063 0.954688 0.835938 0.9539060000000001 0.822656 0.9398440000000001 0.81875 0.941406 0.817187 0.9398440000000001 0.820312 0.9367189999999999 0.817187 0.93125 0.8101559999999999 0.93125 0.809375 0.933594 0.8054690000000001 0.934375 0.803125 0.942187 0.8039059999999999 0.947656 0.799219 0.9507809999999999 0.796875 0.948438 0.797656 0.942969 0.795312 0.9375 0.789844 0.9375 0.775781 0.932031 0.767969 0.93125 0.732812 0.915625
0 0.8929690000000001 0.8617190000000001 0.885938 0.863281 0.871094 0.880469 0.8601560000000001 0.8882809999999999 0.8601560000000001 0.901563 0.8664059999999999 0.916406 0.873437 0.925781 0.884375 0.935937 0.896094 0.933594 0.900781 0.9304690000000001 0.904687 0.923438 0.9070310000000001 0.9125 0.9054689999999999 0.9054689999999999 0.8929690000000001 0.898438 0.880469 0.885156 0.898438 0.869531
2 0.832031 0.721094 0.829688 0.740625 0.8304690000000001 0.760156 0.832031 0.765625 0.838281 0.769531 0.8414059999999999 0.766406 0.8414059999999999 0.739844 0.8351559999999999 0.721094
0 0.8117189999999999 0.540625 0.80625 0.545312 0.804688 0.55 0.798438 0.557813 0.794531 0.567969 0.794531 0.580469 0.8 0.584375 0.790625 0.589063 0.771094 0.605469 0.764844 0.6125 0.763281 0.617188 0.749219 0.63125 0.748437 0.636719 0.75 0.639062 0.757031 0.638281 0.771094 0.632031 0.792969 0.615625 0.8054690000000001 0.602344 0.807813 0.596875 0.807813 0.590625 0.8039059999999999 0.586719 0.8039059999999999 0.58125 0.807031 0.572656 0.808594 0.558594 0.810937 0.554688
2 0.633594 0.520312 0.632031 0.521875 0.632031 0.526563 0.638281 0.536719 0.64375 0.541406 0.657031 0.5625 0.669531 0.571875 0.676562 0.571094 0.678906 0.564844 0.678125 0.559375 0.670312 0.546094 0.663281 0.539062 0.652344 0.532031 0.646875 0.525781 0.642969 0.525 0.636719 0.520312
0 0.7875 0.4875 0.784375 0.4875 0.780469 0.48359399999999997 0.775 0.4875 0.764844 0.505469 0.765625 0.511719 0.769531 0.517969 0.76875 0.519531 0.760938 0.521094 0.755469 0.524219 0.733594 0.548438 0.726562 0.564844 0.725781 0.577344 0.728125 0.579688 0.732812 0.578906 0.740625 0.573438 0.770312 0.542969 0.773438 0.534375 0.774219 0.524219 0.785156 0.517969 0.789844 0.510156 0.789062 0.502344 0.792188 0.492969
1 0.389062 0.96875 0.384375 0.9695310000000001 0.378906 0.9835939999999999 0.370312 0.994531 0.364844 0.9976559999999999 0.364844 1 0.39375 1 0.39375 0.9851560000000001
0 0.502344 0.798438 0.49921899999999997 0.79375 0.471875 0.795312 0.440625 0.800781 0.42656299999999997 0.8101559999999999 0.42265600000000003 0.815625 0.42265600000000003 0.821875 0.41406200000000004 0.8289060000000001 0.390625 0.839844 0.378125 0.849219 0.375 0.853906 0.385156 0.854688 0.408594 0.848437 0.42656299999999997 0.839063 0.435156 0.8367190000000001 0.442969 0.83125 0.451562 0.8351559999999999 0.453125 0.833594 0.45 0.8257809999999999 0.455469 0.816406 0.459375 0.817187 0.459375 0.820312 0.4625 0.825 0.467187 0.8257809999999999 0.471875 0.821875 0.48125 0.81875 0.5 0.807813 0.503125 0.803125
2 0.47968700000000003 0.742969 0.477344 0.741406 0.461719 0.741406 0.458594 0.74375 0.442969 0.747656 0.435937 0.751563 0.433594 0.75625 0.44375 0.757031 0.46953100000000003 0.750781 0.478906 0.745313
3 0.477344 0.342187 0.47656200000000004 0.346875 0.482031 0.373437 0.488281 0.3875 0.49531200000000003 0.396094 0.49375 0.4 0.47968700000000003 0.413281 0.474219 0.423438 0.474219 0.428906 0.478125 0.432031 0.49531200000000003 0.432031 0.517188 0.423438 0.525 0.42265600000000003 0.53125 0.432031 0.535156 0.433594 0.533594 0.41875 0.536719 0.414844 0.552344 0.411719 0.557031 0.4125 0.578906 0.40703100000000003 0.592187 0.4 0.596094 0.403125 0.599219 0.4 0.604688 0.399219 0.614062 0.392969 0.598437 0.392188 0.594531 0.39375 0.55625 0.396094 0.553906 0.394531 0.553906 0.388281 0.534375 0.385937 0.526563 0.372656 0.509375 0.357031 0.48906299999999997 0.347656 0.48359399999999997 0.342187
0 0.123438 0.22109399999999998 0.11796900000000002 0.22109399999999998 0.11484399999999999 0.225 0.1125 0.22343799999999997 0.101562 0.22265600000000002 0.095625 0.210312 0.092109 0.191328 0.0875 0.217188 0.095312 0.225 0.095312 0.227344 0.078125 0.235156 0.064062 0.251563 0.05625 0.278906 0.05625 0.299219 0.058594 0.303906 0.066406 0.305469 0.076563 0.303125 0.094531 0.267188 0.105469 0.251563 0.115625 0.242188 0.123438 0.22968700000000003
2 0.071875 0.039062 0.071875 0.041406 0.078125 0.046875 0.092969 0.044531 0.097656 0.041406 0.096875 0.038281 0.085156 0.035156 0.075781 0.035156
0 0.201563 0.085938 0.196875 0.086719 0.190625 0.11796900000000002 0.190625 0.138281 0.194531 0.157812 0.189062 0.158594 0.18125 0.171094 0.173437 0.20546899999999998 0.173437 0.217969 0.177344 0.226562 0.18125 0.22968700000000003 0.189844 0.219531 0.2 0.196875 0.203906 0.184375 0.203906 0.171094 0.201563 0.163281 0.199219 0.161719 0.20703100000000002 0.155469 0.211719 0.140625 0.211719 0.121875 0.209375 0.105469
0 0.069531 0.349219 0.066406 0.352344 0.065625 0.358594 0.071094 0.36875 0.085156 0.382812 0.115625 0.403906 0.107813 0.4125 0.10234400000000002 0.430469 0.10234400000000002 0.44218799999999997 0.104688 0.45234399999999997 0.110937 0.4625 0.115625 0.4625 0.11796900000000002 0.459375 0.121875 0.420312 0.124219 0.411719 0.126562 0.408594 0.139063 0.409375 0.142187 0.4125 0.147656 0.4125 0.148438 0.407813 0.140625 0.4 0.138281 0.395313 0.129688 0.389844 0.120313 0.375781 0.101562 0.359375 0.083594 0.350781
0 0.057031 0.555469 0.05625 0.564063 0.060156 0.578125 0.071875 0.591406 0.079687 0.592187 0.082812 0.6 0.089844 0.60625 0.108594 0.614062 0.142187 0.614844 0.138281 0.620313 0.134375 0.620313 0.11875 0.626563 0.117188 0.63125 0.130469 0.63125 0.15625 0.623437 0.161719 0.61875 0.163281 0.6125 0.167969 0.608594 0.167187 0.605469 0.160156 0.599219 0.14375 0.588281 0.133594 0.578125 0.110937 0.560937 0.092188 0.553125 0.060937 0.552344
0 0.278906 0.379688 0.275 0.378906 0.264844 0.391406 0.260937 0.403906 0.25625 0.407813 0.24609399999999998 0.434375 0.244531 0.459375 0.251563 0.47656200000000004 0.253906 0.492969 0.25 0.496094 0.24375 0.496094 0.23125 0.501563 0.220312 0.514844 0.217969 0.514844 0.21640600000000002 0.517188 0.2125 0.517188 0.208594 0.526563 0.208594 0.541406 0.21484399999999998 0.554688 0.21640600000000002 0.567969 0.21875 0.569531 0.225 0.567969 0.228906 0.55 0.240625 0.5375 0.25625 0.50625 0.257812 0.496875 0.264844 0.491406 0.273438 0.491406 0.275781 0.489844 0.278125 0.478906 0.276562 0.459375 0.280469 0.420312 0.280469 0.388281
0 0.142187 0.735938 0.134375 0.755469 0.132031 0.76875 0.132031 0.7875 0.138281 0.790625 0.141406 0.795312 0.141406 0.8148440000000001 0.144531 0.817969 0.146094 0.824219 0.15875 0.836562 0.154688 0.8210940000000001 0.151562 0.817187 0.150781 0.802344 0.148438 0.795312 0.150781 0.782031 0.150781 0.771875 0.148438 0.766406 0.150781 0.747656 0.146875 0.738281
0 0.213281 0.741406 0.204687 0.741406 0.182031 0.752344 0.170313 0.765625 0.167187 0.773438 0.167187 0.779687 0.160938 0.786719 0.160156 0.796875 0.155469 0.8125 0.155469 0.8195309999999999 0.157812 0.825 0.1625 0.821875 0.167187 0.8148440000000001 0.172656 0.796875 0.176563 0.794531 0.189844 0.79375 0.201563 0.78125 0.21406200000000003 0.749219 0.21484399999999998 0.742969
2 0.044531 0.8726559999999999 0.040625 0.90625 0.044531 0.93125 0.049219 0.9375 0.052344 0.932031 0.052344 0.9226560000000001 0.054688 0.917188 0.05625 0.9 0.054688 0.8929690000000001
1 0.314844 0.817187 0.313281 0.821875 0.302344 0.8304690000000001 0.296875 0.828125 0.28125 0.826562 0.266406 0.817969 0.253828 0.8096879999999999 0.273438 0.839844 0.278906 0.8429689999999999 0.297656 0.8445310000000001 0.297656 0.849219 0.294531 0.8570309999999999 0.289062 0.864844 0.290625 0.867188 0.299219 0.8601560000000001 0.309375 0.8429689999999999 0.310937 0.8367190000000001 0.316406 0.8273439999999999
0 0.357812 0.575781 0.353125 0.575781 0.329688 0.592187 0.321875 0.600781 0.317969 0.610156 0.31875 0.61875 0.334375 0.634375 0.317188 0.642969 0.300781 0.659375 0.278906 0.690625 0.270313 0.70625 0.25625 0.739844 0.254688 0.746875 0.255469 0.761719 0.263281 0.761719 0.29375 0.733594 0.325 0.690625 0.329688 0.680469 0.334375 0.675 0.34375 0.654687 0.345313 0.639062 0.353906 0.6375 0.357031 0.635156 0.360156 0.628125 0.3625 0.611719 0.360938 0.583594
0 0.338281 0.733594 0.340625 0.735938 0.346875 0.7375 0.365625 0.735938 0.396094 0.724219 0.435937 0.704688 0.451562 0.690625 0.454688 0.694531 0.458594 0.696094 0.5 0.690625 0.51875 0.686719 0.532031 0.679688 0.534375 0.673438 0.529687 0.669531 0.516406 0.665625 0.475781 0.661719 0.458594 0.661719 0.454688 0.663281 0.450781 0.669531 0.444531 0.666406 0.43125 0.667969 0.41093799999999997 0.657813 0.376563 0.646875 0.373437 0.648438 0.373437 0.650781 0.382812 0.659375 0.403125 0.672656 0.40546899999999997 0.677344 0.395313 0.684375 0.378906 0.691406 0.353906 0.707812 0.3375 0.728125
2 0.314063 0.583594 0.289062 0.582031 0.276562 0.585938 0.265625 0.591406 0.253125 0.600781 0.24765600000000002 0.608594 0.25 0.610156 0.257812 0.609375 0.282813 0.6 0.295312 0.597656 0.313281 0.588281
2 0.307031 0.622656 0.3 0.61875 0.292969 0.61875 0.275 0.625781 0.24609399999999998 0.642188 0.246875 0.646875 0.25625 0.650781 0.267188 0.649219 0.282813 0.64375 0.300781 0.634375 0.30625 0.627344
2 0.2125 0.560156 0.204687 0.557813 0.195312 0.560937 0.18125 0.569531 0.171094 0.58125 0.163281 0.599219 0.164062 0.601562 0.166406 0.603125 0.175 0.596094 0.180469 0.588281 0.196875 0.571875 0.20625 0.566406 0.213281 0.564844