0 0.588281 0.564844 0.590625 0.571094 0.590625 0.604688 0.596875 0.604688 0.603906 0.600781 0.607031 0.600781 0.621875 0.615625 0.635156 0.623437 0.642969 0.623437 0.641406 0.619531 0.626563 0.607031 0.617969 0.592969 0.607031 0.582031 0.605469 0.574219 0.611719 0.567187 0.6125 0.550781 0.609375 0.545312 0.609375 0.532813 0.607812 0.530469 0.604688 0.532031 0.596094 0.530469 0.591406 0.525 0.588281 0.552344 0.588281 0.564844
0 0.20546899999999998 0.970313 0.217969 0.9679690000000001 0.233594 0.960938 0.261719 0.939063 0.267969 0.9304690000000001 0.28593799999999997 0.9226559999999999 0.294531 0.9125 0.307031 0.923438 0.310156 0.923438 0.31328100000000003 0.926562 0.324219 0.9273440000000001 0.326562 0.9289059999999999 0.33125 0.9289059999999999 0.364844 0.915625 0.372656 0.9148440000000001 0.378125 0.9164059999999999 0.384375 0.9132809999999999 0.396875 0.9132809999999999 0.40703100000000003 0.902344 0.409375 0.896875 0.41093799999999997 0.884375 0.40546899999999997 0.8820309999999999 0.399219 0.882812 0.388281 0.8882809999999999 0.377344 0.8898440000000001 0.372656 0.89375 0.359375 0.896875 0.339844 0.89375 0.303906 0.89375 0.294531 0.8960940000000001 0.28593799999999997 0.8882809999999999 0.28125 0.875 0.275 0.8742190000000001 0.27343799999999996 0.882812 0.271094 0.8851559999999999 0.263281 0.885938 0.249219 0.8976559999999999 0.240625 0.909375 0.233594 0.914062 0.225 0.925781 0.213281 0.9375 0.20546899999999998 0.9507809999999999 0.19531199999999999 0.9617190000000001 0.19375 0.9710940000000001 0.201563 0.972656 0.20546899999999998 0.970313
0 0.275781 0.809375 0.289844 0.804688 0.300781 0.79375 0.314063 0.8148440000000001 0.321875 0.8226559999999999 0.334219 0.8298439999999999 0.325 0.8125 0.317969 0.8023440000000001 0.314844 0.8 0.31171899999999997 0.795312 0.310937 0.7875 0.3125 0.784375 0.31171899999999997 0.778906 0.31328100000000003 0.777344 0.31875 0.789062 0.32734399999999997 0.797656 0.340625 0.8039059999999999 0.35625 0.808594 0.37421899999999997 0.808594 0.399219 0.803125 0.403906 0.799219 0.403906 0.794531 0.396875 0.789062 0.365625 0.776563 0.35468700000000003 0.76875 0.325781 0.753125 0.31718799999999997 0.753125 0.314063 0.755469 0.305469 0.751563 0.30156299999999997 0.760156 0.298438 0.7625 0.296875 0.770312 0.28593799999999997 0.780469 0.28046899999999997 0.788281 0.260156 0.797656 0.246875 0.8023440000000001 0.246875 0.804688 0.253125 0.809375 0.275781 0.809375
1 0.32343700000000003 0.648438 0.317969 0.660937 0.31718799999999997 0.670312 0.30781200000000003 0.679688 0.310156 0.714844 0.314844 0.721094 0.316406 0.730469 0.321875 0.74375 0.326562 0.74375 0.328125 0.734375 0.328125 0.707031 0.325781 0.692187 0.322656 0.685937 0.322656 0.677344 0.325 0.671094 0.330469 0.667969 0.333594 0.657031 0.336719 0.654687 0.333594 0.646875 0.330469 0.64375 0.326562 0.644531 0.32343700000000003 0.648438
1 0.3 0.539062 0.291406 0.567187 0.292969 0.583594 0.30625 0.591406 0.310937 0.584375 0.31328100000000003 0.572656 0.314063 0.540625 0.310937 0.536719 0.303125 0.536719 0.3 0.539062
1 0.28906200000000004 0.6125 0.292969 0.63125 0.29765600000000003 0.642969 0.29765600000000003 0.651563 0.299219 0.653125 0.303125 0.630469 0.303125 0.601562 0.29375 0.598437 0.28906200000000004 0.603125 0.28906200000000004 0.6125
1 0.34453100000000003 0.5125 0.34843799999999997 0.542969 0.35156200000000004 0.55625 0.353906 0.558594 0.357031 0.553906 0.357031 0.535937 0.359375 0.521875 0.357031 0.501563 0.365625 0.507031 0.371094 0.507031 0.372656 0.505469 0.365625 0.49921899999999997 0.360938 0.49921899999999997 0.353125 0.488281 0.345313 0.482812 0.34375 0.485938 0.34453100000000003 0.5125
1 0.30781200000000003 0.449219 0.308594 0.466406 0.307031 0.470313 0.308594 0.48125 0.322656 0.502344 0.336719 0.517969 0.342187 0.517969 0.335156 0.489844 0.324219 0.46875 0.315625 0.458594 0.317969 0.450781 0.31171899999999997 0.442969 0.31171899999999997 0.435156 0.310156 0.435156 0.310156 0.442969 0.30781200000000003 0.449219
1 0.300781 0.31171899999999997 0.2875 0.333594 0.277344 0.34453100000000003 0.26484399999999997 0.36406299999999997 0.278125 0.385156 0.282813 0.389062 0.286719 0.40156200000000003 0.290625 0.40703100000000003 0.29218700000000003 0.4 0.2875 0.388281 0.2875 0.383594 0.284375 0.377344 0.279687 0.373437 0.278906 0.369531 0.290625 0.359375 0.305469 0.335156 0.310156 0.32031200000000004 0.310937 0.309375 0.308594 0.307031 0.30468799999999996 0.30781200000000003 0.300781 0.31171899999999997
0 0.129688 0.47343799999999997 0.135937 0.48515600000000003 0.15 0.500781 0.15625 0.501563 0.161719 0.497656 0.170313 0.47968700000000003 0.197656 0.507812 0.203906 0.511719 0.213281 0.511719 0.21484399999999998 0.510156 0.21406200000000003 0.500781 0.204687 0.478906 0.189062 0.459375 0.17968800000000001 0.454688 0.16953100000000002 0.453125 0.150781 0.44531200000000004 0.141406 0.44375 0.135156 0.446875 0.129688 0.459375 0.129688 0.47343799999999997
0 0.56875 1 0.569531 0.9898440000000001 0.564844 0.9710940000000001 0.560156 0.965625 0.553906 0.964844 0.550781 0.9625 0.55 0.954688 0.539844 0.946875 0.528125 0.9429690000000001 0.520312 0.929688 0.50625 0.915625 0.502344 0.9085940000000001 0.497656 0.9039059999999999 0.49218799999999996 0.9039059999999999 0.49375 0.917969 0.500781 0.9382809999999999 0.509375 0.951562 0.51875 0.954688 0.528906 0.985938 0.548438 0.9945309999999999 0.552344 1 0.56875 1
0 0.660156 0.8664059999999999 0.639844 0.879687 0.630469 0.889062 0.627344 0.8960940000000001 0.61875 0.904687 0.607031 0.903125 0.579688 0.9273440000000001 0.570312 0.93125 0.566406 0.9382809999999999 0.551562 0.953125 0.55 0.957031 0.550781 0.9625 0.559375 0.964844 0.572656 0.9632809999999999 0.602344 0.949219 0.610938 0.9429690000000001 0.61875 0.9320309999999999 0.620313 0.9085940000000001 0.630469 0.902344 0.644531 0.901563 0.658594 0.895312 0.667188 0.8875 0.673438 0.878125 0.678125 0.860938 0.673438 0.860938 0.660156 0.8664059999999999
0 0.460156 0.839844 0.482812 0.863281 0.48515600000000003 0.870313 0.49375 0.8820309999999999 0.508594 0.895312 0.521875 0.902344 0.533594 0.904687 0.546094 0.904687 0.567969 0.8992190000000001 0.596094 0.8804690000000001 0.6 0.8757809999999999 0.6 0.871875 0.596875 0.8679690000000001 0.550781 0.847656 0.532813 0.8429690000000001 0.520312 0.8429690000000001 0.497656 0.848437 0.49531200000000003 0.846875 0.494531 0.8414059999999999 0.48906299999999997 0.835938 0.480469 0.832031 0.461719 0.8273440000000001 0.451562 0.821875 0.449219 0.824219 0.453125 0.8375 0.460156 0.839844
0 0.451562 0.703125 0.461719 0.733594 0.466406 0.7375 0.471094 0.735156 0.47343799999999997 0.738281 0.471875 0.745313 0.471875 0.7625 0.474219 0.773438 0.47343799999999997 0.788281 0.478906 0.803125 0.478906 0.8125 0.48359399999999997 0.8132809999999999 0.494531 0.8 0.502344 0.796094 0.50625 0.7875 0.507812 0.779687 0.507812 0.75 0.503125 0.74375 0.48125 0.732031 0.47968700000000003 0.720313 0.460156 0.694531 0.454688 0.68125 0.450781 0.685156 0.451562 0.703125
2 0.410156 0.713281 0.377344 0.760938 0.366406 0.771094 0.364844 0.775781 0.37421899999999997 0.778125 0.38281200000000004 0.777344 0.39531299999999997 0.767969 0.411719 0.740625 0.41875 0.720313 0.420312 0.708594 0.415625 0.707812 0.410156 0.713281
1 0.509375 0.754687 0.535156 0.75625 0.552344 0.753906 0.566406 0.748437 0.582812 0.739062 0.585938 0.735938 0.586719 0.730469 0.583594 0.726562 0.517969 0.725781 0.517188 0.724219 0.5375 0.705469 0.538281 0.700781 0.535156 0.700781 0.517188 0.711719 0.500781 0.727344 0.496094 0.736719 0.50625 0.746875 0.509375 0.754687
0 0.545312 0.447656 0.546875 0.458594 0.55625 0.4875 0.563281 0.494531 0.563281 0.498437 0.589063 0.521875 0.591406 0.53125 0.596094 0.530469 0.600781 0.532031 0.607031 0.540625 0.610156 0.541406 0.611719 0.545312 0.615625 0.546875 0.617969 0.539844 0.614062 0.529687 0.610938 0.526563 0.60625 0.525781 0.586719 0.503906 0.564844 0.49375 0.565625 0.489844 0.572656 0.48515600000000003 0.575781 0.478125 0.575781 0.46796899999999997 0.571094 0.450781 0.560937 0.439063 0.549219 0.42109399999999997 0.540625 0.419531 0.540625 0.44375 0.545312 0.447656
0 0.48515600000000003 0.416406 0.47968700000000003 0.435937 0.478906 0.44375 0.48125 0.458594 0.485938 0.464844 0.497656 0.474219 0.494531 0.47968700000000003 0.490625 0.482031 0.49218799999999996 0.48515600000000003 0.491406 0.489844 0.488281 0.49375 0.4875 0.5 0.484375 0.502344 0.489844 0.503906 0.492969 0.507031 0.49531200000000003 0.53125 0.504687 0.567187 0.513281 0.584375 0.517969 0.585156 0.521094 0.578906 0.524219 0.564844 0.524219 0.527344 0.520312 0.508594 0.515625 0.5 0.514844 0.494531 0.510938 0.489844 0.517188 0.471875 0.516406 0.467187 0.526563 0.453125 0.528125 0.44218799999999997 0.524219 0.424219 0.515625 0.410156 0.502344 0.396094 0.497656 0.39531299999999997 0.492969 0.4 0.48515600000000003 0.416406
0 0.639844 0.420312 0.65625 0.434375 0.657813 0.440625 0.664062 0.439844 0.665625 0.441406 0.670312 0.441406 0.675781 0.4625 0.677344 0.510156 0.682031 0.509375 0.685937 0.502344 0.692187 0.47656200000000004 0.691406 0.45781299999999997 0.689063 0.45 0.684375 0.442969 0.684375 0.439844 0.695312 0.43125 0.701562 0.42109399999999997 0.702344 0.41406200000000004 0.701562 0.4125 0.696875 0.413281 0.694531 0.417969 0.685156 0.427344 0.678125 0.42968799999999996 0.66875 0.421875 0.659375 0.4 0.655469 0.396875 0.65 0.396875 0.639844 0.414844 0.639844 0.420312
0 0.37031200000000003 0.403125 0.399219 0.41093799999999997 0.40625 0.410156 0.413281 0.40703100000000003 0.416406 0.408594 0.415625 0.4125 0.419531 0.416406 0.42656299999999997 0.416406 0.428906 0.413281 0.433594 0.411719 0.45 0.41093799999999997 0.46953100000000003 0.40546899999999997 0.46953100000000003 0.39843799999999996 0.465625 0.392188 0.45390600000000003 0.386719 0.44531200000000004 0.386719 0.439063 0.390625 0.416406 0.38984399999999997 0.4125 0.385156 0.403906 0.383594 0.372656 0.38281200000000004 0.357812 0.384375 0.352344 0.388281 0.353906 0.392969 0.37031200000000003 0.403125
0 0.557813 0.29765600000000003 0.549219 0.308594 0.546094 0.30625 0.545312 0.300781 0.536719 0.300781 0.521875 0.30781200000000003 0.517188 0.30625 0.514062 0.302344 0.510156 0.302344 0.50625 0.3 0.488281 0.30156299999999997 0.471875 0.30468799999999996 0.458594 0.310156 0.442969 0.325781 0.43828100000000003 0.326562 0.442969 0.328125 0.441406 0.335156 0.44375 0.336719 0.464844 0.33593799999999996 0.497656 0.321094 0.501563 0.32031200000000004 0.507812 0.322656 0.510156 0.321094 0.513281 0.3125 0.520312 0.326562 0.525781 0.32734399999999997 0.529687 0.325 0.534375 0.326562 0.550781 0.326562 0.555469 0.321875 0.560156 0.321094 0.5625 0.317969 0.579688 0.310156 0.594531 0.298438 0.592187 0.295312 0.557813 0.29765600000000003
0 0.665625 0.28593799999999997 0.653906 0.290625 0.642188 0.303125 0.629687 0.31171899999999997 0.623437 0.321094 0.621094 0.32734399999999997 0.620313 0.342187 0.635938 0.346094 0.63125 0.37031200000000003 0.63125 0.396094 0.628906 0.404687 0.628125 0.425 0.630469 0.428906 0.635156 0.427344 0.653125 0.39375 0.657813 0.377344 0.658594 0.36875 0.657031 0.36015600000000003 0.64375 0.346094 0.65625 0.34453100000000003 0.664062 0.341406 0.680469 0.324219 0.688281 0.309375 0.696875 0.279687 0.696875 0.271875 0.69375 0.267969 0.688281 0.267969 0.665625 0.28593799999999997
2 0.926562 0.402344 0.9304690000000001 0.402344 0.933594 0.385156 0.932813 0.371875 0.923438 0.367969 0.925781 0.372656 0.926562 0.402344
2 0.8179690000000001 0.30468799999999996 0.8304690000000001 0.303906 0.8375 0.298438 0.839844 0.292969 0.839063 0.28593799999999997 0.832812 0.283594 0.783594 0.285156 0.779687 0.286719 0.789844 0.296875 0.8179690000000001 0.30468799999999996
0 0.720313 0.269531 0.727344 0.279687 0.732812 0.282813 0.746875 0.29609399999999997 0.748437 0.302344 0.753906 0.310937 0.750781 0.314063 0.75 0.326562 0.747031 0.32999999999999996 0.747266 0.337109 0.745937 0.345547 0.746563 0.357578 0.748437 0.35468700000000003 0.750781 0.35 0.753906 0.3375 0.75625 0.335156 0.757031 0.322656 0.759375 0.321094 0.769531 0.330469 0.782813 0.349219 0.796094 0.361719 0.797656 0.365625 0.80625 0.373437 0.8117190000000001 0.373437 0.810937 0.361719 0.799219 0.326562 0.792969 0.31328100000000003 0.784375 0.30156299999999997 0.769531 0.288281 0.753125 0.283594 0.748437 0.277344 0.735156 0.267969 0.732812 0.264062 0.719531 0.26093700000000003 0.717969 0.264062 0.720313 0.269531
0 0.58125 0.213281 0.572656 0.24375 0.56875 0.246875 0.5625 0.246875 0.55625 0.253906 0.549219 0.267188 0.54375 0.292969 0.545312 0.310156 0.548438 0.31328100000000003 0.552344 0.310937 0.555469 0.300781 0.564063 0.285156 0.570312 0.26640600000000003 0.570312 0.2625 0.565625 0.252344 0.56875 0.251563 0.583594 0.267188 0.585938 0.265625 0.585156 0.259375 0.580469 0.252344 0.586719 0.24609399999999998 0.590625 0.235937 0.59375 0.204687 0.592969 0.198437 0.588281 0.20078100000000002 0.58125 0.213281
0 0.626563 0.11796899999999999 0.627344 0.142187 0.630469 0.15 0.635938 0.155469 0.642969 0.15859399999999998 0.653906 0.21640600000000002 0.658594 0.21875 0.664844 0.18984399999999998 0.664844 0.166406 0.663281 0.157812 0.658594 0.154688 0.655469 0.154688 0.652344 0.149219 0.658594 0.125 0.657031 0.107813 0.650781 0.094531 0.639844 0.079687 0.627344 0.06875 0.622656 0.06875 0.621094 0.078125 0.626563 0.11796899999999999
0 0.421875 0.21875 0.43281200000000003 0.20781299999999997 0.43352724921875 0.20834926484375 0.43125 0.2 0.427344 0.196094 0.41093799999999997 0.194531 0.392969 0.2 0.367969 0.202344 0.361719 0.208594 0.36718799999999996 0.21406200000000003 0.37968799999999997 0.219531 0.413281 0.220312 0.421875 0.21875
0 0.46093799999999996 0.228906 0.485938 0.25 0.49375 0.253906 0.497656 0.252344 0.498437 0.24765600000000002 0.49375 0.228906 0.485938 0.221875 0.474219 0.20703100000000002 0.463281 0.19921899999999998 0.45781299999999997 0.198437 0.450781 0.20781299999999997 0.44218799999999997 0.209375 0.43388948125000004 0.20862085234375 0.435937 0.210156 0.43671899999999997 0.217969 0.439063 0.22109399999999998 0.449219 0.22343799999999997 0.46093799999999996 0.228906
2 0.46796899999999997 0.159375 0.475781 0.157031 0.478906 0.15390600000000002 0.464844 0.150781 0.434375 0.150781 0.420312 0.15390600000000002 0.41718700000000003 0.15625 0.41718700000000003 0.15859399999999998 0.44218799999999997 0.1625 0.46796899999999997 0.159375
1 0.32734399999999997 0.186719 0.338281 0.19375 0.35156200000000004 0.198437 0.363281 0.19921899999999998 0.372656 0.196875 0.376563 0.2 0.385156 0.201563 0.403125 0.19921899999999998 0.41406200000000004 0.19375 0.40546899999999997 0.18515600000000002 0.397656 0.18359399999999998 0.380469 0.184375 0.37421899999999997 0.1875 0.37031200000000003 0.192969 0.36718799999999996 0.192969 0.3625 0.177344 0.352344 0.16953100000000002 0.324219 0.164844 0.308594 0.165625 0.309375 0.170313 0.32734399999999997 0.186719
2 0.8117190000000001 0.129688 0.8070309999999999 0.13281199999999999 0.8023440000000001 0.13281199999999999 0.8023440000000001 0.1375 0.8117190000000001 0.13671899999999998 0.826562 0.12890600000000002 0.8429690000000001 0.104688 0.8429690000000001 0.10078100000000001 0.840625 0.1 0.8117190000000001 0.129688
1 0.85 0.197656 0.847656 0.201563 0.8570309999999999 0.20781299999999997 0.867188 0.217969 0.8726559999999999 0.21875 0.879687 0.225 0.9007809999999999 0.23828100000000002 0.902344 0.235937 0.9 0.23046899999999998 0.8804690000000001 0.20703100000000002 0.871094 0.19921899999999998 0.860938 0.196875 0.8585940000000001 0.194531 0.857812 0.17968800000000001 0.853125 0.17968800000000001 0.8492190000000001 0.188281 0.85 0.197656
1 0.829688 0.013281000000000001 0.8179690000000001 0.024218999999999997 0.800781 0.032031 0.789844 0.032812999999999995 0.783594 0.035937000000000004 0.776563 0.036719 0.772656 0.035937000000000004 0.769531 0.032812999999999995 0.757812 0.032812999999999995 0.771094 0.045312000000000005 0.767188 0.050781 0.764062 0.067969 0.749219 0.089063 0.745313 0.10625 0.747656 0.11171899999999998 0.757031 0.109375 0.773438 0.096094 0.775 0.092188 0.778906 0.089063 0.786719 0.071875 0.7875 0.063281 0.782031 0.05 0.777344 0.044531 0.779687 0.042969 0.797656 0.045312000000000005 0.8179690000000001 0.039844000000000004 0.834375 0.022656000000000003 0.8375 0.017969 0.8375 0.0125 0.832812 0.011719 0.829688 0.013281000000000001
2 0.654687 0.04375 0.626563 0.05 0.625 0.054688 0.632812 0.057031 0.646875 0.05625 0.661719 0.049219 0.666406 0.045312000000000005 0.671875 0.045312000000000005 0.671094 0.040625 0.657813 0.041406 0.654687 0.04375
0 0.41093799999999997 0 0.409375 0.022656000000000003 0.40156200000000003 0.045312000000000005 0.40156200000000003 0.053905999999999996 0.399219 0.058594 0.39843799999999996 0.06640599999999999 0.39375 0.071094 0.384375 0.07421900000000001 0.355469 0.101562 0.35468700000000003 0.10390600000000001 0.35625 0.105469 0.364844 0.104688 0.373437 0.101562 0.407813 0.08203099999999999 0.40625 0.10390600000000001 0.403906 0.1125 0.404687 0.115625 0.408594 0.11875 0.411719 0.115625 0.424219 0.08984400000000001 0.428125 0.085156 0.44375 0.086719 0.471875 0.08203099999999999 0.478906 0.078906 0.47968700000000003 0.072656 0.470313 0.065625 0.451562 0.060156 0.435937 0.060156 0.428125 0.05625 0.428125 0.050781 0.433594 0.045312000000000005 0.432031 0.040625 0.428125 0.039844000000000004 0.430469 0.015625 0.428906 0 0.41093799999999997 0
1 0.3625 0 0.3625 0.0023439999999999997 0.36718799999999996 0.00625 0.365625 0.014063 0.36718799999999996 0.025 0.364844 0.025781 0.357031 0.021875 0.34375 0.028125 0.329688 0.046875 0.319531 0.064062 0.317969 0.071094 0.319531 0.077344 0.322656 0.078125 0.341406 0.06640599999999999 0.36015600000000003 0.051562 0.371094 0.0375 0.372656 0.032812999999999995 0.369531 0.025 0.373437 0.00625 0.371875 0 0.3625 0
1 0.29609399999999997 0.025 0.288281 0.028905999999999998 0.253125 0.071875 0.24765600000000002 0.08984400000000001 0.24765600000000002 0.096094 0.2625 0.1 0.271094 0.099219 0.28203100000000003 0.09375 0.289844 0.085938 0.29765600000000003 0.073438 0.30625 0.053125 0.308594 0.042187999999999996 0.307031 0.025 0.303125 0.023438 0.29609399999999997 0.025
0 0.371875 0.553125 0.384375 0.565625 0.39531299999999997 0.573438 0.404687 0.577344 0.416406 0.575 0.425781 0.585938 0.435937 0.604688 0.451562 0.619531 0.458594 0.623437 0.46093799999999996 0.622656 0.460156 0.614844 0.44375 0.5875 0.444531 0.575781 0.43671899999999997 0.567187 0.427344 0.561719 0.420312 0.560937 0.41093799999999997 0.553906 0.396094 0.547656 0.385156 0.544531 0.372656 0.544531 0.371094 0.546875 0.371875 0.553125
1 0.105469 0.889062 0.117188 0.910156 0.126562 0.923438 0.142187 0.933594 0.147656 0.933594 0.149219 0.9320309999999999 0.149219 0.9242190000000001 0.141406 0.9039059999999999 0.125 0.878906 0.121094 0.876563 0.146875 0.875 0.15234399999999998 0.86875 0.14453100000000002 0.8664059999999999 0.134375 0.870313 0.105469 0.871875 0.10390600000000001 0.8742190000000001 0.105469 0.889062
3 0.140625 0.599219 0.15 0.610156 0.16015600000000002 0.615625 0.157812 0.633594 0.16015600000000002 0.665625 0.159375 0.678906 0.164844 0.702344 0.16875 0.705469 0.173437 0.714063 0.178906 0.714063 0.184375 0.709375 0.19140600000000002 0.694531 0.19531199999999999 0.664844 0.19921899999999998 0.654687 0.197656 0.65 0.198437 0.642188 0.204687 0.632812 0.21640600000000002 0.646094 0.220312 0.647656 0.225781 0.646094 0.228906 0.641406 0.22968700000000003 0.632031 0.226562 0.610938 0.217969 0.590625 0.20625 0.575781 0.196875 0.572656 0.18984399999999998 0.575 0.185938 0.582812 0.17421899999999998 0.592969 0.14296899999999998 0.576562 0.135156 0.575781 0.134375 0.582812 0.140625 0.599219
0 0 0.18125 0.010156 0.1875 0.017188000000000002 0.197656 0.029687 0.203125 0.044531 0.220312 0.05 0.221875 0.050781 0.21875 0.047656 0.20703100000000002 0.041406 0.194531 0.0375 0.190625 0.032812999999999995 0.189062 0.032031 0.177344 0.028125 0.170313 0.010936999999999999 0.15390600000000002 0.0023439999999999997 0.147656 0 0.147656 0 0.18125
0 0 0.07421900000000001 0.00625 0.079687 0.028125 0.088281 0.041406 0.096875 0.049219 0.098437 0.065625 0.10703100000000002 0.075 0.114062 0.080469 0.115625 0.082812 0.11796899999999999 0.082812 0.12265600000000002 0.078906 0.126562 0.077344 0.139063 0.08125 0.141406 0.082812 0.146875 0.0875 0.151562 0.11640600000000001 0.16796899999999998 0.1375 0.175 0.140625 0.178906 0.15 0.184375 0.15625 0.18515600000000002 0.15859399999999998 0.18359399999999998 0.15625 0.167187 0.14843800000000001 0.151562 0.124219 0.128125 0.11953100000000001 0.120313 0.107813 0.110156 0.099219 0.10625 0.091406 0.1125 0.089063 0.108594 0.089063 0.096875 0.077344 0.08203099999999999 0.064062 0.075 0.038280999999999996 0.067969 0.005469 0.067187 0 0.06875 0 0.07421900000000001
2 0.165625 0.11640600000000001 0.15390600000000002 0.124219 0.145313 0.133594 0.141406 0.142187 0.142187 0.146875 0.145313 0.15 0.147656 0.15 0.16015600000000002 0.135937 0.194531 0.11171899999999998 0.19375 0.108594 0.180469 0.110937 0.165625 0.11640600000000001
1 0.192188 0.052344 0.1875 0.059375 0.18359399999999998 0.060156 0.184375 0.065625 0.182031 0.07421900000000001 0.172656 0.084375 0.16875 0.092188 0.171094 0.08984400000000001 0.178906 0.088281 0.186719 0.08203099999999999 0.18984399999999998 0.076563 0.192969 0.063281 0.197656 0.065625 0.20781299999999997 0.06640599999999999 0.220312 0.0625 0.235937 0.05 0.2375 0.046094 0.23671899999999998 0.040625 0.225 0.040625 0.192188 0.052344
2 0.23046899999999998 0.09765599999999999 0.23117200000000002 0.10523400000000001 0.233828 0.11023400000000001 0.2375 0.112266 0.24179699999999998 0.11484399999999999 0.242813 0.109922 0.23828100000000002 0.103281 0.241406 0.092188 0.242969 0.0875 0.240625 0.082812 0.23203100000000002 0.092969 0.23046899999999998 0.09765599999999999
0 0.17578100000000002 0.201563 0.176563 0.204687 0.18515600000000002 0.213281 0.1875 0.21875 0.19140600000000002 0.220312 0.196875 0.227344 0.20078100000000002 0.227344 0.211719 0.23203100000000002 0.225 0.23046899999999998 0.23203100000000002 0.244531 0.24531200000000003 0.252344 0.264062 0.25781200000000004 0.283594 0.258594 0.307031 0.25468799999999997 0.314844 0.251563 0.316406 0.248438 0.314844 0.24375 0.307031 0.23828100000000002 0.27656200000000003 0.22343799999999997 0.25625 0.21640600000000002 0.242188 0.21640600000000002 0.23203100000000002 0.22109399999999998 0.228125 0.22109399999999998 0.217188 0.208594 0.196094 0.197656 0.166406 0.178125 0.16406199999999999 0.180469 0.166406 0.18984399999999998 0.17578100000000002 0.201563
0 0.103125 0.164844 0.085938 0.178125 0.076563 0.189062 0.06875 0.20625 0.067969 0.221875 0.085938 0.221875 0.091406 0.225 0.095312 0.225 0.10625 0.217188 0.113281 0.209375 0.11640600000000001 0.203906 0.11640600000000001 0.198437 0.113281 0.18515600000000002 0.114062 0.16875 0.1125 0.165625 0.109375 0.16406199999999999 0.103125 0.164844
0 0.060937 0.303125 0.085156 0.32734399999999997 0.08984400000000001 0.335156 0.105469 0.346875 0.11484399999999999 0.350781 0.11953100000000001 0.350781 0.12265600000000002 0.353125 0.120313 0.360938 0.11484399999999999 0.365625 0.1125 0.371094 0.11484399999999999 0.392188 0.121094 0.41718700000000003 0.121094 0.42109399999999997 0.117188 0.424219 0.130469 0.439063 0.134375 0.43828100000000003 0.139844 0.420312 0.139063 0.377344 0.135156 0.367969 0.128125 0.3625 0.123438 0.353125 0.128125 0.342187 0.128125 0.333594 0.12265600000000002 0.321094 0.1125 0.308594 0.084375 0.284375 0.053905999999999996 0.27343799999999996 0.048437999999999995 0.274219 0.048437999999999995 0.279687 0.060937 0.303125
0 0.034375 0.310156 0.0375 0.325781 0.046094 0.34296899999999997 0.053125 0.35156200000000004 0.070312 0.3625 0.084375 0.364844 0.079687 0.376563 0.08125 0.408594 0.085938 0.428906 0.08984400000000001 0.43671899999999997 0.092969 0.43828100000000003 0.096094 0.435937 0.1 0.415625 0.10078100000000001 0.389062 0.09765599999999999 0.36875 0.08984400000000001 0.360938 0.090625 0.342187 0.0875 0.32734399999999997 0.071875 0.314844 0.064844 0.307031 0.057813 0.303906 0.050781 0.29609399999999997 0.040625 0.292969 0.035156 0.29765600000000003 0.034375 0.310156
0 0.0078119999999999995 0.35468700000000003 0.0125 0.372656 0.022656000000000003 0.39140600000000003 0.025 0.403125 0.028905999999999998 0.41093799999999997 0.036719 0.420312 0.042969 0.42265600000000003 0.052344 0.421875 0.053905999999999996 0.423438 0.048437999999999995 0.43125 0.049219 0.435156 0.047656 0.43828100000000003 0.049219 0.447656 0.053905999999999996 0.457031 0.072656 0.478906 0.086719 0.485938 0.091406 0.490625 0.096094 0.490625 0.096094 0.47968700000000003 0.092188 0.470313 0.078906 0.45234399999999997 0.076563 0.446094 0.073438 0.44375 0.060937 0.42265600000000003 0.057813 0.420312 0.064062 0.414844 0.064844 0.411719 0.063281 0.403125 0.052344 0.376563 0.042187999999999996 0.360938 0.032031 0.340625 0.017188000000000002 0.332031 0.009375 0.33281299999999997 0.0078119999999999995 0.334375 0.0078119999999999995 0.35468700000000003
0 0.025781 0.497656 0.026562000000000002 0.504687 0.028905999999999998 0.508594 0.027344 0.514062 0.013281000000000001 0.527344 0.003125 0.544531 0.0023439999999999997 0.55625 0.004687 0.5625 0.0125 0.560156 0.020313 0.551562 0.034375 0.529687 0.035156 0.517969 0.047656 0.507031 0.046094 0.49218799999999996 0.041406 0.484375 0.0375 0.482031 0.032812999999999995 0.484375 0.025781 0.497656
0 0.188281 0.529687 0.203125 0.530469 0.217188 0.525 0.219531 0.528125 0.220312 0.533594 0.224219 0.538281 0.232813 0.528906 0.251563 0.530469 0.26484399999999997 0.534375 0.288281 0.5375 0.324219 0.536719 0.32890600000000003 0.533594 0.32734399999999997 0.528125 0.30468799999999996 0.5125 0.2875 0.503906 0.267969 0.498437 0.2375 0.49375 0.228906 0.494531 0.22265600000000002 0.50625 0.21640600000000002 0.511719 0.19375 0.514062 0.165625 0.513281 0.16015600000000002 0.517188 0.171094 0.524219 0.188281 0.529687
0 0.141406 0.571094 0.161719 0.575 0.182812 0.575 0.20078100000000002 0.571094 0.2125 0.566406 0.21875 0.560937 0.224219 0.546875 0.228125 0.546094 0.233594 0.554688 0.239844 0.576562 0.265625 0.592187 0.27656200000000003 0.596094 0.30625 0.600781 0.316406 0.6 0.305469 0.589844 0.285156 0.579688 0.265625 0.566406 0.242188 0.557813 0.235156 0.550781 0.232813 0.545312 0.225 0.54375 0.221875 0.540625 0.21406200000000003 0.539844 0.18125 0.546094 0.124219 0.545312 0.117188 0.547656 0.11640600000000001 0.553125 0.120313 0.557813 0.141406 0.571094
0 0.110156 0.644531 0.108594 0.646094 0.103125 0.646094 0.10234399999999999 0.650781 0.114062 0.664062 0.123438 0.671094 0.133594 0.674219 0.139844 0.674219 0.14757800000000001 0.6717190000000001 0.1375 0.697656 0.154453 0.671406 0.15390600000000002 0.702344 0.177344 0.732031 0.192969 0.742188 0.197656 0.741406 0.20078100000000002 0.7375 0.20078100000000002 0.727344 0.19375 0.69375 0.189062 0.689063 0.1875 0.699219 0.178125 0.711719 0.172656 0.707812 0.167187 0.7 0.161719 0.676562 0.157031 0.66875 0.155469 0.661719 0.157031 0.653125 0.15625 0.639844 0.153125 0.636719 0.13671899999999998 0.629687 0.123438 0.630469 0.110937 0.634375 0.109375 0.638281 0.110156 0.644531
0 0 0.682031 0.00625 0.682031 0.017188000000000002 0.678125 0.020313 0.685937 0.032812999999999995 0.694531 0.059375 0.700781 0.071875 0.70625 0.08125 0.707812 0.092969 0.707812 0.094531 0.70625 0.088281 0.692969 0.06875 0.673438 0.046094 0.645312 0.045312000000000005 0.642188 0.040625 0.641406 0.036719 0.646094 0.032031 0.646094 0.025 0.650781 0.021875 0.650781 0.019531 0.648438 0 0.640625 0 0.682031
0 0 0.753906 0.0078119999999999995 0.761719 0.028125 0.76875 0.036719 0.767969 0.035156 0.761719 0.010156 0.734375 0.010156 0.730469 0.015625 0.716406 0.010936999999999999 0.707031 0.0023439999999999997 0.697656 0 0.697656 0 0.722656 0.004687 0.722656 0.00625 0.724219 0.003125 0.727344 0.0023439999999999997 0.736719 0 0.7375 0 0.753906
0 0.061719 0.771094 0.092188 0.807813 0.107813 0.8125 0.110156 0.8148440000000001 0.109375 0.8195309999999999 0.11171899999999998 0.8304690000000001 0.11875 0.84375 0.125 0.8507809999999999 0.135937 0.859375 0.14453100000000002 0.863281 0.159375 0.864062 0.165625 0.8625 0.16796899999999998 0.8601559999999999 0.16796899999999998 0.848437 0.1625 0.8351559999999999 0.157031 0.829688 0.139844 0.817187 0.13125 0.814063 0.121875 0.814063 0.11171899999999998 0.810937 0.117188 0.801562 0.117188 0.79375 0.11484399999999999 0.789062 0.10390600000000001 0.778125 0.072656 0.758594 0.065625 0.755469 0.057813 0.755469 0.057813 0.760938 0.061719 0.771094
1 0.172656 0.760938 0.147656 0.794531 0.13828100000000002 0.810937 0.14375 0.810937 0.17578100000000002 0.783594 0.185938 0.769531 0.190625 0.775781 0.194531 0.776563 0.18984399999999998 0.75 0.184375 0.75 0.172656 0.760938
2 0.0375 0.928125 0.013281000000000001 0.929688 0.011719 0.932813 0.014844 0.9382809999999999 0.021093999999999998 0.9429690000000001 0.039062 0.94375 0.049219 0.935937 0.051562 0.9226559999999999 0.048437999999999995 0.920312 0.0375 0.928125
2 0.16015600000000002 0.935937 0.139844 0.965625 0.1375 0.972656 0.140625 0.978125 0.154688 0.9820309999999999 0.1625 0.9773440000000001 0.16875 0.957031 0.171094 0.9367190000000001 0.170313 0.9289059999999999 0.165625 0.929688 0.16015600000000002 0.935937