2 0.064062 0.699219 0.075 0.701562 0.09765599999999999 0.703906 0.10703100000000002 0.707031 0.11171899999999998 0.70625 0.109375 0.700781 0.105469 0.698438 0.10078100000000001 0.692969 0.092969 0.688281 0.084375 0.685156 0.060156 0.682813 0.047656 0.683594 0.042969 0.685156 0.044531 0.691406 0.046875 0.692969 0.064062 0.699219
1 0.040625 0.9539059999999999 0.049219 0.957812 0.080469 0.957812 0.089063 0.9539059999999999 0.10078100000000001 0.951562 0.10234399999999999 0.946875 0.085938 0.945312 0.073438 0.942187 0.036719 0.9398440000000001 0.032812999999999995 0.942187 0.029687 0.9460940000000001 0.028905999999999998 0.9625 0.033594 0.960938 0.0375 0.9539059999999999 0.040625 0.9539059999999999
2 0.221875 0.66875 0.23046899999999998 0.665625 0.23671899999999998 0.657813 0.234375 0.655469 0.226562 0.655469 0.22109399999999998 0.659375 0.2125 0.661719 0.197656 0.661719 0.19140600000000002 0.666406 0.19531199999999999 0.667969 0.2125 0.669531 0.221875 0.66875
1 0.11171899999999998 0.627344 0.114062 0.627344 0.12265600000000002 0.622656 0.130469 0.620313 0.14453100000000002 0.6125 0.149219 0.611719 0.153125 0.607031 0.149219 0.603125 0.147656 0.596875 0.142187 0.59375 0.135156 0.586719 0.13125 0.580469 0.125781 0.579688 0.125 0.589844 0.12890600000000002 0.594531 0.13125 0.595313 0.13281199999999999 0.599219 0.11640600000000001 0.603125 0.109375 0.60625 0.103125 0.610938 0.08203099999999999 0.633594 0.08203099999999999 0.639844 0.083594 0.641406 0.086719 0.640625 0.11171899999999998 0.627344
2 0.10078100000000001 0.578125 0.11171899999999998 0.574219 0.11875 0.573438 0.12265600000000002 0.570312 0.123438 0.567969 0.120313 0.564844 0.110156 0.560156 0.092188 0.55625 0.078906 0.55625 0.075781 0.557813 0.072656 0.561719 0.070312 0.567187 0.070312 0.571875 0.071875 0.575781 0.075 0.577344 0.10078100000000001 0.578125
2 0.219531 0.575781 0.259375 0.575781 0.291406 0.572656 0.29609399999999997 0.569531 0.29609399999999997 0.567187 0.288281 0.559375 0.282813 0.557031 0.26093700000000003 0.553125 0.242188 0.553125 0.228906 0.555469 0.22109399999999998 0.555469 0.20546899999999998 0.560156 0.192188 0.561719 0.18984399999999998 0.564844 0.178906 0.569531 0.176563 0.572656 0.177344 0.576562 0.188281 0.578125 0.219531 0.575781
1 0.766406 0.846875 0.778906 0.848437 0.780469 0.85 0.774219 0.857812 0.772656 0.8617190000000001 0.777344 0.8617190000000001 0.778125 0.8601559999999999 0.783594 0.857812 0.785937 0.8539059999999999 0.79375 0.846875 0.79375 0.842187 0.796875 0.8382809999999999 0.796094 0.834375 0.791406 0.834375 0.7875 0.835938 0.784375 0.8351559999999999 0.776563 0.8304690000000001 0.764844 0.8273440000000001 0.753906 0.821875 0.736719 0.815625 0.733594 0.816406 0.732812 0.8179690000000001 0.742188 0.8304690000000001 0.753125 0.839844 0.766406 0.846875
2 0.8429690000000001 0.9585940000000001 0.842187 0.9539059999999999 0.848437 0.9226559999999999 0.8460940000000001 0.920312 0.8429690000000001 0.921875 0.832031 0.933594 0.826562 0.945312 0.826562 0.9523440000000001 0.83125 0.9632809999999999 0.834375 0.9664059999999999 0.839844 0.9679690000000001 0.8445309999999999 0.9679690000000001 0.8460940000000001 0.964063 0.8429690000000001 0.9585940000000001
1 0.176094 0.722422 0.17250000000000001 0.7321869999999999 0.172187 0.7392190000000001 0.170313 0.752344 0.172656 0.757031 0.17968800000000001 0.764062 0.175 0.775 0.175 0.785156 0.177344 0.792188 0.180469 0.791406 0.18515600000000002 0.785937 0.184297 0.7810940000000001 0.186328 0.7764840000000001 0.1875 0.773438 0.1875 0.767969 0.19375 0.766406 0.196094 0.753906 0.196094 0.707812 0.195547 0.702578 0.195781 0.698203 0.19375 0.689063 0.188281 0.688281 0.18515600000000002 0.692969 0.176094 0.722422
2 1 0.909375 0.984375 0.910937 0.975 0.910156 0.9664059999999999 0.9070309999999999 0.957031 0.9085940000000001 0.9460940000000001 0.90625 0.93125 0.90625 0.9304690000000001 0.907813 0.934375 0.9125 0.9523440000000001 0.9210940000000001 0.964844 0.921875 0.972656 0.925 0.98125 0.923438 1 0.923438 1 0.909375
2 1 0.9625 0.989062 0.9617190000000001 0.9851559999999999 0.9601559999999999 0.96875 0.9601559999999999 0.964844 0.9625 0.964844 0.965625 0.9664059999999999 0.9679690000000001 0.9757809999999999 0.9710940000000001 1 0.972656 1 0.9625
1 0.878125 0.8992190000000001 0.8835940000000001 0.901563 0.895312 0.901563 0.903125 0.8992190000000001 0.90625 0.8960940000000001 0.90625 0.892188 0.9007809999999999 0.885938 0.896875 0.884375 0.879687 0.8835940000000001 0.876563 0.884375 0.8601559999999999 0.895312 0.8601559999999999 0.8976559999999999 0.8617190000000001 0.8992190000000001 0.8664059999999999 0.9 0.878125 0.8992190000000001
2 0.161719 0.667188 0.182031 0.682813 0.19140600000000002 0.685156 0.19921899999999998 0.69375 0.213281 0.699219 0.226562 0.7 0.228906 0.696875 0.233594 0.695312 0.233594 0.692969 0.23046899999999998 0.692187 0.217188 0.68125 0.204687 0.673438 0.17421899999999998 0.657813 0.1625 0.653906 0.15 0.646094 0.142187 0.642969 0.142187 0.650781 0.15234399999999998 0.6625 0.161719 0.667188
1 0.465625 0.382031 0.472656 0.376563 0.47968700000000003 0.37421899999999997 0.48515600000000003 0.369531 0.485938 0.364844 0.488281 0.360938 0.49218799999999996 0.359375 0.498437 0.352344 0.501953 0.348516 0.510156 0.34375 0.510156 0.33906200000000003 0.50625 0.329688 0.497656 0.321875 0.49375 0.321094 0.49375 0.32734399999999997 0.500547 0.336094 0.486719 0.339844 0.482031 0.341406 0.478125 0.34453100000000003 0.474219 0.345313 0.465625 0.350781 0.45234399999999997 0.364844 0.44531200000000004 0.376563 0.44531200000000004 0.38125 0.45 0.3875 0.455469 0.3875 0.465625 0.382031
1 0.44375 0.13125 0.47656200000000004 0.139844 0.485938 0.14375 0.497656 0.140625 0.50625 0.140625 0.5125 0.139063 0.517969 0.133594 0.525781 0.132031 0.527344 0.12890600000000002 0.529687 0.128125 0.535937 0.121094 0.5375 0.121094 0.541406 0.115625 0.542188 0.11171899999999998 0.541406 0.110156 0.539062 0.110156 0.532813 0.11484399999999999 0.528125 0.11484399999999999 0.522656 0.11875 0.520312 0.11875 0.517188 0.121094 0.513281 0.128125 0.510156 0.121875 0.502344 0.121875 0.489844 0.115625 0.465625 0.10703100000000002 0.45390600000000003 0.10625 0.441406 0.103125 0.433594 0.103125 0.42109399999999997 0.10078100000000001 0.392969 0.101562 0.390625 0.103125 0.392969 0.108594 0.41875 0.121875 0.44375 0.13125
1 0.717969 0.227344 0.73125 0.22265600000000002 0.74375 0.22109399999999998 0.751563 0.21640600000000002 0.759375 0.215625 0.778125 0.20703100000000002 0.79375 0.202344 0.796875 0.198437 0.797656 0.192969 0.799219 0.190625 0.799219 0.177344 0.804688 0.146094 0.8039059999999999 0.134375 0.801562 0.133594 0.799219 0.135937 0.796875 0.142187 0.790625 0.177344 0.790625 0.19140600000000002 0.789062 0.192969 0.785937 0.192969 0.772656 0.18515600000000002 0.764844 0.18359399999999998 0.747656 0.182812 0.735938 0.185938 0.721875 0.192188 0.714844 0.198437 0.707031 0.202344 0.6875 0.22265600000000002 0.684375 0.227344 0.684375 0.22968700000000003 0.702344 0.22968700000000003 0.708594 0.227344 0.717969 0.227344
2 0.695312 0.295312 0.707812 0.307031 0.755469 0.339844 0.760156 0.340625 0.763281 0.34296899999999997 0.767188 0.342187 0.780469 0.34843799999999997 0.785937 0.35468700000000003 0.79375 0.36015600000000003 0.8070309999999999 0.36015600000000003 0.8101559999999999 0.357812 0.8148440000000001 0.35859399999999997 0.816406 0.349219 0.8148440000000001 0.346094 0.809375 0.34375 0.799219 0.334375 0.79375 0.33281299999999997 0.775 0.317969 0.755469 0.309375 0.745313 0.30156299999999997 0.740625 0.300781 0.736719 0.29765600000000003 0.728906 0.295312 0.721875 0.290625 0.689844 0.278906 0.685937 0.275781 0.680469 0.275 0.677344 0.278125 0.677344 0.28203100000000003 0.679688 0.285156 0.695312 0.295312
2 0.754687 0.235937 0.764062 0.25625 0.771094 0.264062 0.773438 0.272656 0.778906 0.282813 0.794531 0.303125 0.8070309999999999 0.314844 0.81875 0.321875 0.8195309999999999 0.31171899999999997 0.814063 0.292969 0.8 0.267969 0.789062 0.25468799999999997 0.783594 0.24375 0.773438 0.23125 0.757031 0.21640600000000002 0.75 0.21640600000000002 0.749219 0.22109399999999998 0.753125 0.228125 0.754687 0.235937
2 0.9585940000000001 0.07421900000000001 0.9695309999999999 0.052344 0.9695309999999999 0.046875 0.967187 0.04375 0.9632809999999999 0.042187999999999996 0.9507809999999999 0.042969 0.9445309999999999 0.058594 0.941406 0.061719 0.935937 0.073438 0.93125 0.079687 0.925 0.094531 0.920312 0.110156 0.9210940000000001 0.11640600000000001 0.9242190000000001 0.117188 0.9289059999999999 0.113281 0.9585940000000001 0.07421900000000001
2 0.767969 0.597656 0.775 0.607812 0.790625 0.622656 0.796094 0.625 0.798438 0.628906 0.803125 0.628906 0.804688 0.627344 0.8039059999999999 0.607031 0.8 0.601562 0.795312 0.585156 0.790625 0.575 0.771094 0.547656 0.767188 0.544531 0.748437 0.521875 0.74375 0.520312 0.74375 0.532031 0.757031 0.571094 0.767969 0.597656
2 0.550781 0.228906 0.546875 0.235156 0.545312 0.265625 0.546875 0.29375 0.549219 0.310937 0.553125 0.3125 0.569531 0.30468799999999996 0.573438 0.30156299999999997 0.575 0.29765600000000003 0.574219 0.26875 0.571875 0.265625 0.559375 0.20625 0.553906 0.18984399999999998 0.549219 0.189062 0.545312 0.20546899999999998 0.545312 0.221875 0.550781 0.228906
1 0.538281 0.64375 0.544531 0.653125 0.549219 0.652344 0.553125 0.657813 0.551562 0.661719 0.548438 0.664844 0.54375 0.665625 0.544531 0.669531 0.542188 0.671875 0.539844 0.682031 0.539844 0.705469 0.548438 0.742188 0.551562 0.745313 0.553125 0.745313 0.557031 0.740625 0.564063 0.713281 0.564063 0.705469 0.565625 0.694531 0.567969 0.688281 0.569531 0.674219 0.56875 0.66875 0.572656 0.660937 0.572656 0.655469 0.567969 0.650781 0.564844 0.645312 0.557813 0.64375 0.549219 0.639844 0.539844 0.630469 0.539062 0.627344 0.530469 0.623437 0.525781 0.617969 0.521094 0.61875 0.521875 0.623437 0.53125 0.638281 0.538281 0.64375
1 0.397656 0.807813 0.42109399999999997 0.796875 0.435156 0.7875 0.439844 0.782031 0.442969 0.78125 0.46093799999999996 0.764062 0.467187 0.75625 0.472656 0.746094 0.48906299999999997 0.732812 0.48906299999999997 0.725781 0.491406 0.719531 0.491406 0.715625 0.49078099999999997 0.698438 0.491406 0.684531 0.48554700000000006 0.695547 0.482031 0.70625 0.471875 0.716406 0.466406 0.724219 0.465625 0.735938 0.4625 0.739844 0.455469 0.741406 0.447656 0.741406 0.424219 0.752344 0.42109399999999997 0.75625 0.40625 0.765625 0.39843799999999996 0.773438 0.392969 0.776563 0.388281 0.782031 0.38593700000000003 0.782813 0.382031 0.788281 0.376563 0.792969 0.375 0.796875 0.363281 0.810937 0.366406 0.8132809999999999 0.37968799999999997 0.8125 0.397656 0.807813
2 0.489844 0.8023440000000001 0.490625 0.81875 0.497656 0.8382809999999999 0.501563 0.8429690000000001 0.50625 0.8367190000000001 0.510938 0.8226559999999999 0.513281 0.792969 0.511719 0.789062 0.508594 0.7875 0.5 0.789062 0.49375 0.792969 0.489844 0.8023440000000001
2 0.485938 0.817187 0.488281 0.817187 0.489844 0.814063 0.489844 0.801562 0.484375 0.796875 0.47343799999999997 0.792188 0.471094 0.789844 0.46875 0.790625 0.470313 0.795312 0.48359399999999997 0.8117190000000001 0.485938 0.817187
1 0.378906 0.8804690000000001 0.38125 0.8851559999999999 0.385156 0.889062 0.392188 0.8914059999999999 0.39531299999999997 0.8960940000000001 0.39375 0.9148440000000001 0.403906 0.951562 0.410156 0.964844 0.41406200000000004 0.970313 0.419531 0.9757809999999999 0.424219 0.9773440000000001 0.42656299999999997 0.975 0.42656299999999997 0.970313 0.42265600000000003 0.946875 0.42265600000000003 0.9351559999999999 0.419531 0.921875 0.408594 0.9 0.397656 0.885938 0.390625 0.873437 0.38281200000000004 0.870313 0.373437 0.8625 0.36875 0.8617190000000001 0.366406 0.865625 0.378906 0.8773440000000001 0.378906 0.8804690000000001
2 0.305469 0.8851559999999999 0.31875 0.8835940000000001 0.322656 0.886719 0.325781 0.88125 0.322656 0.876563 0.316406 0.873437 0.314063 0.873437 0.310156 0.8757809999999999 0.299219 0.8757809999999999 0.295312 0.873437 0.278125 0.8726559999999999 0.267188 0.875 0.235937 0.8742190000000001 0.227344 0.876563 0.228906 0.879687 0.252344 0.884375 0.305469 0.8851559999999999