0 1 0.386719 0.9585940000000001 0.382031 0.939063 0.384375 0.9273440000000001 0.389062 0.9132809999999999 0.3875 0.8726559999999999 0.3875 0.855469 0.38984399999999997 0.8507809999999999 0.392188 0.859375 0.400781 0.8976559999999999 0.417188 0.9070309999999999 0.419531 0.920312 0.419531 0.935937 0.410156 0.940625 0.410156 0.946875 0.41406200000000004 0.953125 0.42109399999999997 0.9601559999999999 0.424219 0.9773440000000001 0.428125 1 0.42968799999999996 1 0.386719
3 0.392969 0.596094 0.409375 0.603125 0.413281 0.607031 0.414844 0.627344 0.41875 0.639844 0.43125 0.661719 0.451562 0.684375 0.457031 0.686719 0.472656 0.685937 0.477344 0.683594 0.48906299999999997 0.686719 0.49375 0.685937 0.492969 0.673438 0.48125 0.653125 0.475781 0.635156 0.480469 0.633594 0.48125 0.630469 0.470313 0.617969 0.454688 0.604687 0.433594 0.591406 0.43125 0.5875 0.408594 0.576562 0.400781 0.576562 0.389062 0.583594 0.38593700000000003 0.589062 0.392969 0.596094
1 0.264062 0.8585940000000001 0.278125 0.8539059999999999 0.291406 0.84375 0.294531 0.85 0.30468799999999996 0.8578129999999999 0.31328100000000003 0.8601559999999999 0.314063 0.8617190000000001 0.319531 0.8585940000000001 0.317969 0.855469 0.308594 0.8507809999999999 0.29765600000000003 0.839844 0.294531 0.8296870000000001 0.29218700000000003 0.828125 0.286719 0.8289059999999999 0.28046899999999997 0.8335940000000001 0.253906 0.8460940000000001 0.22968700000000003 0.853125 0.23203100000000002 0.8578129999999999 0.264062 0.8585940000000001
0 0.096875 0.8429690000000001 0.110156 0.8445309999999999 0.11640600000000001 0.85 0.115625 0.8585940000000001 0.126562 0.8664059999999999 0.13671899999999998 0.8695309999999999 0.157031 0.870312 0.172656 0.8664059999999999 0.184375 0.865625 0.19531199999999999 0.875 0.203125 0.878906 0.225781 0.88125 0.24765600000000002 0.878906 0.260156 0.8726559999999999 0.267969 0.865625 0.264062 0.8585940000000001 0.25 0.855469 0.248438 0.853125 0.232813 0.853125 0.20625 0.8492190000000001 0.19375 0.854687 0.182031 0.854687 0.172656 0.8492190000000001 0.142187 0.8429690000000001 0.108594 0.8296870000000001 0.09765599999999999 0.8304690000000001 0.091406 0.8335940000000001 0.092969 0.839062 0.096875 0.8429690000000001
0 0.416406 0.9460940000000001 0.425781 0.9398440000000001 0.43125 0.9304690000000001 0.435156 0.9273440000000001 0.44843700000000003 0.939063 0.4625 0.942187 0.484375 0.941406 0.496875 0.9382809999999999 0.508594 0.93125 0.516406 0.9226559999999999 0.517188 0.9148440000000001 0.510938 0.9117190000000001 0.500781 0.910937 0.4875 0.9132809999999999 0.44531200000000004 0.9148440000000001 0.433594 0.917188 0.428125 0.9117190000000001 0.42265600000000003 0.910937 0.40703100000000003 0.9195309999999999 0.390625 0.932813 0.37968799999999997 0.939063 0.37968799999999997 0.940625 0.3875 0.945312 0.416406 0.9460940000000001
0 0.360938 0.753906 0.366406 0.748437 0.364844 0.742969 0.367969 0.738281 0.36718799999999996 0.729687 0.371094 0.719531 0.37031200000000003 0.7 0.366406 0.696875 0.377344 0.695312 0.38984399999999997 0.676563 0.396875 0.646875 0.396875 0.630469 0.388281 0.628906 0.37968799999999997 0.630469 0.376563 0.635156 0.3625 0.672656 0.359375 0.6875 0.364844 0.69375 0.364844 0.697656 0.357812 0.702344 0.349219 0.711719 0.341406 0.739063 0.341406 0.757031 0.345313 0.765625 0.359375 0.7640629999999999 0.360938 0.753906
2 0.467187 0.783594 0.47968700000000003 0.791406 0.49218799999999996 0.796875 0.503125 0.796094 0.508594 0.791406 0.507812 0.7875 0.503125 0.7828120000000001 0.47968700000000003 0.7796879999999999 0.47656200000000004 0.775 0.463281 0.771875 0.458594 0.771875 0.45625 0.775 0.46406200000000003 0.778906 0.467187 0.783594
1 0.576562 0.851562 0.5875 0.8429690000000001 0.59375 0.854687 0.60625 0.867188 0.625 0.878125 0.639062 0.879687 0.651563 0.8765620000000001 0.655469 0.8734379999999999 0.654687 0.86875 0.646875 0.863281 0.639844 0.855469 0.625 0.847656 0.611719 0.8375 0.599219 0.8367190000000001 0.590625 0.832031 0.588281 0.8289059999999999 0.579688 0.834375 0.577344 0.8445309999999999 0.571875 0.848438 0.571875 0.8507809999999999 0.576562 0.851562
0 0.719531 0.9445309999999999 0.727344 0.9398440000000001 0.742969 0.9375 0.750625 0.9296089999999999 0.747031 0.9407030000000001 0.739609 0.9555469999999999 0.7511720000000001 0.9452339999999999 0.7625 0.925 0.772656 0.928125 0.783594 0.928125 0.800781 0.9226559999999999 0.8023440000000001 0.9148440000000001 0.8 0.9117190000000001 0.786719 0.9117190000000001 0.739062 0.9164059999999999 0.723437 0.9234370000000001 0.715625 0.9234370000000001 0.702344 0.928125 0.692187 0.9351559999999999 0.692187 0.9398440000000001 0.700781 0.94375 0.719531 0.9445309999999999
1 0.829688 0.772656 0.8335940000000001 0.774219 0.84375 0.774219 0.8539059999999999 0.771094 0.8617190000000001 0.763281 0.867188 0.753125 0.8679690000000001 0.7375 0.865625 0.732031 0.867188 0.730469 0.8773440000000001 0.73125 0.8882809999999999 0.727344 0.9007809999999999 0.717187 0.902344 0.7125 0.8929690000000001 0.714062 0.8882809999999999 0.717969 0.8804690000000001 0.721094 0.876563 0.720313 0.8726559999999999 0.723438 0.870313 0.721875 0.860938 0.722656 0.8539059999999999 0.71875 0.8507809999999999 0.721094 0.855469 0.726562 0.855469 0.728906 0.851562 0.732812 0.85 0.739063 0.8445309999999999 0.747656 0.840625 0.750781 0.8257809999999999 0.749219 0.8195309999999999 0.761719 0.820312 0.767969 0.8257809999999999 0.773438 0.829688 0.772656
1 0.682813 0.714062 0.69375 0.705469 0.702344 0.694531 0.709375 0.679688 0.711719 0.663281 0.710156 0.63125 0.7125 0.628125 0.724219 0.623437 0.729688 0.617188 0.734844 0.5949220000000001 0.725391 0.606484 0.717187 0.614063 0.709375 0.621875 0.701562 0.621875 0.696875 0.619531 0.688281 0.632031 0.6875 0.639062 0.664062 0.692188 0.660156 0.7125 0.661719 0.71875 0.667969 0.71875 0.682813 0.714062
2 0.780469 0.574219 0.791406 0.575 0.792188 0.571875 0.771094 0.561719 0.763281 0.559375 0.760156 0.563281 0.761719 0.56875 0.780469 0.574219
2 0.43125 0.746094 0.435937 0.752344 0.435937 0.75625 0.442969 0.760937 0.451562 0.760937 0.451562 0.7515620000000001 0.43125 0.719531 0.42656299999999997 0.716406 0.425 0.725 0.43125 0.746094
2 0.46406200000000003 0.716406 0.466406 0.730469 0.478906 0.757031 0.490625 0.766406 0.492969 0.7640629999999999 0.49218799999999996 0.755469 0.48125 0.713281 0.471094 0.689844 0.46796899999999997 0.689844 0.46406200000000003 0.698437 0.46406200000000003 0.716406
0 0.27031299999999997 0.604687 0.274219 0.607812 0.28046899999999997 0.607812 0.282813 0.60625 0.285156 0.607812 0.284375 0.623437 0.28593799999999997 0.635156 0.290625 0.650781 0.300781 0.66875 0.319531 0.689063 0.349219 0.703906 0.355469 0.704688 0.357031 0.7 0.324219 0.6375 0.3 0.607812 0.288281 0.601562 0.277344 0.583594 0.267969 0.575 0.26484399999999997 0.575781 0.26484399999999997 0.589062 0.27031299999999997 0.604687
2 0.33125 0.589844 0.33281299999999997 0.584375 0.33125 0.577344 0.325781 0.578125 0.30781200000000003 0.607812 0.305469 0.615625 0.310156 0.621875 0.316406 0.616406 0.33125 0.589844
0 0.198359 0.577109 0.20023399999999997 0.583047 0.2125 0.6 0.221875 0.60625 0.225781 0.610938 0.219531 0.651562 0.221875 0.666406 0.228125 0.675781 0.23203100000000002 0.677344 0.23671899999999998 0.676563 0.239844 0.679688 0.251563 0.698437 0.25625 0.702344 0.258594 0.694531 0.25781200000000004 0.673438 0.253906 0.65625 0.25781200000000004 0.625781 0.25781200000000004 0.604687 0.25625 0.597656 0.252344 0.592187 0.24531200000000003 0.591406 0.240625 0.592969 0.233594 0.599219 0.228125 0.599219 0.22078099999999998 0.594141 0.213281 0.589062 0.198359 0.577109
2 0.271094 0.69375 0.286719 0.682031 0.286719 0.679688 0.285156 0.678125 0.279687 0.678125 0.258594 0.685156 0.258594 0.691406 0.261719 0.694531 0.271094 0.69375
0 0.16406199999999999 0.698437 0.17421899999999998 0.69375 0.185938 0.682812 0.1875 0.685937 0.18515600000000002 0.69375 0.184375 0.710156 0.188281 0.715625 0.190625 0.714844 0.203125 0.692969 0.20703100000000002 0.673438 0.20781299999999997 0.652344 0.209375 0.650781 0.217188 0.653125 0.219531 0.650781 0.225 0.610938 0.220312 0.613281 0.203125 0.641406 0.192969 0.642188 0.176563 0.649219 0.155469 0.667187 0.14843800000000001 0.680469 0.147656 0.689844 0.15 0.696094 0.157812 0.699219 0.16406199999999999 0.698437
0 0.285156 0.546094 0.30156299999999997 0.533594 0.321875 0.510156 0.322656 0.503906 0.325781 0.503906 0.329688 0.507031 0.338281 0.50625 0.35859399999999997 0.492969 0.373437 0.472656 0.383594 0.449219 0.38281200000000004 0.444531 0.378906 0.444531 0.357812 0.45625 0.325781 0.482031 0.32031200000000004 0.489844 0.319531 0.500781 0.303906 0.509375 0.3 0.513281 0.29375 0.523438 0.277344 0.54375 0.277344 0.547656 0.279687 0.548438 0.285156 0.546094
0 0.177344 0.554688 0.176563 0.513281 0.180469 0.494531 0.180469 0.485938 0.178906 0.48359399999999997 0.173437 0.48359399999999997 0.171875 0.482031 0.16875 0.471875 0.16875 0.45390600000000003 0.165625 0.451562 0.160938 0.463281 0.160938 0.47656200000000004 0.16406199999999999 0.482812 0.16875 0.486719 0.161719 0.501563 0.15859399999999998 0.525781 0.160938 0.533594 0.161719 0.553125 0.163281 0.557031 0.17421899999999998 0.567188 0.176563 0.563281 0.177344 0.554688
0 0.209375 0.37421899999999997 0.2125 0.37421899999999997 0.217188 0.377344 0.21484399999999998 0.41875 0.22265600000000002 0.464844 0.23125 0.48359399999999997 0.235156 0.485938 0.240625 0.485938 0.24375 0.47656200000000004 0.244531 0.45625 0.232813 0.367969 0.228906 0.364844 0.22109399999999998 0.36718799999999996 0.208594 0.36015600000000003 0.197656 0.349219 0.192969 0.35 0.19140600000000002 0.357812 0.209375 0.37421899999999997
0 0.570312 0.4 0.607031 0.417188 0.611719 0.42109399999999997 0.619531 0.423438 0.639062 0.425 0.654687 0.420312 0.661719 0.4125 0.6625 0.409375 0.672656 0.402344 0.692187 0.4 0.7 0.403906 0.715625 0.40703100000000003 0.741406 0.40625 0.767188 0.397656 0.782031 0.384375 0.779687 0.380469 0.764844 0.378125 0.719531 0.379687 0.699219 0.384375 0.686719 0.39375 0.674219 0.395312 0.664062 0.388281 0.654687 0.384375 0.582812 0.38281200000000004 0.55625 0.380469 0.553125 0.385156 0.557031 0.39140600000000003 0.570312 0.4
1 0.785156 0.372656 0.788281 0.361719 0.7875 0.329688 0.782813 0.319531 0.782813 0.317187 0.7875 0.31328100000000003 0.7875 0.30468799999999996 0.782813 0.30625 0.779687 0.314063 0.776563 0.309375 0.769531 0.307031 0.767188 0.317187 0.767188 0.377344 0.782813 0.382031 0.785156 0.38125 0.785156 0.372656
0 0.8570309999999999 0.586719 0.853125 0.5875 0.845313 0.583594 0.840625 0.583594 0.8414059999999999 0.603125 0.867188 0.6625 0.8851559999999999 0.685156 0.8898440000000001 0.669531 0.8898440000000001 0.655469 0.8851559999999999 0.635937 0.8773440000000001 0.622656 0.8773440000000001 0.591406 0.871875 0.5875 0.8726559999999999 0.567188 0.86875 0.5625 0.8625 0.578906 0.8570309999999999 0.586719
3 0.384375 0.586719 0.403125 0.575 0.416406 0.560156 0.43828100000000003 0.573437 0.44843700000000003 0.575 0.454688 0.566406 0.455469 0.55625 0.451562 0.541406 0.455469 0.539062 0.475 0.536719 0.486719 0.53125 0.488281 0.528906 0.482812 0.526562 0.45781299999999997 0.524219 0.451562 0.517188 0.44531200000000004 0.513281 0.440625 0.513281 0.43671899999999997 0.510937 0.428125 0.49921899999999997 0.424219 0.496875 0.420312 0.496875 0.415625 0.49218799999999996 0.411719 0.491406 0.407813 0.494531 0.403906 0.502344 0.403906 0.525781 0.369531 0.557031 0.357812 0.574219 0.34296899999999997 0.5875 0.34296899999999997 0.592969 0.366406 0.592187 0.384375 0.586719
1 0.8460940000000001 0.301562 0.85 0.29609399999999997 0.855469 0.295312 0.8679690000000001 0.298438 0.8804690000000001 0.30468799999999996 0.904687 0.303906 0.904687 0.302344 0.882812 0.294531 0.853125 0.290625 0.846875 0.282813 0.83125 0.278125 0.8226559999999999 0.278906 0.8125 0.290625 0.8382809999999999 0.300781 0.8460940000000001 0.301562
0 0.931719 0.14882800000000002 0.942422 0.14625 0.951562 0.146094 0.959375 0.142188 0.9460940000000001 0.1375 0.934766 0.137187 0.9273440000000001 0.135156 0.910937 0.146875 0.917188 0.150781 0.931719 0.14882800000000002
1 0.74375 0.12265600000000002 0.755469 0.142188 0.767969 0.155469 0.782031 0.163281 0.784375 0.178125 0.790625 0.19375 0.810937 0.22343700000000002 0.8429690000000001 0.253125 0.853125 0.25781200000000004 0.8617190000000001 0.25781200000000004 0.8617190000000001 0.25 0.8570309999999999 0.23281200000000002 0.85 0.21640600000000002 0.825 0.180469 0.8117190000000001 0.166406 0.799219 0.157031 0.798438 0.145312 0.791406 0.134375 0.775 0.121875 0.755469 0.114062 0.742188 0.11171899999999998 0.741406 0.115625 0.74375 0.12265600000000002
1 0.682813 0.128125 0.686719 0.11640600000000001 0.686719 0.09531300000000001 0.701562 0.089063 0.726562 0.060937 0.728906 0.05625 0.717187 0.054688 0.7125 0.051562 0.710938 0.047656 0.708594 0.047656 0.68125 0.078125 0.675 0.090625 0.678906 0.099219 0.661719 0.14453100000000002 0.661719 0.149219 0.667969 0.146875 0.682813 0.128125
0 0.703906 0.192187 0.698438 0.227344 0.696094 0.233594 0.696094 0.257031 0.692969 0.265625 0.692969 0.271875 0.700781 0.271875 0.705469 0.277344 0.702344 0.29609399999999997 0.704688 0.325781 0.698438 0.372656 0.700781 0.382031 0.70625 0.38125 0.713281 0.375 0.719531 0.363281 0.723437 0.35 0.728906 0.316406 0.724219 0.310937 0.717969 0.290625 0.715625 0.2875 0.717187 0.284375 0.715625 0.274219 0.722656 0.269531 0.729688 0.257031 0.734375 0.228125 0.732812 0.2 0.726562 0.186719 0.720313 0.178125 0.717969 0.171094 0.710156 0.163281 0.704688 0.16406199999999999 0.703906 0.192187
0 0.575 0.24531299999999998 0.588281 0.24375 0.596875 0.2375 0.602344 0.251563 0.613281 0.264062 0.614844 0.26875 0.621094 0.267969 0.622656 0.264062 0.627344 0.260156 0.646094 0.261719 0.648438 0.264062 0.647656 0.291406 0.653906 0.295312 0.661719 0.296875 0.664844 0.295312 0.667969 0.278906 0.6625 0.265625 0.64375 0.24375 0.629687 0.234375 0.614844 0.228906 0.6 0.22968799999999998 0.596875 0.227344 0.580469 0.22265600000000002 0.569531 0.228125 0.560156 0.228125 0.554688 0.235156 0.55625 0.23906200000000002 0.575 0.24531299999999998
1 0.524219 0.432031 0.530469 0.43125 0.540625 0.425781 0.554688 0.413281 0.566406 0.397656 0.565625 0.395312 0.557031 0.389062 0.554688 0.383594 0.557813 0.38125 0.563281 0.38281200000000004 0.575781 0.382031 0.578125 0.378906 0.579688 0.371094 0.582031 0.36875 0.591406 0.367969 0.600781 0.361719 0.613281 0.357812 0.619531 0.35 0.619531 0.34375 0.614844 0.342187 0.6 0.347656 0.585156 0.349219 0.575781 0.363281 0.567969 0.364062 0.560156 0.36718799999999996 0.553125 0.37421899999999997 0.546094 0.378125 0.530469 0.39375 0.521875 0.411719 0.50625 0.427344 0.507031 0.42968799999999996 0.509375 0.43125 0.524219 0.432031
0 0.582812 0 0.567187 0.035156 0.564063 0.046094 0.564063 0.060937 0.575781 0.059375 0.576562 0.061719 0.564063 0.089063 0.560937 0.105469 0.554688 0.121875 0.55625 0.12734399999999998 0.564844 0.12343699999999999 0.578125 0.11171899999999998 0.586719 0.1 0.594531 0.085156 0.596875 0.078125 0.595313 0.060156 0.589063 0.053125 0.6 0.046094 0.616406 0.047656 0.630469 0.046875 0.630469 0.044531 0.622656 0.040625 0.610156 0.039844000000000004 0.603125 0.041406 0.603906 0.0375 0.6125 0.025781 0.621094 0.00625 0.621875 0 0.582812 0
2 0.46796899999999997 0.08203099999999999 0.474219 0.10390600000000001 0.474219 0.109375 0.478906 0.124219 0.482031 0.126563 0.486719 0.125781 0.4875 0.10234399999999999 0.477344 0.077344 0.470313 0.06875 0.46875 0.071094 0.46796899999999997 0.08203099999999999
2 0.504687 0.038280999999999996 0.527344 0.058594 0.538281 0.063281 0.548438 0.063281 0.559375 0.058594 0.560156 0.052344 0.553906 0.046094 0.535156 0.038280999999999996 0.505469 0.022656000000000003 0.49375 0.021093999999999998 0.49375 0.025781 0.504687 0.038280999999999996
0 0.38281200000000004 0.360938 0.40625 0.35156200000000004 0.415625 0.345313 0.42656299999999997 0.334375 0.435156 0.31875 0.43671899999999997 0.310156 0.439063 0.307031 0.450781 0.317187 0.46406200000000003 0.319531 0.484375 0.317187 0.497656 0.310937 0.496875 0.30625 0.449219 0.303906 0.444531 0.300781 0.441406 0.296875 0.439844 0.290625 0.43828100000000003 0.290625 0.43281200000000003 0.29609399999999997 0.427344 0.296875 0.40703100000000003 0.307813 0.37968799999999997 0.32734399999999997 0.35156200000000004 0.354688 0.350781 0.361719 0.366406 0.3625 0.38281200000000004 0.360938
2 0.533594 0.29375 0.539062 0.30468799999999996 0.548438 0.314844 0.553125 0.317187 0.553906 0.314063 0.548438 0.294531 0.5375 0.27343799999999996 0.532813 0.26875 0.53125 0.285156 0.533594 0.29375
0 0.326562 0.26640600000000003 0.357031 0.25781200000000004 0.372656 0.249219 0.377344 0.244531 0.37968799999999997 0.23671899999999998 0.37968799999999997 0.227344 0.384375 0.227344 0.392969 0.2375 0.407813 0.244531 0.424219 0.24765600000000002 0.433594 0.24765600000000002 0.463281 0.242188 0.475781 0.2375 0.482031 0.233594 0.482031 0.226562 0.477344 0.211719 0.472656 0.20781200000000002 0.434375 0.210156 0.39531299999999997 0.21640600000000002 0.378906 0.22343700000000002 0.367969 0.22343700000000002 0.357031 0.23046899999999998 0.30781200000000003 0.251563 0.300781 0.25781200000000004 0.29765600000000003 0.258594 0.29609399999999997 0.264062 0.30781200000000003 0.267188 0.326562 0.26640600000000003
2 0.375 0.20781200000000002 0.376563 0.203906 0.37578100000000003 0.192969 0.37031200000000003 0.18984399999999998 0.36406299999999997 0.19140600000000002 0.361719 0.20078100000000002 0.350781 0.213281 0.35 0.21718700000000002 0.357031 0.21875 0.375 0.20781200000000002
1 0.2625 0.083594 0.290625 0.11093800000000001 0.317969 0.128125 0.32343700000000003 0.126563 0.32734399999999997 0.129687 0.33906200000000003 0.129687 0.339844 0.126563 0.338281 0.12265600000000002 0.321875 0.11093800000000001 0.305469 0.092969 0.295312 0.088281 0.289844 0.083594 0.267969 0.07421900000000001 0.261719 0.077344 0.26093700000000003 0.080469 0.2625 0.083594
0 0.19375 0.178125 0.209375 0.163281 0.242969 0.115625 0.24375 0.09531300000000001 0.240625 0.085156 0.241406 0.078125 0.24531200000000003 0.075781 0.264062 0.073438 0.283594 0.065625 0.314844 0.042187999999999996 0.316406 0.0375 0.32734399999999997 0.021875 0.325 0.01875 0.31718799999999997 0.019531 0.307031 0.024218999999999997 0.279687 0.03125 0.267188 0.038280999999999996 0.258594 0.046875 0.24765600000000002 0.063281 0.2375 0.067969 0.227344 0.07968800000000001 0.217188 0.085156 0.20078100000000002 0.103125 0.178125 0.150781 0.170313 0.176562 0.16875 0.188281 0.170313 0.19140600000000002 0.17421899999999998 0.192187 0.19375 0.178125
0 0.16796899999999998 0.41875 0.171094 0.403906 0.178125 0.39140600000000003 0.184375 0.369531 0.19921899999999998 0.330469 0.20078100000000002 0.307813 0.196875 0.294531 0.201563 0.290625 0.209375 0.28906200000000004 0.221875 0.272656 0.226562 0.263281 0.234375 0.2375 0.244531 0.224219 0.24609399999999998 0.21640600000000002 0.242969 0.2125 0.235937 0.213281 0.22343799999999997 0.225 0.217188 0.227344 0.18984399999999998 0.258594 0.18359399999999998 0.271094 0.18359399999999998 0.278906 0.188281 0.2875 0.188281 0.290625 0.17578100000000002 0.296875 0.1625 0.309375 0.149219 0.33125 0.147656 0.346094 0.140625 0.357812 0.135156 0.361719 0.135156 0.377344 0.141406 0.396875 0.153125 0.408594 0.161719 0.42109399999999997 0.166406 0.42109399999999997 0.16796899999999998 0.41875
0 0.047656 0.261719 0.050781 0.26875 0.054688 0.288281 0.0625 0.30468799999999996 0.076563 0.321875 0.086719 0.328125 0.09765599999999999 0.329688 0.10234399999999999 0.334375 0.107813 0.352344 0.11171899999999998 0.35625 0.11484399999999999 0.364844 0.114062 0.378125 0.11953100000000001 0.378906 0.124219 0.38281200000000004 0.134375 0.400781 0.14296899999999998 0.407813 0.14375 0.401563 0.139063 0.395312 0.139063 0.389062 0.134375 0.37578100000000003 0.13281199999999999 0.360938 0.125781 0.353125 0.123438 0.341406 0.11796899999999999 0.332812 0.115625 0.325781 0.115625 0.31328100000000003 0.108594 0.29375 0.09765599999999999 0.28046899999999997 0.047656 0.24375 0.045312000000000005 0.24765600000000002 0.047656 0.261719
2 0.067187 0.382031 0.073438 0.365625 0.071875 0.36015600000000003 0.06875 0.35859399999999997 0.063281 0.359375 0.049219 0.396094 0.05 0.4 0.054688 0.399219 0.067187 0.382031
2 0.011719 0.392969 0.017188000000000002 0.392188 0.026562000000000002 0.397656 0.041406 0.403125 0.05 0.403125 0.052344 0.400781 0.022656000000000003 0.38281200000000004 0.01875 0.378906 0.015625 0.378906 0.009375 0.385156 0.008594000000000001 0.389062 0.011719 0.392969
2 0 0.55625 0.00625 0.55625 0.014844 0.552344 0.01875 0.547656 0.029687 0.541406 0.038280999999999996 0.532031 0.04375 0.51875 0.042969 0.507812 0.044531 0.50625 0.052344 0.508594 0.061719 0.507031 0.06875 0.502344 0.06875 0.496875 0.053125 0.500781 0.036719 0.5 0.032812999999999995 0.503906 0.030469000000000003 0.5125 0.023438 0.521875 0 0.545312 0 0.55625
1 0 0.31171899999999997 0.007031 0.309375 0.025 0.295312 0.04375 0.305469 0.055469000000000004 0.307813 0.064062 0.307031 0.052344 0.28125 0.032031 0.278125 0.026562000000000002 0.278906 0.014063 0.292188 0.005469 0.299219 0 0.300781 0 0.31171899999999997
1 0 0.09218699999999999 0.010936999999999999 0.09218699999999999 0.014063 0.090625 0.023438 0.078125 0.038280999999999996 0.064844 0.048437999999999995 0.046094 0.063281 0.03125 0.065625 0.025781 0.064844 0.021093999999999998 0.060937 0.019531 0.039844000000000004 0.021093999999999998 0.014063 0.030469000000000003 0 0.038280999999999996 0 0.09218699999999999
2 0.388281 0.372656 0.39140600000000003 0.375 0.39531299999999997 0.383594 0.403906 0.388281 0.415625 0.400781 0.424219 0.404687 0.424219 0.395312 0.416406 0.379687 0.403906 0.360938 0.39843799999999996 0.357031 0.38984399999999997 0.359375 0.388281 0.360938 0.388281 0.372656