1 0.241406 0.606641 0.25351599999999996 0.604688 0.253125 0.570703 0.23828100000000002 0.570703 0.237891 0.576562 0.23164099999999999 0.585156 0.233203 0.596875 0.228125 0.601953 0.220703 0.602344 0.220703 0.61875 0.22968700000000003 0.619141 0.241406 0.606641
0 0.667188 0.646094 0.66875 0.657031 0.675781 0.671094 0.6875 0.68125 0.701562 0.6875 0.702344 0.678906 0.7 0.673438 0.694531 0.66875 0.692187 0.661719 0.68125 0.65 0.678125 0.642188 0.663281 0.628906 0.661719 0.625 0.663281 0.639062 0.667188 0.646094
0 1 0.746094 0.9976559999999999 0.745313 0.985938 0.7125 0.96875 0.689844 0.9632809999999999 0.686719 0.959375 0.6875 0.9601559999999999 0.70625 0.9679690000000001 0.721094 0.9976559999999999 0.760156 1 0.760156 1 0.746094
0 0.4875 0.845313 0.486719 0.8898440000000001 0.4875 0.9226559999999999 0.490625 0.925 0.494531 0.921875 0.501563 0.903125 0.504687 0.8851559999999999 0.504687 0.85625 0.496875 0.8304690000000001 0.496094 0.820312 0.492969 0.814063 0.489844 0.8125 0.491406 0.835938 0.4875 0.845313
0 0.50625 0.051562 0.496875 0.060156 0.5 0.067969 0.501563 0.08125 0.491406 0.095312 0.49375 0.10078100000000001 0.498437 0.09765599999999999 0.503906 0.086719 0.510156 0.085938 0.520312 0.053905999999999996 0.528125 0.042187999999999996 0.532813 0.025781 0.529687 0.022656000000000003 0.515625 0.035156 0.50625 0.051562
0 0.678125 0.225 0.68125 0.228906 0.685937 0.228906 0.689844 0.226562 0.696875 0.23671899999999998 0.702344 0.239844 0.725781 0.24609399999999998 0.789062 0.24531200000000003 0.797656 0.24375 0.801562 0.240625 0.797656 0.23671899999999998 0.7875 0.232813 0.74375 0.22109399999999998 0.732812 0.21640600000000002 0.703906 0.21406200000000003 0.696875 0.217188 0.692969 0.221875 0.682031 0.219531 0.672656 0.220312 0.673438 0.225 0.678125 0.225
0 0.392188 0.36875 0.392188 0.373437 0.389062 0.376563 0.383594 0.378125 0.364844 0.38984399999999997 0.36015600000000003 0.39531299999999997 0.359375 0.403125 0.35156200000000004 0.410156 0.346875 0.411719 0.35 0.416406 0.347656 0.424219 0.330469 0.459375 0.325 0.464844 0.321094 0.464844 0.314844 0.46875 0.32031200000000004 0.485938 0.325781 0.489844 0.334375 0.4875 0.352344 0.46953100000000003 0.36718799999999996 0.446094 0.378125 0.41875 0.378125 0.409375 0.403906 0.389062 0.403906 0.376563 0.400781 0.37031200000000003 0.396875 0.367969 0.392188 0.36875
0 0.653125 0.411719 0.624219 0.41875 0.58125 0.42109399999999997 0.572656 0.423438 0.571094 0.428125 0.575781 0.432031 0.5875 0.435937 0.591406 0.439063 0.61875 0.439844 0.639844 0.44218799999999997 0.646875 0.444531 0.654687 0.44218799999999997 0.6625 0.43671899999999997 0.665625 0.428125 0.665625 0.421875 0.660156 0.413281 0.653125 0.411719
0 0.771094 0.510938 0.776563 0.516406 0.779687 0.517188 0.782813 0.510156 0.7875 0.507812 0.796875 0.523438 0.814063 0.528125 0.834375 0.528906 0.8539059999999999 0.525 0.867188 0.517969 0.8664059999999999 0.509375 0.857812 0.503906 0.847656 0.502344 0.84375 0.497656 0.8460940000000001 0.49375 0.821875 0.494531 0.8054690000000001 0.490625 0.786719 0.48906299999999997 0.775 0.49218799999999996 0.770312 0.49921899999999997 0.764062 0.501563 0.764844 0.507812 0.771094 0.510938
0 0.945312 0.578125 0.945312 0.621875 0.9429690000000001 0.650781 0.946875 0.661719 0.9507809999999999 0.664844 0.9554690000000001 0.664844 0.957031 0.659375 0.9679690000000001 0.652344 0.975 0.642188 0.9773440000000001 0.630469 0.9773440000000001 0.614844 0.973437 0.599219 0.967187 0.585156 0.9523440000000001 0.564063 0.95 0.564063 0.946875 0.567969 0.945312 0.578125
0 0.9125 0.935937 0.935937 0.959375 0.946875 0.9664059999999999 0.9664059999999999 0.975 0.9851559999999999 0.980469 0.988281 0.9789059999999999 0.979688 0.964063 0.948438 0.9304690000000001 0.921875 0.915625 0.9148440000000001 0.915625 0.907813 0.9117190000000001 0.90625 0.9164059999999999 0.9125 0.935937
0 0.464844 0.760156 0.470313 0.784375 0.477344 0.800781 0.484375 0.8039059999999999 0.490625 0.810937 0.49375 0.808594 0.501563 0.794531 0.500781 0.782813 0.48359399999999997 0.757031 0.470313 0.745313 0.465625 0.745313 0.46406200000000003 0.746875 0.464844 0.760156
0 0.446094 0.533594 0.460156 0.551562 0.48359399999999997 0.586719 0.503125 0.60625 0.513281 0.6125 0.522656 0.614062 0.530469 0.610938 0.5375 0.598437 0.536719 0.592969 0.532031 0.586719 0.49218799999999996 0.548438 0.475781 0.535937 0.451562 0.522656 0.444531 0.522656 0.442969 0.526563 0.446094 0.533594
0 0.189062 0.494531 0.188281 0.49921899999999997 0.177344 0.510938 0.17578100000000002 0.517969 0.177344 0.521094 0.194531 0.53125 0.197656 0.536719 0.21640600000000002 0.551562 0.22109399999999998 0.553125 0.22343799999999997 0.549219 0.22265600000000002 0.541406 0.20781299999999997 0.517188 0.196094 0.505469 0.197656 0.501563 0.201563 0.498437 0.202344 0.494531 0.20703100000000002 0.490625 0.217969 0.475 0.22109399999999998 0.466406 0.21640600000000002 0.465625 0.204687 0.475 0.189062 0.494531
0 0.4 0.1875 0.396094 0.202344 0.392188 0.225781 0.392188 0.242188 0.396094 0.25781200000000004 0.400781 0.255469 0.404687 0.24531200000000003 0.407813 0.244531 0.40625 0.242969 0.407813 0.228125 0.420312 0.196875 0.41718700000000003 0.17968800000000001 0.4125 0.176563 0.403906 0.180469 0.4 0.1875
0 0.389062 0.296875 0.384375 0.314063 0.388281 0.31718799999999997 0.40156200000000003 0.31328100000000003 0.404687 0.308594 0.413281 0.28203100000000003 0.4125 0.267969 0.409375 0.265625 0.39843799999999996 0.27656200000000003 0.389062 0.296875
0 0.58125 0.071094 0.614062 0.071875 0.627344 0.069531 0.635156 0.061719 0.646875 0.061719 0.65 0.05625 0.648438 0.050781 0.634375 0.040625 0.627344 0.038280999999999996 0.610156 0.038280999999999996 0.591406 0.041406 0.586719 0.04375 0.576562 0.052344 0.574219 0.057031 0.575 0.064844 0.58125 0.071094
1 0.9597659999999999 0.8882809999999999 0.9519529999999999 0.8875 0.950391 0.8804690000000001 0.930078 0.8507809999999999 0.9066409999999999 0.834375 0.9066409999999999 0.8257809999999999 0.903516 0.8195309999999999 0.8957029999999999 0.814063 0.8957029999999999 0.808594 0.878906 0.808203 0.878516 0.81875 0.886328 0.834375 0.871094 0.8347659999999999 0.870703 0.845313 0.901563 0.845703 0.925391 0.8648440000000001 0.934766 0.879687 0.945703 0.8898440000000001 0.9460940000000001 0.8972659999999999 0.959375 0.8972659999999999 0.9597659999999999 0.8882809999999999
1 0.328125 0.280078 0.321094 0.280078 0.303125 0.266016 0.275781 0.25351599999999996 0.264453 0.24531200000000003 0.264062 0.239453 0.176953 0.239844 0.177344 0.251953 0.198437 0.25351599999999996 0.208594 0.248828 0.232813 0.250391 0.244531 0.267578 0.277344 0.28476599999999996 0.30156299999999997 0.291016 0.302344 0.297266 0.328125 0.297266 0.328125 0.280078
1 0.461719 0.34726599999999996 0.484375 0.344141 0.503906 0.330078 0.510938 0.330078 0.519531 0.336328 0.528125 0.336328 0.564063 0.323828 0.589453 0.303125 0.587891 0.289844 0.530469 0.289453 0.5300779999999999 0.295312 0.517969 0.30039099999999996 0.504687 0.31601599999999996 0.49531200000000003 0.320703 0.48359399999999997 0.320703 0.45781299999999997 0.333203 0.45234399999999997 0.333203 0.45195299999999994 0.353125 0.46093799999999996 0.353516 0.461719 0.34726599999999996
1 0.872266 0.42968799999999996 0.872266 0.411719 0.8660159999999999 0.41093799999999997 0.862891 0.38984399999999997 0.8648440000000001 0.386328 0.872266 0.38593700000000003 0.872266 0.34453100000000003 0.8660159999999999 0.34375 0.854688 0.314453 0.839844 0.314453 0.839453 0.38281200000000004 0.845313 0.383203 0.8503909999999999 0.388281 0.856641 0.43125 0.864062 0.43320299999999995 0.872266 0.42968799999999996
1 0.776953 0.34453100000000003 0.7644529999999999 0.328125 0.767578 0.321875 0.767188 0.301953 0.753906 0.301953 0.7535160000000001 0.309375 0.746875 0.314453 0.726953 0.314844 0.727344 0.325391 0.748437 0.326953 0.767578 0.347656 0.767969 0.353516 0.776563 0.353516 0.776953 0.34453100000000003
1 0.5972660000000001 0.727344 0.589453 0.725 0.575391 0.694531 0.562891 0.68125 0.5363279999999999 0.640625 0.533203 0.627344 0.525781 0.626953 0.525391 0.632812 0.521094 0.634766 0.51875 0.626953 0.508594 0.626953 0.508203 0.645312 0.514062 0.6457029999999999 0.5191410000000001 0.650781 0.5191410000000001 0.664062 0.528516 0.680469 0.528516 0.685937 0.557031 0.719141 0.578906 0.736328 0.5875 0.7394529999999999 0.589844 0.747266 0.596875 0.747266 0.5972660000000001 0.727344
1 0.6863279999999999 0.826562 0.696094 0.805078 0.712891 0.804688 0.710938 0.797266 0.6910160000000001 0.782813 0.690625 0.776953 0.678906 0.776953 0.678516 0.79375 0.6707029999999999 0.796094 0.6707029999999999 0.834375 0.678125 0.8347659999999999 0.6863279999999999 0.826562
1 0.705078 0.32890600000000003 0.689453 0.307031 0.6769529999999999 0.295312 0.676562 0.289453 0.633203 0.289844 0.633594 0.305078 0.653125 0.305078 0.672656 0.330078 0.6910160000000001 0.341406 0.691406 0.34726599999999996 0.704688 0.34726599999999996 0.705078 0.32890600000000003
1 0.48476600000000003 0.478906 0.49257799999999996 0.47343799999999997 0.502344 0.45820299999999997 0.513281 0.46445299999999995 0.525 0.46445299999999995 0.532813 0.46132799999999996 0.5347660000000001 0.457031 0.529687 0.45351600000000003 0.522656 0.45351600000000003 0.520312 0.44570299999999996 0.488281 0.44570299999999996 0.486328 0.454688 0.47656200000000004 0.46445299999999995 0.470703 0.464844 0.470703 0.484375 0.484375 0.48476600000000003 0.48476600000000003 0.478906
2 0.46601600000000004 0.40546899999999997 0.459766 0.404687 0.455078 0.39140600000000003 0.43632799999999994 0.369531 0.423438 0.359766 0.419531 0.359766 0.41718700000000003 0.351953 0.402344 0.351953 0.40195299999999995 0.390625 0.44375 0.408203 0.446094 0.41601600000000005 0.465625 0.41601600000000005 0.46601600000000004 0.40546899999999997
1 0.638281 0.370703 0.66875 0.355078 0.6707029999999999 0.346094 0.639844 0.345703 0.639062 0.353516 0.627344 0.356641 0.626953 0.378125 0.635938 0.37851599999999996 0.638281 0.370703
1 0.894141 0.24609399999999998 0.885938 0.237891 0.870313 0.228516 0.8503909999999999 0.221875 0.8503909999999999 0.20078100000000002 0.847266 0.194531 0.828125 0.172266 0.808203 0.157812 0.807813 0.151953 0.789453 0.15234399999999998 0.789453 0.171875 0.795312 0.172266 0.805078 0.182031 0.8191409999999999 0.209375 0.8382809999999999 0.233203 0.85 0.233203 0.878906 0.250391 0.892188 0.251953 0.894141 0.24609399999999998
2 0.694141 0.285156 0.719141 0.25468799999999997 0.720313 0.239453 0.699219 0.239453 0.698828 0.246875 0.6910160000000001 0.259375 0.683203 0.261719 0.683203 0.290625 0.69375 0.291016 0.694141 0.285156
1 0.8035159999999999 0.457031 0.7957029999999999 0.454688 0.792578 0.441406 0.781641 0.42656299999999997 0.7800779999999999 0.414844 0.764844 0.41445299999999996 0.7644529999999999 0.451562 0.772266 0.45390600000000003 0.773828 0.467187 0.785156 0.487891 0.803125 0.48945299999999997 0.8035159999999999 0.457031
1 0.15976600000000002 0.307031 0.150391 0.30468799999999996 0.14882800000000002 0.29609399999999997 0.142578 0.29218700000000003 0.135937 0.281641 0.12734399999999998 0.281641 0.126953 0.303125 0.135937 0.305078 0.147266 0.316406 0.147656 0.322266 0.159375 0.322266 0.15976600000000002 0.307031
2 0.710938 0.425391 0.745313 0.40507799999999994 0.751953 0.39843799999999996 0.751953 0.38984399999999997 0.727344 0.389453 0.725 0.397266 0.683594 0.412891 0.683203 0.42968799999999996 0.692187 0.43007799999999996 0.710938 0.425391
1 0.9992190000000001 0.230078 0.980078 0.221875 0.986328 0.209375 0.986328 0.20078100000000002 0.976953 0.184375 0.976953 0.177344 0.964844 0.176953 0.964453 0.198437 0.972266 0.20078100000000002 0.972266 0.210938 0.964453 0.213281 0.964453 0.234375 0.975 0.23476599999999997 0.9992190000000001 0.245703 0.9992190000000001 0.230078
1 0.427344 0.703516 0.435937 0.7019529999999999 0.441406 0.6925779999999999 0.44726600000000005 0.692187 0.446875 0.6707029999999999 0.435156 0.6707029999999999 0.428125 0.687891 0.408203 0.691406 0.408203 0.709375 0.42656299999999997 0.709766 0.427344 0.703516
0 0.176953 0 0.177344 0.011328000000000001 0.182812 0.011328000000000001 0.19140600000000002 0.017578 0.23828100000000002 0.034766000000000005 0.248438 0.036328 0.253125 0.033202999999999996 0.274219 0.053515999999999994 0.289844 0.06132800000000001 0.303906 0.06445300000000001 0.334766 0.064062 0.334375 0.056641 0.325781 0.055078 0.315625 0.045703 0.284375 0.031641 0.267969 0.028516000000000003 0.256641 0.015625 0.255078 0.008594000000000001 0.242969 0.0035159999999999996 0.24101599999999998 0 0.176953 0
1 0.20039099999999999 0.8351559999999999 0.21406200000000003 0.830078 0.23125 0.8175779999999999 0.232813 0.808203 0.20546899999999998 0.808203 0.205078 0.814063 0.198437 0.8175779999999999 0.18515600000000002 0.816016 0.182812 0.808203 0.170703 0.808594 0.170703 0.829688 0.178125 0.830078 0.189453 0.851562 0.196875 0.8535159999999999 0.20039099999999999 0.8351559999999999
1 0.9992190000000001 0.264453 0.980469 0.264453 0.980078 0.271875 0.970313 0.281641 0.9582029999999999 0.286719 0.9582029999999999 0.309375 0.965625 0.309766 0.9691409999999999 0.31328100000000003 0.9742190000000001 0.334766 0.980078 0.334375 0.980078 0.32890600000000003 0.9847659999999999 0.32343700000000003 0.9847659999999999 0.314844 0.980078 0.309375 0.981641 0.303906 0.9992190000000001 0.291016 0.9992190000000001 0.264453
1 0.164844 0.409766 0.18125 0.412891 0.2125 0.40195299999999995 0.233203 0.384375 0.233203 0.377344 0.202344 0.376953 0.2 0.384766 0.17968800000000001 0.391016 0.15234399999999998 0.39414099999999996 0.151953 0.41718700000000003 0.160938 0.41757799999999995 0.164844 0.409766
1 0.084766 0.702344 0.108594 0.680078 0.11484399999999999 0.6863279999999999 0.12851600000000002 0.685937 0.128125 0.681641 0.11914100000000001 0.679688 0.11914100000000001 0.675781 0.114453 0.671875 0.114062 0.664453 0.039844000000000004 0.664453 0.039062 0.6707029999999999 0.033202999999999996 0.671094 0.033594 0.683203 0.067187 0.6863279999999999 0.08125 0.6910160000000001 0.08164099999999999 0.709375 0.084375 0.709766 0.084766 0.702344
2 0.9222659999999999 0.433594 0.9164059999999999 0.43320299999999995 0.896875 0.41132799999999997 0.8851559999999999 0.40351600000000004 0.882812 0.395703 0.8648440000000001 0.395703 0.8644529999999999 0.43125 0.871875 0.43164100000000005 0.8757809999999999 0.43789100000000003 0.892188 0.44570299999999996 0.894531 0.45351600000000003 0.921875 0.45351600000000003 0.9222659999999999 0.433594
2 0.698828 0.728906 0.703516 0.722656 0.710156 0.716016 0.716016 0.715625 0.715625 0.695703 0.700781 0.695703 0.697266 0.707812 0.6875 0.7175779999999999 0.673438 0.728516 0.664453 0.730469 0.664844 0.741016 0.696875 0.741016 0.698828 0.728906
1 0.8488279999999999 0.047656 0.859375 0.045703 0.863281 0.037891 0.884375 0.036328 0.910937 0.023828 0.9207029999999999 0.015625 0.9207029999999999 0.008594000000000001 0.8804690000000001 0.008203 0.878125 0.016016 0.8679690000000001 0.017578 0.854688 0.028516000000000003 0.8507809999999999 0.028516000000000003 0.83125 0.017578 0.767969 0.017578 0.765625 0.008203 0.751953 0.008594000000000001 0.752344 0.031641 0.777344 0.041016000000000004 0.815625 0.045703 0.8191409999999999 0.047656 0.8195309999999999 0.053515999999999994 0.848437 0.053515999999999994 0.8488279999999999 0.047656
1 0.820703 0.628906 0.8285159999999999 0.628125 0.8285159999999999 0.560156 0.8226559999999999 0.559766 0.8191409999999999 0.550781 0.8128909999999999 0.546875 0.808203 0.521094 0.796094 0.5207029999999999 0.7957029999999999 0.554688 0.801562 0.555078 0.8035159999999999 0.558594 0.8066409999999999 0.620313 0.8128909999999999 0.633594 0.8128909999999999 0.640625 0.817187 0.641016 0.820703 0.628906
1 0.6394529999999999 0 0.6394529999999999 0.042187999999999996 0.647266 0.042969 0.6550779999999999 0.058594 0.6550779999999999 0.065625 0.6625 0.06601599999999999 0.664453 0.050781 0.651953 0.025781 0.6613279999999999 0.014063 0.662891 0 0.6394529999999999 0
2 0.766016 0.572656 0.781641 0.559375 0.787891 0.547656 0.7957029999999999 0.540625 0.797266 0.533594 0.8035159999999999 0.532813 0.8035159999999999 0.517969 0.7957029999999999 0.515625 0.795312 0.508203 0.7800779999999999 0.508594 0.7800779999999999 0.517188 0.761328 0.554688 0.751953 0.558594 0.751953 0.578125 0.765625 0.578516 0.766016 0.572656
1 0.098828 0.688281 0.108594 0.680078 0.11484399999999999 0.6863279999999999 0.12851600000000002 0.685937 0.128125 0.681641 0.11914100000000001 0.679688 0.11914100000000001 0.675781 0.114453 0.671875 0.114062 0.664453 0.039844000000000004 0.664453 0.039062 0.6707029999999999 0.033202999999999996 0.671094 0.033594 0.681641 0.06875 0.6863279999999999 0.08125 0.689453 0.083594 0.697266 0.098437 0.697266 0.098828 0.688281
1 0.925391 0.271094 0.950391 0.253125 0.95 0.245703 0.9273440000000001 0.245703 0.9269529999999999 0.251563 0.920312 0.259766 0.8957029999999999 0.26640600000000003 0.8957029999999999 0.290625 0.917188 0.291016 0.925391 0.271094
2 0.726953 0.21484399999999998 0.7488279999999999 0.192188 0.759766 0.164844 0.766016 0.16406199999999999 0.765625 0.120703 0.744531 0.120703 0.742578 0.13125 0.716016 0.173437 0.7082029999999999 0.17421899999999998 0.7082029999999999 0.221875 0.726562 0.222266 0.726953 0.21484399999999998
1 0.25351599999999996 0.719531 0.24609399999999998 0.719141 0.236328 0.709375 0.23164099999999999 0.703125 0.23164099999999999 0.696094 0.21484399999999998 0.695703 0.214453 0.723437 0.226562 0.725391 0.23046899999999998 0.734766 0.253125 0.734766 0.25351599999999996 0.719531