0 0.308594 0.597656 0.29375 0.605469 0.278906 0.617969 0.269531 0.630469 0.25625 0.639844 0.253906 0.647656 0.249219 0.653125 0.249219 0.657813 0.251563 0.6625 0.263281 0.66875 0.276563 0.66875 0.291406 0.664844 0.31171899999999997 0.653906 0.336719 0.628906 0.354688 0.596094 0.353906 0.592187 0.35156200000000004 0.590625 0.325781 0.592969 0.308594 0.597656
0 0.541406 0.43671899999999997 0.532813 0.440625 0.513281 0.439063 0.507812 0.442969 0.507031 0.450781 0.508594 0.455469 0.514062 0.46093799999999996 0.533594 0.464844 0.550781 0.457812 0.560937 0.446094 0.561719 0.441406 0.558594 0.4375 0.552344 0.435156 0.541406 0.43671899999999997
0 0.8625 0.8523440000000001 0.8578129999999999 0.8585940000000001 0.854687 0.8695309999999999 0.8578129999999999 0.870312 0.8625 0.8679690000000001 0.8734379999999999 0.867188 0.882812 0.8625 0.894531 0.8507809999999999 0.8960940000000001 0.8453120000000001 0.894531 0.8421879999999999 0.8914059999999999 0.839844 0.885938 0.839844 0.8625 0.8523440000000001
0 0.6 0.345313 0.59375 0.34453100000000003 0.592969 0.353125 0.6 0.357812 0.608594 0.36718799999999996 0.615625 0.378906 0.622656 0.380469 0.626563 0.385156 0.638281 0.3875 0.641406 0.392969 0.649219 0.392969 0.646875 0.375 0.621875 0.357031 0.6 0.345313
0 0.8507809999999999 0.335156 0.8421879999999999 0.328125 0.8367190000000001 0.328125 0.835938 0.334375 0.828125 0.335156 0.80625 0.34375 0.792187 0.35156200000000004 0.790625 0.35625 0.799219 0.35625 0.815625 0.350781 0.8265629999999999 0.349219 0.8453120000000001 0.349219 0.854687 0.353906 0.8664059999999999 0.353125 0.8617190000000001 0.350781 0.8601559999999999 0.346094 0.8507809999999999 0.335156
0 0.520313 0.153125 0.513281 0.15234399999999998 0.514062 0.159375 0.5125 0.1625 0.514844 0.16015600000000002 0.517969 0.16015600000000002 0.548438 0.182813 0.553906 0.182813 0.553125 0.177344 0.538281 0.16406199999999999 0.520313 0.153125
0 0.511719 0.292969 0.4875 0.283594 0.47656200000000004 0.284375 0.47656200000000004 0.28906200000000004 0.480469 0.294531 0.496094 0.301562 0.517188 0.315625 0.522656 0.316406 0.523438 0.310156 0.519531 0.302344 0.511719 0.292969
0 0.425 0.18515600000000002 0.42265600000000003 0.202344 0.425781 0.217969 0.432031 0.23281200000000002 0.424219 0.23281200000000002 0.419531 0.228125 0.40703100000000003 0.227344 0.404687 0.225781 0.39140600000000003 0.227344 0.390625 0.228906 0.392969 0.23203100000000002 0.411719 0.233594 0.416406 0.23671899999999998 0.427344 0.2375 0.43125 0.239844 0.44531200000000004 0.2375 0.440625 0.219531 0.441406 0.2 0.449219 0.175 0.454688 0.166406 0.46093799999999996 0.150781 0.460156 0.145312 0.45234399999999997 0.14843800000000001 0.4375 0.161719 0.425 0.18515600000000002
0 0.277344 0 0.27343799999999996 0.009375 0.260938 0.028905999999999998 0.261719 0.0375 0.260156 0.039844000000000004 0.24765600000000002 0.028125 0.23281200000000002 0.019531 0.21406299999999998 0.014062 0.180469 0.010938 0.172656 0.0125 0.171875 0.017969 0.180469 0.024218999999999997 0.20546899999999998 0.034375 0.23828100000000002 0.042187999999999996 0.260156 0.05 0.263281 0.053125 0.267969 0.053125 0.26875 0.035937000000000004 0.271875 0.032812999999999995 0.272656 0.027344 0.282813 0.0078119999999999995 0.285156 0 0.277344 0
0 0.8265629999999999 0.8414059999999999 0.8226559999999999 0.8570309999999999 0.8210940000000001 0.8898440000000001 0.8257809999999999 0.9 0.8304690000000001 0.898438 0.839844 0.8890629999999999 0.8523440000000001 0.871875 0.859375 0.8578129999999999 0.8664059999999999 0.8273440000000001 0.865625 0.809375 0.8625 0.8039059999999999 0.8539059999999999 0.80625 0.8429690000000001 0.815625 0.8265629999999999 0.8414059999999999
0 0.29375 0.378906 0.28203100000000003 0.378906 0.270312 0.382031 0.26875 0.380469 0.271875 0.376563 0.26640600000000003 0.375 0.264062 0.370313 0.260156 0.371875 0.252344 0.36718799999999996 0.25078100000000003 0.36875 0.25 0.377344 0.252344 0.379687 0.251563 0.385156 0.26875 0.395312 0.29765600000000003 0.4 0.310156 0.403906 0.340625 0.403906 0.34375 0.400781 0.342187 0.39843799999999996 0.316406 0.384375 0.29375 0.378906
0 0.217969 0.604687 0.21484399999999998 0.613281 0.21406299999999998 0.625 0.2125 0.626563 0.21484399999999998 0.632031 0.202344 0.625 0.182031 0.622656 0.15234399999999998 0.623437 0.14375 0.626563 0.140625 0.63125 0.15 0.640625 0.15234399999999998 0.648438 0.155469 0.65 0.22109399999999998 0.646875 0.22031299999999998 0.639062 0.224219 0.63125 0.228125 0.613281 0.23671899999999998 0.596094 0.24375 0.589844 0.242969 0.582031 0.241406 0.580469 0.23671899999999998 0.58125 0.217969 0.604687
0 0.46093799999999996 0.460156 0.447656 0.45234399999999997 0.428125 0.44375 0.420312 0.442187 0.40546899999999997 0.442187 0.392188 0.446875 0.386719 0.450781 0.3875 0.45390600000000003 0.394531 0.46093799999999996 0.403125 0.466406 0.44375 0.485938 0.473437 0.505469 0.486719 0.507812 0.485938 0.492969 0.478125 0.478906 0.46093799999999996 0.460156
0 0.627344 0.603125 0.603125 0.577344 0.596094 0.574219 0.589844 0.576562 0.584375 0.585938 0.588281 0.599219 0.600781 0.6125 0.614844 0.621875 0.620312 0.623437 0.625781 0.617969 0.628906 0.611719 0.627344 0.603125
0 0.783594 0.915625 0.778906 0.910937 0.769531 0.9085940000000001 0.767969 0.90625 0.76875 0.8625 0.766406 0.85 0.760937 0.8382809999999999 0.734375 0.80625 0.721094 0.796875 0.715625 0.7953129999999999 0.714062 0.796875 0.714062 0.8039059999999999 0.717969 0.820312 0.71875 0.8375 0.722656 0.8585940000000001 0.732031 0.8835940000000001 0.736719 0.884375 0.739844 0.8820309999999999 0.74375 0.8820309999999999 0.752344 0.8929690000000001 0.752344 0.9007809999999999 0.75625 0.9078120000000001 0.754688 0.925 0.75625 0.933594 0.76875 0.972656 0.772656 0.9757809999999999 0.801563 0.9476559999999999 0.8023440000000001 0.9429690000000001 0.783594 0.915625
0 0.9039059999999999 0.65 0.8773440000000001 0.664844 0.8617190000000001 0.686719 0.8578129999999999 0.700781 0.8570309999999999 0.720313 0.8539059999999999 0.722656 0.85 0.722656 0.8421879999999999 0.717969 0.8382809999999999 0.71875 0.834375 0.714844 0.8273440000000001 0.711719 0.80625 0.710938 0.8039059999999999 0.713281 0.8179690000000001 0.722656 0.8210940000000001 0.722656 0.8257809999999999 0.719531 0.839062 0.723438 0.8460940000000001 0.728906 0.8539059999999999 0.730469 0.85625 0.732812 0.8617190000000001 0.732812 0.865625 0.727344 0.875 0.723438 0.9039059999999999 0.694531 0.914062 0.680469 0.9367190000000001 0.659375 0.9445309999999999 0.654687 0.9476559999999999 0.65 0.9445309999999999 0.647656 0.9320309999999999 0.649219 0.9039059999999999 0.65
0 0.853125 0.480469 0.851562 0.478906 0.855469 0.475 0.854687 0.46953100000000003 0.8585940000000001 0.465625 0.8585940000000001 0.460156 0.8539059999999999 0.444531 0.8523440000000001 0.428125 0.85 0.424219 0.8445309999999999 0.424219 0.8414059999999999 0.426562 0.839844 0.43125 0.839844 0.442187 0.8453120000000001 0.460156 0.853125 0.467187 0.848438 0.474219 0.8492190000000001 0.484375 0.85625 0.490625 0.871094 0.490625 0.871875 0.485938 0.864063 0.482031 0.853125 0.480469
0 0.8695309999999999 0.427344 0.86875 0.446094 0.8734379999999999 0.453125 0.878906 0.454688 0.8820309999999999 0.45390600000000003 0.8851559999999999 0.428125 0.890625 0.410937 0.890625 0.39375 0.8890629999999999 0.389062 0.886719 0.3875 0.8820309999999999 0.38984399999999997 0.8742190000000001 0.404687 0.8695309999999999 0.427344
0 0.898438 0.309375 0.8890629999999999 0.314844 0.8726559999999999 0.32890600000000003 0.8664059999999999 0.3375 0.863281 0.35 0.865625 0.352344 0.8734379999999999 0.35156200000000004 0.886719 0.3375 0.898438 0.32890600000000003 0.9289059999999999 0.317187 0.9320309999999999 0.314844 0.9320309999999999 0.310156 0.9164059999999999 0.30625 0.9085940000000001 0.30625 0.898438 0.309375
0 0.85 0.16953100000000002 0.8304690000000001 0.16406199999999999 0.8296870000000001 0.150781 0.81875 0.11953100000000001 0.8109379999999999 0.103125 0.800781 0.088281 0.784375 0.073438 0.76875 0.067969 0.7640629999999999 0.06875 0.763281 0.078125 0.76875 0.09218699999999999 0.786719 0.121094 0.797656 0.13125 0.804688 0.141406 0.8101559999999999 0.1625 0.8140620000000001 0.16875 0.824219 0.175 0.8265629999999999 0.178906 0.848438 0.18984399999999998 0.8742190000000001 0.192187 0.8835940000000001 0.18984399999999998 0.8820309999999999 0.18515600000000002 0.8742190000000001 0.18359399999999998 0.85 0.16953100000000002
0 0.9195309999999999 0 0.9148440000000001 0.011719 0.9039059999999999 0.028125 0.9039059999999999 0.032031 0.9117190000000001 0.03125 0.9273440000000001 0.023438 0.959375 0.0023439999999999997 0.959375 0 0.9195309999999999 0
0 0.610156 0.16406199999999999 0.594531 0.16406199999999999 0.578906 0.16875 0.571875 0.172656 0.557031 0.189063 0.557031 0.19375 0.560937 0.19531199999999999 0.5875 0.18984399999999998 0.635156 0.186719 0.647656 0.182031 0.646875 0.177344 0.622656 0.167188 0.610156 0.16406199999999999
0 0.525781 0.385938 0.521094 0.383594 0.521875 0.375 0.513281 0.349219 0.510937 0.346094 0.504688 0.346094 0.501563 0.357031 0.497656 0.363281 0.496875 0.37578100000000003 0.507031 0.384375 0.514844 0.385938 0.515625 0.39375 0.521094 0.404687 0.528906 0.413281 0.532813 0.415625 0.539062 0.415625 0.540625 0.411719 0.532813 0.394531 0.525781 0.385938
0 0.390625 0.496094 0.377344 0.496875 0.37578100000000003 0.495313 0.376563 0.491406 0.380469 0.4875 0.378125 0.48359399999999997 0.373437 0.48515600000000003 0.363281 0.497656 0.35625 0.496094 0.34296899999999997 0.496875 0.336719 0.49921899999999997 0.326562 0.508594 0.32890600000000003 0.513281 0.333594 0.515625 0.359375 0.507812 0.36875 0.509375 0.376563 0.516406 0.384375 0.514844 0.40703100000000003 0.515625 0.415625 0.511719 0.414844 0.50625 0.40546899999999997 0.498437 0.390625 0.496094
0 0 0.642188 0.035937000000000004 0.654687 0.045312000000000005 0.653906 0.049219 0.650781 0.053125 0.650781 0.052344 0.642188 0.045312000000000005 0.639062 0.049219 0.635937 0.11484399999999999 0.642969 0.125781 0.646875 0.146875 0.649219 0.15234399999999998 0.646875 0.149219 0.6375 0.12890600000000002 0.617188 0.113281 0.604687 0.098437 0.598438 0.078125 0.592969 0.07421900000000001 0.5875 0.072656 0.577344 0.070312 0.578906 0.069531 0.5875 0.06406300000000001 0.592187 0.054688 0.592969 0.053125 0.599219 0.045312000000000005 0.607031 0.040625 0.595313 0.038280999999999996 0.582813 0.024218999999999997 0.564063 0.021093999999999998 0.557031 0.022656000000000003 0.546875 0.027344 0.544531 0.021875 0.544531 0.0078119999999999995 0.557031 0.0023439999999999997 0.567188 0 0.567969 0 0.642188
2 0.643359 0.658594 0.669922 0.6125 0.679297 0.608594 0.679297 0.579688 0.659375 0.582422 0.645313 0.5902339999999999 0.624609 0.615625 0.6105470000000001 0.640625 0.608984 0.650781 0.602734 0.651562 0.602734 0.685156 0.619531 0.685547 0.6199220000000001 0.679688 0.643359 0.658594
0 0.139062 0.379687 0.13281199999999999 0.376563 0.125781 0.36875 0.11875 0.367969 0.11875 0.375 0.120313 0.377344 0.11093800000000001 0.37578100000000003 0.109375 0.372656 0.10625 0.371875 0.105469 0.375 0.109375 0.376563 0.10390600000000001 0.38125 0.101562 0.373437 0.09765599999999999 0.370313 0.092969 0.361719 0.091406 0.355469 0.06406300000000001 0.324219 0.050781 0.3125 0.03125 0.3 0.022656000000000003 0.296875 0.016406 0.296875 0.014844 0.298438 0.014062 0.315625 0.017188000000000002 0.324219 0.0375 0.348437 0.058594 0.3625 0.080469 0.383594 0.091406 0.390625 0.10078100000000001 0.39375 0.10625 0.39843799999999996 0.115625 0.400781 0.12734399999999998 0.407813 0.135156 0.410156 0.13828100000000002 0.416406 0.14296899999999998 0.411719 0.146094 0.414844 0.157813 0.415625 0.16796899999999998 0.41875 0.16875 0.415625 0.14843800000000001 0.39375 0.139062 0.379687
0 0.14843800000000001 0.339844 0.125781 0.321094 0.11875 0.31875 0.117188 0.326562 0.121094 0.3375 0.121094 0.342187 0.135156 0.37421899999999997 0.154687 0.400781 0.177344 0.425781 0.185937 0.428906 0.186719 0.402344 0.17421899999999998 0.37421899999999997 0.14843800000000001 0.339844
0 0.336719 0.353906 0.323438 0.346875 0.309375 0.346094 0.30468799999999996 0.349219 0.309375 0.361719 0.321875 0.372656 0.339063 0.38281200000000004 0.353125 0.389062 0.355469 0.388281 0.355469 0.380469 0.350781 0.370313 0.336719 0.353906
0 0.458594 0.315625 0.451562 0.3125 0.441406 0.3 0.426562 0.2875 0.408594 0.275 0.371094 0.263281 0.369531 0.267969 0.364062 0.270312 0.345313 0.286719 0.345313 0.292969 0.353125 0.302344 0.35625 0.303906 0.364844 0.303906 0.3875 0.31328100000000003 0.395312 0.314844 0.403906 0.314063 0.411719 0.317969 0.41406200000000004 0.321094 0.41875 0.321875 0.449219 0.3375 0.471094 0.357812 0.475 0.359375 0.479688 0.35859399999999997 0.471094 0.332812 0.464844 0.321875 0.458594 0.315625
0 0.244531 0.584375 0.240625 0.585156 0.23671899999999998 0.579688 0.219531 0.566406 0.196875 0.55625 0.197656 0.564844 0.202344 0.573437 0.22031299999999998 0.598438 0.226562 0.596094 0.233594 0.5875 0.2375 0.585938 0.23906200000000002 0.5875 0.23046899999999998 0.60625 0.235156 0.614063 0.260938 0.63125 0.267969 0.630469 0.271094 0.627344 0.271094 0.622656 0.26484399999999997 0.610156 0.244531 0.584375
0 0.489844 0.638281 0.482031 0.632031 0.463281 0.621875 0.45234399999999997 0.621875 0.444531 0.626563 0.442187 0.63125 0.44531200000000004 0.635156 0.46953100000000003 0.651562 0.505469 0.686719 0.510156 0.685937 0.507812 0.664844 0.500781 0.65 0.489844 0.638281
0 0.519531 0.713281 0.516406 0.730469 0.514844 0.754688 0.509375 0.7625 0.507031 0.7796879999999999 0.510937 0.7953129999999999 0.517188 0.807812 0.509375 0.8109379999999999 0.503906 0.815625 0.496094 0.8296870000000001 0.496094 0.865625 0.501563 0.886719 0.505469 0.885938 0.509375 0.8804690000000001 0.521094 0.854687 0.526562 0.8382809999999999 0.527344 0.8296870000000001 0.522656 0.8101559999999999 0.529687 0.8109379999999999 0.533594 0.807812 0.542969 0.789062 0.548438 0.769531 0.551563 0.750781 0.551563 0.717969 0.548438 0.705469 0.54375 0.697656 0.5375 0.69375 0.532813 0.695312 0.524219 0.703906 0.519531 0.713281
0 0.523438 1 0.564844 0.941406 0.571875 0.925781 0.571875 0.921875 0.569531 0.9195309999999999 0.563281 0.9203129999999999 0.541406 0.929688 0.530469 0.9375 0.517188 0.9523440000000001 0.507812 0.96875 0.503906 0.9820309999999999 0.503906 0.992188 0.50625 1 0.523438 1
1 0.682812 0.391797 0.716797 0.39140600000000003 0.716797 0.359375 0.710938 0.358984 0.696484 0.341406 0.696484 0.33593799999999996 0.708984 0.31875 0.716797 0.316406 0.716406 0.255859 0.707422 0.25781200000000004 0.6996089999999999 0.283594 0.680859 0.321875 0.677734 0.350781 0.671484 0.35156200000000004 0.671875 0.354297 0.679297 0.35625 0.6824220000000001 0.36718799999999996 0.682812 0.391797
1 0.5730470000000001 0.564063 0.575 0.5730470000000001 0.585156 0.5730470000000001 0.585547 0.553125 0.579688 0.552734 0.576172 0.547656 0.5746089999999999 0.528125 0.569922 0.522656 0.568359 0.509375 0.552734 0.509375 0.552734 0.530469 0.560547 0.53125 0.562109 0.550781 0.5730470000000001 0.564063
0 0.282422 0.8039059999999999 0.294922 0.834375 0.296484 0.847656 0.307031 0.848047 0.307422 0.807812 0.302734 0.789062 0.31328100000000003 0.785547 0.315234 0.782031 0.315234 0.778125 0.307422 0.774219 0.307422 0.7625 0.30898400000000004 0.746875 0.315234 0.734375 0.323047 0.732031 0.323047 0.671875 0.314063 0.671484 0.31171899999999997 0.679297 0.298438 0.685547 0.282422 0.70625 0.279297 0.717969 0.271484 0.720313 0.271484 0.772656 0.277344 0.773047 0.280859 0.778125 0.282422 0.8039059999999999
0 0.8570309999999999 0.635156 0.853125 0.634375 0.851562 0.654687 0.8570309999999999 0.680469 0.8617190000000001 0.689063 0.8757809999999999 0.665625 0.8679690000000001 0.648438 0.8570309999999999 0.635156
0 0.91875 0.620312 0.9085940000000001 0.601562 0.9039059999999999 0.598438 0.901563 0.601562 0.9007809999999999 0.607812 0.9085940000000001 0.646875 0.910937 0.649219 0.9210940000000001 0.648438 0.9226559999999999 0.646875 0.9226559999999999 0.634375 0.91875 0.620312
0 1 0.783594 0.984375 0.784375 0.9820309999999999 0.7828120000000001 0.978125 0.785156 0.973438 0.7828120000000001 0.96875 0.7828120000000001 0.967187 0.766406 0.9617190000000001 0.7671870000000001 0.9625 0.78125 0.972656 0.786719 0.971875 0.794531 0.96875 0.799219 0.971875 0.801563 0.9859370000000001 0.8054690000000001 1 0.80625 1 0.783594
0 0 0.696094 0.016406 0.708594 0.034375 0.717187 0.029687 0.728125 0.029687 0.735938 0.0375 0.746094 0.057031 0.757812 0.071094 0.758594 0.071875 0.746875 0.069531 0.740625 0.06875 0.727344 0.06406300000000001 0.724219 0.0625 0.715625 0.055469000000000004 0.705469 0.053125 0.690625 0.042187999999999996 0.669531 0.038280999999999996 0.657031 0.007031 0.64375 0 0.642969 0 0.696094
0 0.42968799999999996 0.519531 0.389062 0.517969 0.373437 0.521875 0.361719 0.53125 0.357031 0.540625 0.359375 0.542969 0.384375 0.542187 0.423438 0.545312 0.459375 0.545312 0.458594 0.540625 0.439844 0.521875 0.42968799999999996 0.519531
1 0.493359 0.510156 0.521094 0.5261720000000001 0.525 0.535547 0.547656 0.535547 0.5480470000000001 0.515625 0.542187 0.515234 0.528906 0.49960899999999997 0.522656 0.496484 0.514062 0.49492200000000003 0.504688 0.498047 0.5011720000000001 0.475 0.48554700000000006 0.45234399999999997 0.48554700000000006 0.446875 0.47148399999999996 0.446875 0.47148399999999996 0.458594 0.480859 0.4625 0.48867200000000005 0.478125 0.493359 0.510156
2 0.11054699999999999 0.260156 0.110156 0.246484 0.085938 0.24179699999999998 0.07929699999999999 0.235156 0.088672 0.203906 0.088672 0.1875 0.085547 0.18515600000000002 0.085156 0.177734 0.075 0.177734 0.07460900000000001 0.18359399999999998 0.067187 0.187109 0.057421999999999994 0.198438 0.054297 0.210156 0.046484 0.2125 0.046484 0.23828100000000002 0.054297 0.23906200000000002 0.059375 0.260547 0.11054699999999999 0.260156
1 0.928125 0.104297 0.9542970000000001 0.10390600000000001 0.9539059999999999 0.088672 0.946875 0.088672 0.9351559999999999 0.07929699999999999 0.9125 0.073047 0.910156 0.065234 0.893359 0.065625 0.893359 0.077344 0.9046879999999999 0.087109 0.925781 0.096484 0.928125 0.104297
1 0.5730470000000001 0.771875 0.583984 0.753906 0.587109 0.735156 0.582422 0.696875 0.5902339999999999 0.673438 0.598047 0.672656 0.597656 0.6527339999999999 0.587109 0.653125 0.587109 0.660156 0.576172 0.675 0.568359 0.696875 0.5730470000000001 0.719531 0.564063 0.724609 0.554297 0.7375 0.554297 0.764844 0.5574220000000001 0.778906 0.572656 0.779297 0.5730470000000001 0.771875
2 0.290234 0.341406 0.310156 0.341797 0.310547 0.33125 0.302734 0.32890600000000003 0.302734 0.325 0.282422 0.302344 0.268359 0.278906 0.268359 0.271875 0.260547 0.271875 0.263672 0.29609399999999997 0.274609 0.317969 0.290234 0.334375 0.290234 0.341406
1 0.932813 0.6355470000000001 0.949219 0.6355470000000001 0.95 0.629297 0.960938 0.627734 0.972656 0.627734 0.976172 0.629688 0.976562 0.6355470000000001 0.9855470000000001 0.635156 0.9851559999999999 0.616797 0.951562 0.615234 0.9386720000000001 0.594531 0.9371090000000001 0.585938 0.9273440000000001 0.5746089999999999 0.919922 0.571094 0.919922 0.565625 0.902734 0.565625 0.902734 0.578906 0.910547 0.58125 0.9324220000000001 0.6125 0.932813 0.6355470000000001
1 0.6824220000000001 0.7796879999999999 0.682812 0.785547 0.716797 0.785156 0.716406 0.773047 0.709375 0.773047 0.700781 0.7621089999999999 0.678125 0.748047 0.672656 0.738672 0.667187 0.738672 0.661719 0.7308589999999999 0.648047 0.721094 0.647656 0.7152339999999999 0.638672 0.715625 0.638672 0.727344 0.658984 0.746875 0.662109 0.760156 0.6824220000000001 0.7796879999999999
1 0.43710899999999997 0.610938 0.43710899999999997 0.616406 0.45390600000000003 0.616797 0.45429700000000006 0.598438 0.446484 0.597656 0.43242200000000003 0.570312 0.40898399999999996 0.547656 0.40898399999999996 0.540625 0.396484 0.540625 0.396484 0.561719 0.404297 0.564063 0.40585899999999997 0.571094 0.43710899999999997 0.610938
1 0.9386720000000001 0.646875 0.939063 0.654297 0.9480470000000001 0.653906 0.9476559999999999 0.646484 0.9386720000000001 0.646875
1 0.11054699999999999 0.260156 0.110156 0.246484 0.09531300000000001 0.244922 0.07929699999999999 0.23671899999999998 0.088672 0.202344 0.088672 0.189063 0.083984 0.18359399999999998 0.083594 0.177734 0.07656199999999999 0.177734 0.07617199999999999 0.18359399999999998 0.067187 0.187109 0.057421999999999994 0.198438 0.054297 0.210156 0.046484 0.2125 0.046484 0.23828100000000002 0.054297 0.23906200000000002 0.059375 0.260547 0.11054699999999999 0.260156
1 0.578906 0.8761720000000001 0.582813 0.8855470000000001 0.6105470000000001 0.8851559999999999 0.610156 0.8652340000000001 0.603125 0.8652340000000001 0.586719 0.8496090000000001 0.5636720000000001 0.8429690000000001 0.576172 0.8117190000000001 0.574219 0.796484 0.569922 0.796875 0.569922 0.8054690000000001 0.5480470000000001 0.8335940000000001 0.540234 0.835938 0.540234 0.855469 0.546094 0.855859 0.554688 0.863672 0.578906 0.8761720000000001
1 0.8902340000000001 0.973438 0.909375 0.9480470000000001 0.9167970000000001 0.9476559999999999 0.9167970000000001 0.928125 0.909375 0.9277340000000001 0.9085940000000001 0.933984 0.8808590000000001 0.95625 0.871094 0.982422 0.8421879999999999 0.9792970000000001 0.8382809999999999 0.982422 0.8277340000000001 0.982812 0.828125 0.998047 0.8835940000000001 0.998047 0.8839840000000001 0.9859370000000001 0.8902340000000001 0.973438
1 0.678906 0.5730470000000001 0.679297 0.560937 0.676172 0.558594 0.677734 0.53125 0.685937 0.524609 0.691406 0.524609 0.704688 0.505859 0.710547 0.505469 0.710547 0.4875 0.703125 0.48710899999999996 0.684375 0.504297 0.662109 0.528125 0.6574220000000001 0.535938 0.6574220000000001 0.542969 0.646484 0.548438 0.649609 0.560156 0.6574220000000001 0.565625 0.657813 0.5730470000000001 0.678906 0.5730470000000001
0 0.47460899999999995 0.884375 0.46992200000000006 0.895312 0.47460899999999995 0.9242190000000001 0.49492200000000003 0.965625 0.49492200000000003 0.972656 0.510156 0.973047 0.5105470000000001 0.9203129999999999 0.5011720000000001 0.9164059999999999 0.49492200000000003 0.89375 0.48398399999999997 0.878906 0.48867200000000005 0.8664059999999999 0.48867200000000005 0.8 0.47929700000000003 0.776562 0.47460899999999995 0.774219 0.474219 0.765234 0.46367200000000003 0.765625 0.46367200000000003 0.772656 0.45742200000000005 0.776562 0.45273399999999997 0.789062 0.45585899999999996 0.809375 0.45429700000000006 0.847656 0.46367200000000003 0.871094 0.47460899999999995 0.884375
0 0.401563 0.8058590000000001 0.415234 0.8039059999999999 0.415234 0.796875 0.41054700000000005 0.791406 0.41210899999999995 0.784375 0.439063 0.768359 0.460156 0.763672 0.46054700000000004 0.753125 0.415625 0.752734 0.415234 0.758594 0.397656 0.7761720000000001 0.382031 0.768359 0.371875 0.769922 0.371875 0.774609 0.38984399999999997 0.783984 0.394922 0.791406 0.379687 0.7933589999999999 0.370313 0.7980470000000001 0.35585900000000004 0.8125 0.352344 0.819922 0.346484 0.820312 0.346875 0.841797 0.37421899999999997 0.841797 0.374609 0.834375 0.401563 0.8058590000000001
1 0.8109379999999999 0.894922 0.8230470000000001 0.894531 0.8230470000000001 0.8765620000000001 0.8140620000000001 0.8746090000000001 0.8058590000000001 0.8664059999999999 0.8054690000000001 0.8589840000000001 0.796875 0.8589840000000001 0.796484 0.8679690000000001 0.8058590000000001 0.878906 0.794922 0.890625 0.7933589999999999 0.8992190000000001 0.783984 0.901563 0.784375 0.910547 0.800781 0.910547 0.801172 0.903125 0.8109379999999999 0.894922
1 0.204297 0.291406 0.204297 0.259375 0.19375 0.258984 0.190234 0.263281 0.18515600000000002 0.240234 0.177734 0.240625 0.177734 0.260156 0.166797 0.264062 0.166797 0.267969 0.188672 0.285937 0.189063 0.291797 0.204297 0.291406
2 0.491406 0.44804700000000003 0.49179700000000004 0.428125 0.48398399999999997 0.425781 0.47460899999999995 0.390625 0.465234 0.390625 0.465234 0.435156 0.47460899999999995 0.439063 0.47656200000000004 0.44804700000000003 0.491406 0.44804700000000003
1 0.139062 0.9480470000000001 0.173047 0.9476559999999999 0.172656 0.9308590000000001 0.15625 0.9277340000000001 0.14843800000000001 0.933984 0.141797 0.917188 0.13671899999999998 0.9121090000000001 0.13281199999999999 0.9121090000000001 0.12890600000000002 0.918359 0.114062 0.919922 0.105859 0.926562 0.10781199999999999 0.9324220000000001 0.133594 0.9324220000000001 0.138672 0.940625 0.139062 0.9480470000000001
1 0.708984 0.31875 0.716797 0.316406 0.716406 0.255859 0.707422 0.25781200000000004 0.705859 0.267969 0.685547 0.31328100000000003 0.677734 0.315625 0.678125 0.341797 0.696094 0.341797 0.696484 0.33593799999999996 0.708984 0.31875
1 0.305469 0.515234 0.30625 0.523047 0.341797 0.522656 0.341406 0.48867200000000005 0.333984 0.489062 0.32890600000000003 0.505859 0.321875 0.504297 0.308594 0.49492200000000003 0.27773400000000004 0.495313 0.278125 0.505859 0.285156 0.505859 0.29375 0.5121089999999999 0.305469 0.515234
1 0.193359 0.532813 0.19960899999999998 0.553906 0.22265600000000002 0.554297 0.223047 0.457812 0.215625 0.45742200000000005 0.21054699999999998 0.447656 0.21054699999999998 0.41875 0.203906 0.398047 0.19531199999999999 0.398047 0.187109 0.403125 0.18398399999999998 0.42265600000000003 0.190234 0.446094 0.177344 0.46054700000000004 0.171484 0.46093799999999996 0.171484 0.497656 0.17929699999999998 0.5 0.180859 0.510156 0.193359 0.532813