0 0.714062 0.070312 0.709375 0.078125 0.70625 0.079687 0.704688 0.085156 0.692188 0.077344 0.684375 0.075 0.669531 0.075 0.65625 0.078125 0.642969 0.085156 0.6375 0.090625 0.632031 0.099219 0.629688 0.107813 0.632812 0.110156 0.685937 0.108594 0.699219 0.10625 0.705469 0.099219 0.721094 0.1 0.73125 0.094531 0.749219 0.080469 0.760937 0.067187 0.7640629999999999 0.060156 0.739844 0.057813 0.725 0.061719 0.714062 0.070312
0 0.334375 0 0.332812 0.010156 0.325 0.017188000000000002 0.325781 0.026562000000000002 0.332031 0.0375 0.332812 0.042969 0.330469 0.045312000000000005 0.32734399999999997 0.039062 0.317969 0.039844000000000004 0.310156 0.044531 0.307813 0.048437999999999995 0.30468799999999996 0.061719 0.305469 0.096094 0.309375 0.1 0.31171899999999997 0.1 0.322656 0.0875 0.329688 0.076563 0.33125 0.071094 0.339844 0.060937 0.342187 0.047656 0.339063 0.040625 0.357031 0.014844 0.361719 0 0.334375 0
0 0.875 0.407813 0.8601559999999999 0.42656299999999997 0.85 0.425781 0.83125 0.43125 0.8226559999999999 0.43671899999999997 0.808594 0.451562 0.8054690000000001 0.458594 0.8054690000000001 0.46406200000000003 0.8148440000000001 0.463281 0.848438 0.44843700000000003 0.8578129999999999 0.44218799999999997 0.865625 0.432031 0.8726559999999999 0.42968799999999996 0.88125 0.435937 0.8890629999999999 0.435937 0.8890629999999999 0.43125 0.8851559999999999 0.425 0.8851559999999999 0.420312 0.89375 0.403906 0.8960940000000001 0.390625 0.8921870000000001 0.389062 0.884375 0.400781 0.875 0.407813
0 0.8429690000000001 0.461719 0.8289059999999999 0.47656200000000004 0.825 0.4875 0.8257809999999999 0.496094 0.824219 0.49375 0.817188 0.491406 0.800781 0.49218799999999996 0.789844 0.496875 0.778125 0.507812 0.773438 0.517188 0.772656 0.525 0.775 0.526563 0.7875 0.526563 0.809375 0.517969 0.823437 0.510156 0.8265629999999999 0.500781 0.8304690000000001 0.501563 0.835938 0.498437 0.8726559999999999 0.464844 0.8765620000000001 0.463281 0.879687 0.460156 0.8804690000000001 0.454688 0.8734379999999999 0.451562 0.8617190000000001 0.451562 0.8429690000000001 0.461719
2 0.8726559999999999 0.548438 0.910156 0.549219 0.909375 0.54375 0.902344 0.539062 0.885938 0.532813 0.8726559999999999 0.532031 0.8601559999999999 0.533594 0.8570309999999999 0.535937 0.8585940000000001 0.540625 0.863281 0.544531 0.8726559999999999 0.548438
0 0.7375 0.5125 0.726562 0.538281 0.724219 0.540625 0.717187 0.566406 0.717187 0.578906 0.720313 0.586719 0.71875 0.594531 0.719531 0.6125 0.717187 0.614844 0.714062 0.6125 0.702344 0.6125 0.689063 0.617188 0.677344 0.628125 0.664844 0.65 0.658594 0.680469 0.658594 0.714063 0.660938 0.721875 0.665625 0.721094 0.685156 0.700781 0.714062 0.648438 0.728906 0.63125 0.728125 0.626563 0.730469 0.623437 0.729687 0.59375 0.739063 0.584375 0.74375 0.576562 0.757031 0.546094 0.759375 0.534375 0.7640629999999999 0.528906 0.777344 0.48125 0.777344 0.475781 0.775781 0.474219 0.771094 0.47343799999999997 0.7515620000000001 0.49218799999999996 0.7375 0.5125
1 0.609375 0.660937 0.627344 0.657813 0.632812 0.654687 0.635156 0.649219 0.649219 0.657031 0.6625 0.654687 0.66875 0.642188 0.667969 0.640625 0.663281 0.640625 0.645313 0.644531 0.625781 0.639062 0.584375 0.6375 0.575 0.641406 0.571094 0.646875 0.574219 0.653125 0.582031 0.657813 0.609375 0.660937
0 0.855469 0.847656 0.853125 0.8664059999999999 0.8539059999999999 0.882812 0.8578129999999999 0.8976559999999999 0.863281 0.904687 0.863281 0.9085940000000001 0.8609370000000001 0.9125 0.8429690000000001 0.910937 0.835938 0.9125 0.8226559999999999 0.9210940000000001 0.8117190000000001 0.939063 0.803125 0.960938 0.800781 0.973437 0.800781 0.9867190000000001 0.803125 0.9898440000000001 0.807812 0.9898440000000001 0.815625 0.9851559999999999 0.8257809999999999 0.9742190000000001 0.846875 0.9625 0.865625 0.9429690000000001 0.8734379999999999 0.941406 0.8757809999999999 0.90625 0.884375 0.898438 0.8976559999999999 0.8804690000000001 0.903125 0.867188 0.9054690000000001 0.855469 0.9054690000000001 0.8460940000000001 0.901563 0.828125 0.89375 0.8125 0.8890629999999999 0.809375 0.882812 0.810937 0.867188 0.824219 0.855469 0.847656
2 0.9164059999999999 0.8914059999999999 0.925781 0.8914059999999999 0.934375 0.8875 0.94375 0.885938 0.948438 0.8804690000000001 0.934375 0.876563 0.9117190000000001 0.8757809999999999 0.9 0.873437 0.898438 0.878906 0.8921870000000001 0.8882809999999999 0.8921870000000001 0.8914059999999999 0.898438 0.89375 0.9070309999999999 0.89375 0.9164059999999999 0.8914059999999999
2 0.9835940000000001 0.870313 0.9859370000000001 0.8835940000000001 0.990625 0.884375 0.9945309999999999 0.870313 0.9945309999999999 0.851562 0.9929690000000001 0.8492190000000001 0.9898440000000001 0.8492190000000001 0.9875 0.8539059999999999 0.9835940000000001 0.870313
0 0.792969 0.9039059999999999 0.792187 0.9132809999999999 0.784375 0.90625 0.777344 0.9054690000000001 0.75625 0.9125 0.745312 0.91875 0.730469 0.929688 0.724219 0.941406 0.724219 0.945312 0.728125 0.948438 0.733594 0.948438 0.7640629999999999 0.935937 0.767969 0.9367190000000001 0.791406 0.9242190000000001 0.79375 0.9210940000000001 0.794531 0.9148440000000001 0.801563 0.915625 0.816406 0.909375 0.8195309999999999 0.903125 0.8140620000000001 0.8882809999999999 0.807812 0.882812 0.8039059999999999 0.884375 0.792969 0.9039059999999999
0 0.621094 0.778125 0.614063 0.782031 0.600781 0.796875 0.592187 0.8148440000000001 0.588281 0.8273440000000001 0.584375 0.829688 0.585938 0.834375 0.583594 0.8429690000000001 0.584375 0.863281 0.590625 0.878125 0.589062 0.879687 0.567969 0.8804690000000001 0.565625 0.882812 0.560156 0.8835940000000001 0.546875 0.8992190000000001 0.539844 0.9117190000000001 0.533594 0.93125 0.532813 0.9445309999999999 0.5375 0.94375 0.563281 0.925 0.577344 0.907813 0.591406 0.8820309999999999 0.597656 0.8882809999999999 0.6 0.894531 0.603906 0.895312 0.6125 0.890625 0.617969 0.88125 0.621875 0.8625 0.633594 0.842187 0.642188 0.8070309999999999 0.642188 0.799219 0.644531 0.796094 0.646875 0.782813 0.652344 0.769531 0.652344 0.765625 0.649219 0.7625 0.646094 0.761719 0.632812 0.767188 0.621094 0.778125
0 0.4875 0.8507809999999999 0.482812 0.8625 0.474219 0.8648440000000001 0.47656200000000004 0.86875 0.475781 0.870313 0.4625 0.8726559999999999 0.458594 0.876563 0.460156 0.88125 0.466406 0.8851559999999999 0.482031 0.885938 0.490625 0.882812 0.495313 0.871875 0.509375 0.8539059999999999 0.51875 0.8445309999999999 0.525 0.8429690000000001 0.528906 0.839063 0.542187 0.81875 0.541406 0.816406 0.513281 0.820312 0.503125 0.8257809999999999 0.4875 0.8507809999999999
0 0.675 1 0.677344 0.989062 0.68125 0.9835940000000001 0.685156 0.989062 0.6875 0.988281 0.69375 0.9820309999999999 0.694531 0.9679690000000001 0.703125 0.94375 0.703906 0.923438 0.695312 0.903125 0.694531 0.8960940000000001 0.682031 0.875 0.674219 0.8679690000000001 0.669531 0.86875 0.664062 0.876563 0.660156 0.890625 0.660156 0.901563 0.657813 0.910156 0.660156 0.95 0.664062 0.9617190000000001 0.669531 0.9710940000000001 0.653906 0.9789059999999999 0.64375 1 0.675 1
0 0.53125 0.759375 0.532813 0.764062 0.544531 0.771875 0.55 0.785937 0.566406 0.803125 0.570312 0.810937 0.569531 0.815625 0.571875 0.8226559999999999 0.575781 0.8257809999999999 0.577344 0.8304690000000001 0.584375 0.834375 0.588281 0.829688 0.596094 0.807813 0.601562 0.798438 0.602344 0.791406 0.575781 0.763281 0.565625 0.757812 0.560937 0.757812 0.555469 0.761719 0.549219 0.763281 0.541406 0.760156 0.524219 0.732031 0.507812 0.719531 0.477344 0.710938 0.4625 0.709375 0.46093799999999996 0.713281 0.48515600000000003 0.7375 0.53125 0.759375
0 0.423438 0.609375 0.426562 0.611719 0.426562 0.617969 0.432813 0.622656 0.434375 0.626563 0.423438 0.630469 0.415625 0.635938 0.407813 0.649219 0.407813 0.655469 0.413281 0.65625 0.419531 0.654687 0.44375 0.658594 0.447656 0.664062 0.45234399999999997 0.679688 0.460156 0.695312 0.466406 0.703906 0.475 0.708594 0.475 0.699219 0.467187 0.645312 0.464063 0.635938 0.458594 0.628125 0.448438 0.626563 0.43828100000000003 0.615625 0.43671899999999997 0.610938 0.4375 0.60625 0.432031 0.605469 0.420312 0.592187 0.415625 0.589844 0.415625 0.599219 0.421875 0.604688 0.423438 0.609375
0 0.610156 0.536719 0.602344 0.551562 0.602344 0.564844 0.592187 0.582031 0.589062 0.592187 0.592969 0.592969 0.603125 0.583594 0.609375 0.573438 0.610938 0.5625 0.616406 0.560156 0.626563 0.547656 0.636719 0.522656 0.635156 0.516406 0.630469 0.514844 0.617969 0.515625 0.610156 0.536719
0 0.700781 0.49218799999999996 0.694531 0.492969 0.689063 0.498437 0.675781 0.485938 0.666406 0.4875 0.655469 0.482812 0.634375 0.48125 0.601562 0.49218799999999996 0.594531 0.497656 0.589062 0.49921899999999997 0.585938 0.502344 0.585156 0.50625 0.5875 0.508594 0.594531 0.509375 0.603906 0.513281 0.617969 0.515625 0.635156 0.516406 0.65 0.519531 0.666406 0.519531 0.667969 0.521094 0.65 0.536719 0.641406 0.547656 0.642188 0.550781 0.646875 0.550781 0.663281 0.542969 0.677344 0.533594 0.689063 0.521875 0.703125 0.522656 0.705469 0.517188 0.709375 0.517188 0.715625 0.509375 0.725 0.505469 0.736719 0.491406 0.765625 0.464844 0.766406 0.460156 0.760937 0.459375 0.735938 0.46406200000000003 0.700781 0.49218799999999996
0 0.588281 0.364844 0.585938 0.363281 0.584375 0.357031 0.58125 0.35468700000000003 0.576562 0.345313 0.572656 0.34453100000000003 0.56875 0.338281 0.564063 0.338281 0.563281 0.371094 0.565625 0.404687 0.564063 0.40546899999999997 0.560937 0.403125 0.553906 0.403906 0.542187 0.415625 0.525 0.440625 0.519531 0.451562 0.51875 0.457031 0.521094 0.459375 0.542969 0.44375 0.554688 0.432031 0.567969 0.41406200000000004 0.571875 0.41718700000000003 0.575 0.428125 0.577344 0.428125 0.577344 0.41406200000000004 0.585156 0.40156200000000003 0.589844 0.380469 0.603125 0.367969 0.608594 0.365625 0.611719 0.361719 0.610156 0.35859399999999997 0.603125 0.35859399999999997 0.591406 0.364844 0.588281 0.364844
0 0.464844 0.38593700000000003 0.466406 0.39843799999999996 0.470313 0.403125 0.478906 0.39843799999999996 0.491406 0.408594 0.503125 0.411719 0.507812 0.40625 0.507812 0.4 0.505469 0.396094 0.50625 0.392969 0.5125 0.396094 0.524219 0.396875 0.519531 0.392188 0.489062 0.375 0.488281 0.36875 0.48359399999999997 0.361719 0.480469 0.34296899999999997 0.471875 0.33125 0.460156 0.325 0.450781 0.324219 0.449219 0.325781 0.453125 0.350781 0.46953100000000003 0.37968799999999997 0.464844 0.38593700000000003
0 0.475 0.310156 0.47656200000000004 0.325781 0.486719 0.338281 0.489062 0.349219 0.504688 0.371875 0.508594 0.37578100000000003 0.511719 0.37578100000000003 0.513281 0.373437 0.5125 0.347656 0.507031 0.33906200000000003 0.497656 0.33125 0.494531 0.3125 0.491406 0.307031 0.482812 0.278906 0.478125 0.278906 0.46953100000000003 0.29765600000000003 0.46953100000000003 0.303125 0.475 0.310156
0 0.400781 0.34375 0.395312 0.34453100000000003 0.394531 0.346094 0.404687 0.35859399999999997 0.419531 0.369531 0.42109399999999997 0.377344 0.424219 0.38281200000000004 0.43125 0.38984399999999997 0.444531 0.408594 0.44531200000000004 0.416406 0.448438 0.416406 0.450781 0.413281 0.459375 0.413281 0.459375 0.40703100000000003 0.447656 0.382031 0.441406 0.37421899999999997 0.435937 0.360938 0.428906 0.35156200000000004 0.426562 0.332031 0.424219 0.325781 0.413281 0.314844 0.402344 0.31328100000000003 0.394531 0.315625 0.394531 0.325 0.4 0.334375 0.400781 0.34375
0 0.335156 0.357031 0.332031 0.366406 0.329688 0.367969 0.328125 0.364844 0.316406 0.360938 0.310859 0.35945299999999997 0.307031 0.357031 0.300781 0.35468700000000003 0.29468700000000003 0.353516 0.288125 0.35265599999999997 0.29578099999999996 0.358047 0.30625 0.360938 0.303125 0.3625 0.294531 0.3625 0.2875 0.36875 0.269531 0.37578100000000003 0.25781200000000004 0.388281 0.254687 0.394531 0.254687 0.39843799999999996 0.264062 0.399219 0.283594 0.392188 0.296875 0.39140600000000003 0.317187 0.385156 0.326562 0.385156 0.329688 0.38125 0.336719 0.378906 0.339844 0.37578100000000003 0.35156200000000004 0.375 0.36015600000000003 0.36875 0.382031 0.364844 0.39375 0.364844 0.396875 0.360938 0.378906 0.352344 0.340625 0.353125 0.335156 0.357031
0 0.295312 0.43125 0.302344 0.434375 0.317969 0.434375 0.32031200000000004 0.442969 0.339063 0.454688 0.357031 0.4625 0.364062 0.461719 0.364844 0.458594 0.36015600000000003 0.451562 0.34296899999999997 0.43281200000000003 0.338281 0.42968799999999996 0.33125 0.428125 0.32734399999999997 0.423438 0.322656 0.425781 0.319531 0.425 0.309375 0.411719 0.291406 0.399219 0.28906200000000004 0.4 0.289844 0.403906 0.2875 0.40546899999999997 0.276563 0.40625 0.264062 0.411719 0.263281 0.416406 0.283594 0.42968799999999996 0.295312 0.43125
1 0.41406200000000004 0.413281 0.4125 0.428906 0.41406200000000004 0.46093799999999996 0.42265600000000003 0.482812 0.415625 0.485938 0.411719 0.490625 0.411719 0.49531200000000003 0.42265600000000003 0.4875 0.432813 0.486719 0.43671899999999997 0.474219 0.439063 0.45234399999999997 0.43828100000000003 0.413281 0.432031 0.390625 0.425 0.384375 0.423438 0.384375 0.419531 0.39140600000000003 0.41406200000000004 0.413281
2 0.473437 0.500781 0.490625 0.509375 0.507031 0.511719 0.510156 0.517969 0.509375 0.503125 0.514062 0.503125 0.514062 0.49921899999999997 0.509375 0.502344 0.50625 0.501563 0.503125 0.497656 0.498437 0.496875 0.494531 0.49375 0.475 0.488281 0.461719 0.488281 0.458594 0.489844 0.457031 0.494531 0.460156 0.498437 0.473437 0.500781
2 0.510156 0.485938 0.513281 0.496094 0.517969 0.496094 0.5167189999999999 0.491484 0.519531 0.48125 0.524219 0.467187 0.524219 0.46093799999999996 0.51875 0.454688 0.517188 0.454688 0.517188 0.463281 0.510156 0.485938
0 0.196875 0.603125 0.18125 0.607812 0.173438 0.614844 0.170312 0.614844 0.16953100000000002 0.621875 0.171094 0.627344 0.163281 0.622656 0.154687 0.620313 0.129687 0.619531 0.1 0.629687 0.085938 0.639062 0.092969 0.64375 0.114062 0.650781 0.1625 0.642969 0.16953100000000002 0.640625 0.177344 0.635156 0.17421899999999998 0.630469 0.176562 0.626563 0.213281 0.614062 0.221875 0.607812 0.225781 0.607812 0.225781 0.60625 0.22265600000000002 0.603125 0.21875 0.602344 0.196875 0.603125
1 0.20781200000000002 0.700781 0.192969 0.696875 0.17578100000000002 0.696875 0.16875 0.7 0.165625 0.704688 0.16015600000000002 0.704688 0.149219 0.697656 0.14296899999999998 0.696094 0.114062 0.696875 0.08203099999999999 0.707031 0.06875 0.716406 0.067969 0.720313 0.072656 0.721875 0.104688 0.722656 0.139062 0.721875 0.153125 0.717187 0.161719 0.708594 0.16406199999999999 0.716406 0.16875 0.721875 0.196094 0.736719 0.203906 0.738281 0.217969 0.744531 0.234375 0.747656 0.244531 0.746094 0.24843700000000002 0.741406 0.244531 0.728125 0.23671899999999998 0.717969 0.20781200000000002 0.700781
1 0.165625 0.770312 0.165625 0.775781 0.170312 0.775781 0.17421899999999998 0.770312 0.182031 0.771875 0.18515600000000002 0.764062 0.186719 0.751563 0.19140600000000002 0.742188 0.192187 0.735938 0.18984399999999998 0.734375 0.171875 0.755469 0.170312 0.763281 0.165625 0.770312
0 0.241406 1 0.251563 0.9789059999999999 0.26484399999999997 0.9601559999999999 0.27343799999999996 0.939063 0.276563 0.935937 0.276563 0.9320309999999999 0.283594 0.93125 0.28906200000000004 0.923438 0.288281 0.895312 0.282813 0.870313 0.26875 0.835938 0.267188 0.824219 0.259375 0.810937 0.252344 0.807813 0.25 0.809375 0.24765600000000002 0.815625 0.24375 0.8367190000000001 0.241406 0.864062 0.24531299999999998 0.885938 0.253125 0.9054690000000001 0.253125 0.909375 0.239844 0.9304690000000001 0.23906200000000002 0.9523440000000001 0.23125 0.9835940000000001 0.23203100000000002 1 0.241406 1
0 0.379687 0.839844 0.365625 0.8351559999999999 0.350781 0.8375 0.340625 0.84375 0.336719 0.84375 0.332812 0.8414059999999999 0.282813 0.842187 0.279687 0.8445309999999999 0.28125 0.8492190000000001 0.294531 0.857812 0.305469 0.8617190000000001 0.31328100000000003 0.8570309999999999 0.338281 0.853125 0.347656 0.855469 0.371875 0.8570309999999999 0.38125 0.860938 0.396094 0.864062 0.416406 0.864062 0.41875 0.8617190000000001 0.410937 0.853125 0.392188 0.8414059999999999 0.379687 0.839844
0 0.073438 0.857812 0.075781 0.860938 0.07656199999999999 0.8664059999999999 0.0625 0.8726559999999999 0.058594 0.876563 0.058594 0.8804690000000001 0.060156 0.88125 0.064844 0.876563 0.070312 0.875 0.07968800000000001 0.875 0.08203099999999999 0.8773440000000001 0.07968800000000001 0.88125 0.071094 0.8875 0.067187 0.895312 0.06406300000000001 0.90625 0.06406300000000001 0.9242190000000001 0.067187 0.941406 0.07421900000000001 0.964063 0.078906 0.970313 0.084375 0.982812 0.091406 0.9914059999999999 0.094531 0.992188 0.098437 0.9898440000000001 0.098437 0.9523440000000001 0.10078100000000001 0.9289059999999999 0.10703100000000002 0.894531 0.109375 0.8929690000000001 0.10234399999999999 0.8804690000000001 0.10390600000000001 0.876563 0.10390600000000001 0.8257809999999999 0.1 0.810937 0.096094 0.8101559999999999 0.090625 0.815625 0.073438 0.8523440000000001 0.073438 0.857812
0 0.121875 0.411719 0.11953100000000001 0.42265600000000003 0.117188 0.425781 0.11484399999999999 0.425 0.110156 0.41718700000000003 0.099219 0.40625 0.099219 0.420312 0.103125 0.434375 0.11171899999999998 0.455469 0.120313 0.466406 0.12265600000000002 0.47343799999999997 0.117188 0.48906299999999997 0.11953100000000001 0.502344 0.135156 0.533594 0.14453100000000002 0.545312 0.15390600000000002 0.553125 0.154687 0.5375 0.150781 0.514844 0.14375 0.492969 0.13281199999999999 0.47343799999999997 0.149219 0.44375 0.159375 0.411719 0.1625 0.397656 0.163281 0.382031 0.1625 0.378125 0.16015600000000002 0.376563 0.153125 0.37968799999999997 0.13828100000000002 0.39140600000000003 0.121875 0.411719
2 0.01875 0.388281 0.022656000000000003 0.41093799999999997 0.03125 0.41875 0.035937000000000004 0.41718700000000003 0.03125 0.404687 0.029687 0.394531 0.039062 0.353906 0.0375 0.35 0.027344 0.36015600000000003 0.021093999999999998 0.37578100000000003 0.01875 0.388281
2 0.096875 0.303125 0.10234399999999999 0.31875 0.09218699999999999 0.321875 0.0875 0.32734399999999997 0.085156 0.33593799999999996 0.085156 0.35 0.086719 0.352344 0.090625 0.349219 0.091406 0.33906200000000003 0.09375 0.334375 0.10390600000000001 0.325781 0.10781199999999999 0.326562 0.11796899999999999 0.334375 0.126563 0.336719 0.129687 0.335156 0.12890600000000002 0.32890600000000003 0.115625 0.30468799999999996 0.1125 0.295312 0.1125 0.282813 0.115625 0.269531 0.11484399999999999 0.263281 0.109375 0.263281 0.09765599999999999 0.285156 0.096875 0.303125
2 0.124219 0.104688 0.108594 0.120313 0.10234399999999999 0.133594 0.103125 0.146875 0.10781199999999999 0.146875 0.11953100000000001 0.132031 0.125781 0.11953100000000001 0.132031 0.113281 0.140625 0.1 0.139844 0.095312 0.132031 0.096875 0.126563 0.1 0.124219 0.104688
0 0.099219 0.060156 0.10781199999999999 0.069531 0.113281 0.072656 0.109375 0.083594 0.109375 0.092188 0.113281 0.108594 0.11484399999999999 0.110937 0.11875 0.110937 0.13125 0.1 0.132031 0.09375 0.124219 0.075781 0.11640600000000001 0.071094 0.11640600000000001 0.064844 0.11093800000000001 0.05625 0.096094 0.017969 0.091406 0.014844 0.08984400000000001 0.033594 0.091406 0.042969 0.099219 0.060156
0 0.8648440000000001 0.825 0.8695309999999999 0.824219 0.8851559999999999 0.8117190000000001 0.8890629999999999 0.8117190000000001 0.8929690000000001 0.814063 0.8992190000000001 0.823438 0.9039059999999999 0.8273440000000001 0.9195309999999999 0.8273440000000001 0.9460940000000001 0.823438 0.9617190000000001 0.81875 0.96875 0.8148440000000001 0.967187 0.8117190000000001 0.9476559999999999 0.8039059999999999 0.9125 0.8039059999999999 0.910156 0.791406 0.9054690000000001 0.782031 0.896875 0.774219 0.8890629999999999 0.771875 0.878906 0.772656 0.8726559999999999 0.778125 0.871875 0.785937 0.875 0.79375 0.8734379999999999 0.798438 0.8570309999999999 0.792969 0.851562 0.792969 0.828125 0.797656 0.8226559999999999 0.8 0.816406 0.80625 0.817188 0.810937 0.8414059999999999 0.816406 0.8648440000000001 0.825
0 0.500781 0.935937 0.508594 0.940625 0.527344 0.9445309999999999 0.53125 0.946875 0.523438 0.951562 0.514844 0.9601559999999999 0.509375 0.970313 0.511719 0.975 0.522656 0.972656 0.533594 0.965625 0.5375 0.964844 0.55625 0.978125 0.575 0.9867190000000001 0.619531 0.9976559999999999 0.627344 0.9976559999999999 0.628906 0.996094 0.628125 0.9875 0.623437 0.9851559999999999 0.604687 0.967187 0.582031 0.9429690000000001 0.564844 0.9351559999999999 0.553906 0.933594 0.533594 0.94375 0.530469 0.9273440000000001 0.51875 0.914062 0.507031 0.9054690000000001 0.489062 0.8976559999999999 0.475 0.895312 0.46796899999999997 0.8960940000000001 0.470313 0.904687 0.47656200000000004 0.9125 0.500781 0.935937
0 0.786719 0.110156 0.785938 0.11640600000000001 0.801563 0.11875 0.8265629999999999 0.132031 0.8523440000000001 0.151562 0.8578129999999999 0.151562 0.8578129999999999 0.146094 0.8492190000000001 0.12265600000000002 0.832031 0.105469 0.8210940000000001 0.10078100000000001 0.804688 0.10078100000000001 0.7953129999999999 0.10703100000000002 0.791406 0.10625 0.792187 0.083594 0.786719 0.063281 0.784375 0.088281 0.784375 0.10390600000000001 0.786719 0.110156
1 0.933594 0.210938 0.93125 0.215625 0.925 0.21875 0.9164059999999999 0.2125 0.8929690000000001 0.20703100000000002 0.871094 0.208594 0.8664059999999999 0.210156 0.864063 0.213281 0.8664059999999999 0.215625 0.8820309999999999 0.219531 0.884375 0.221875 0.8882809999999999 0.22109399999999998 0.902344 0.225781 0.9117190000000001 0.226562 0.921875 0.232813 0.9351559999999999 0.23671899999999998 0.9375 0.235156 0.9375 0.225781 0.9398440000000001 0.22343799999999997 0.942187 0.215625 0.9460940000000001 0.213281 0.945312 0.204687 0.941406 0.203125 0.933594 0.210938
1 0.715625 0.186719 0.724219 0.20625 0.730469 0.21484399999999998 0.732031 0.23203100000000002 0.739844 0.24531200000000003 0.748437 0.252344 0.75 0.246875 0.742188 0.228906 0.742969 0.2 0.738281 0.172656 0.730469 0.155469 0.725 0.13671899999999998 0.7125 0.125 0.709375 0.130469 0.709375 0.15 0.715625 0.186719
0 1 0.20781299999999997 0.9898440000000001 0.20703100000000002 0.984375 0.208594 0.982812 0.210938 0.9789059999999999 0.209375 0.9757809999999999 0.19531199999999999 0.967187 0.177344 0.959375 0.154688 0.946875 0.140625 0.939063 0.1375 0.9359379999999999 0.140625 0.9367190000000001 0.16406199999999999 0.9507809999999999 0.22109399999999998 0.9539059999999999 0.242188 0.9585940000000001 0.251563 0.9625 0.253125 0.970313 0.252344 0.9875 0.2625 0.996875 0.264062 1 0.261719 1 0.258594 0.9851559999999999 0.24375 0.9898440000000001 0.23828100000000002 1 0.232813 1 0.20781299999999997
1 0.563281 0 0.558594 0.0125 0.547656 0.026562000000000002 0.5375 0.047656 0.534375 0.063281 0.534375 0.085938 0.527344 0.095312 0.527344 0.10234399999999999 0.528906 0.10390600000000001 0.544531 0.1 0.549219 0.095312 0.551563 0.088281 0.55625 0.084375 0.56875 0.064844 0.584375 0.021093999999999998 0.586719 0 0.563281 0