1 0.546094 0.637891 0.55625 0.648828 0.584375 0.667578 0.602344 0.6707029999999999 0.616797 0.683594 0.626563 0.700391 0.6355470000000001 0.7 0.6355470000000001 0.667969 0.629688 0.667578 0.613672 0.654687 0.618359 0.642188 0.617969 0.620703 0.612109 0.621094 0.612109 0.628125 0.607422 0.632031 0.6042970000000001 0.642188 0.597656 0.647266 0.593359 0.646875 0.593359 0.638281 0.589844 0.634766 0.5730470000000001 0.632812 0.571094 0.620703 0.540625 0.620703 0.540234 0.6375 0.546094 0.637891
1 0.047656 0.8847659999999999 0.057813 0.898828 0.075781 0.908203 0.07656199999999999 0.9160159999999999 0.085156 0.9160159999999999 0.0875 0.908203 0.104297 0.90625 0.10390600000000001 0.894141 0.084375 0.894141 0.07617199999999999 0.885938 0.07421900000000001 0.876953 0.040625 0.876953 0.040234 0.884375 0.047656 0.8847659999999999
1 0.12304699999999999 0.9992190000000001 0.12304699999999999 0.964844 0.109375 0.964453 0.10273399999999999 0.9820309999999999 0.105859 0.9992190000000001 0.12304699999999999 0.9992190000000001
1 0.647656 0.8738279999999999 0.654687 0.8800779999999999 0.667969 0.8847659999999999 0.66875 0.8910159999999999 0.678906 0.8910159999999999 0.679297 0.8851559999999999 0.684375 0.8816409999999999 0.6886720000000001 0.8851559999999999 0.689063 0.8910159999999999 0.716797 0.890625 0.716406 0.8753909999999999 0.692188 0.8738279999999999 0.6886720000000001 0.871875 0.688281 0.8644529999999999 0.640625 0.8644529999999999 0.640234 0.873437 0.647656 0.8738279999999999
1 0.522656 0.8894529999999999 0.529687 0.883203 0.535156 0.883203 0.5433589999999999 0.8898440000000001 0.54375 0.8972659999999999 0.566797 0.896875 0.566797 0.8726559999999999 0.559375 0.872266 0.546484 0.864062 0.549609 0.854688 0.547656 0.8332029999999999 0.5324220000000001 0.8335940000000001 0.533984 0.851562 0.5261720000000001 0.86875 0.522656 0.872266 0.515234 0.8726559999999999 0.515234 0.889062 0.522656 0.8894529999999999
1 0.347656 0.7644529999999999 0.354297 0.775 0.362109 0.778906 0.3625 0.7847660000000001 0.37421899999999997 0.7847660000000001 0.376563 0.776953 0.391797 0.775 0.39140600000000003 0.7644529999999999 0.371875 0.7644529999999999 0.366797 0.759375 0.366406 0.751953 0.340625 0.751953 0.34023400000000004 0.764062 0.347656 0.7644529999999999
2 0.602734 0.528906 0.603125 0.5347660000000001 0.630469 0.5347660000000001 0.630859 0.528906 0.635937 0.525391 0.666406 0.525391 0.6667970000000001 0.508594 0.60625 0.508203 0.603906 0.517578 0.596484 0.517969 0.596484 0.528125 0.602734 0.528906
2 0.254687 0.8222659999999999 0.269531 0.8222659999999999 0.269922 0.816406 0.276172 0.8125 0.283984 0.800781 0.291797 0.798438 0.291797 0.777344 0.270312 0.776953 0.269922 0.782813 0.255859 0.796094 0.252734 0.810937 0.254687 0.8222659999999999
1 0.546094 0.425391 0.549609 0.430469 0.549609 0.446875 0.557031 0.44726600000000005 0.5574220000000001 0.439844 0.569922 0.42265600000000003 0.590625 0.40351600000000004 0.598047 0.403125 0.598047 0.38984399999999997 0.582813 0.389453 0.582422 0.396875 0.576562 0.398828 0.560156 0.41601600000000005 0.547656 0.40664100000000003 0.540625 0.40664100000000003 0.530469 0.412891 0.515625 0.41445299999999996 0.515234 0.421875 0.546094 0.425391
1 0.739844 0.972266 0.741797 0.979688 0.746875 0.9832029999999999 0.760156 0.981641 0.763672 0.975 0.763672 0.9539059999999999 0.7777339999999999 0.933594 0.785547 0.93125 0.785547 0.9210940000000001 0.7625 0.9207029999999999 0.7621089999999999 0.928125 0.749609 0.9398440000000001 0.743359 0.9523440000000001 0.740234 0.96875 0.734375 0.9691409999999999 0.733984 0.971875 0.739844 0.972266
0 0.235156 0.554688 0.235156 0.542188 0.227344 0.497656 0.224219 0.490625 0.22031299999999998 0.49375 0.21640600000000002 0.507812 0.210938 0.549219 0.213281 0.557813 0.22031299999999998 0.571094 0.225 0.575 0.228906 0.575 0.23281200000000002 0.566406 0.235156 0.554688
0 0.22109399999999998 0.609375 0.215625 0.614844 0.21640600000000002 0.63125 0.224219 0.660937 0.228125 0.66875 0.23203100000000002 0.671875 0.23671899999999998 0.671094 0.244531 0.648438 0.246875 0.621094 0.24609399999999998 0.608594 0.242188 0.605469 0.235156 0.605469 0.22109399999999998 0.609375
0 0.203906 0.157031 0.17578100000000002 0.165625 0.157813 0.178125 0.15 0.1875 0.14296899999999998 0.20078100000000002 0.13671899999999998 0.196875 0.125 0.196875 0.12265600000000002 0.20625 0.128125 0.213281 0.13828100000000002 0.220312 0.146094 0.215625 0.154687 0.21406200000000003 0.17421899999999998 0.2 0.217969 0.177344 0.22968799999999998 0.166406 0.22968799999999998 0.1625 0.22031299999999998 0.157812 0.203906 0.157031
0 0.699219 0.39140600000000003 0.696875 0.3875 0.689063 0.38125 0.678906 0.382031 0.678125 0.386719 0.689063 0.39843799999999996 0.689844 0.403906 0.695312 0.403906 0.699219 0.39843799999999996 0.699219 0.39140600000000003
0 0.713281 0.796875 0.714062 0.785937 0.711719 0.764062 0.704688 0.746875 0.703906 0.739062 0.696875 0.733594 0.676563 0.725 0.676563 0.729688 0.680469 0.740625 0.689844 0.759375 0.696875 0.798438 0.7 0.8054690000000001 0.70625 0.807813 0.710156 0.804688 0.713281 0.796875
0 0.471875 0.6125 0.425781 0.617188 0.410156 0.630469 0.409375 0.635938 0.410156 0.639062 0.413281 0.640625 0.425 0.632812 0.433594 0.630469 0.447656 0.629687 0.474219 0.622656 0.502344 0.623437 0.502344 0.61875 0.49375 0.614844 0.471875 0.6125
0 0.299219 1 0.294531 0.9875 0.28046899999999997 0.975 0.275781 0.972656 0.267188 0.971875 0.260156 0.973437 0.258594 0.9835940000000001 0.267188 1 0.299219 1
0 0.265625 0.705469 0.2625 0.719531 0.261719 0.735156 0.263281 0.74375 0.26640600000000003 0.746875 0.272656 0.742188 0.275781 0.728906 0.276563 0.707031 0.272656 0.696875 0.269531 0.698438 0.265625 0.705469
1 0.15 0.9113279999999999 0.177344 0.925391 0.18125 0.934766 0.202344 0.934766 0.20625 0.925391 0.215625 0.9222659999999999 0.24179699999999998 0.926562 0.241406 0.914453 0.224219 0.909766 0.209375 0.909766 0.20156200000000002 0.9160159999999999 0.187109 0.896875 0.186719 0.8894529999999999 0.13281199999999999 0.8894529999999999 0.13242199999999998 0.896875 0.15 0.9113279999999999
1 0.290234 0.532031 0.290234 0.548438 0.29375 0.5519529999999999 0.29765600000000003 0.5519529999999999 0.30468799999999996 0.542578 0.310937 0.539453 0.323047 0.5375 0.322656 0.525391 0.30468799999999996 0.526953 0.301172 0.523438 0.294922 0.496875 0.294531 0.47695299999999996 0.283984 0.477344 0.283984 0.5 0.290234 0.532031
1 0.307031 0.286328 0.32031200000000004 0.30039099999999996 0.348047 0.30156299999999997 0.348047 0.291406 0.33125 0.286328 0.323047 0.27656200000000003 0.322656 0.270703 0.295312 0.270703 0.294922 0.279687 0.307031 0.286328
1 0.000781 0.609766 0.007031 0.609766 0.007422 0.602344 0.014062 0.5988279999999999 0.028905999999999998 0.5988279999999999 0.033984 0.59375 0.046484 0.567969 0.054297 0.565625 0.054297 0.552344 0.039062 0.5519529999999999 0.037108999999999996 0.560937 0.025781 0.575391 0.010938 0.575391 0.000781 0.5816410000000001 0.000781 0.609766
0 0.632031 1 0.630469 0.99375 0.619531 0.9820309999999999 0.610938 0.9773440000000001 0.589844 0.9710940000000001 0.592187 0.9625 0.608594 0.928125 0.609375 0.9226559999999999 0.607812 0.91875 0.600781 0.9210940000000001 0.584375 0.940625 0.576562 0.9460940000000001 0.569531 0.9398440000000001 0.557031 0.9226559999999999 0.551563 0.921875 0.552344 0.932813 0.559375 0.946875 0.566406 0.95625 0.567188 0.9632809999999999 0.54375 0.9914059999999999 0.528906 0.99375 0.529687 0.995313 0.535938 0.996094 0.5375 1 0.632031 1
0 0.20546899999999998 0.432031 0.19921899999999998 0.440625 0.155469 0.470313 0.14453100000000002 0.48125 0.1375 0.492969 0.139062 0.508594 0.14375 0.510938 0.150781 0.510938 0.1625 0.504687 0.198438 0.46875 0.21406299999999998 0.450781 0.221875 0.439844 0.221875 0.43125 0.215625 0.428906 0.20546899999999998 0.432031
0 0.621094 0.414844 0.603125 0.43828100000000003 0.596094 0.442969 0.595313 0.45234399999999997 0.6 0.451562 0.601562 0.446875 0.603906 0.446875 0.611719 0.439063 0.623437 0.43281200000000003 0.639062 0.417969 0.658594 0.396094 0.659375 0.390625 0.650781 0.392188 0.621094 0.414844