1 0.771094 1 0.771094 0.9976559999999999 0.767969 0.99375 0.7640629999999999 0.99375 0.752344 0.989063 0.747656 0.9914059999999999 0.745312 0.989063 0.74375 0.978125 0.7375 0.9632809999999999 0.730469 0.9539059999999999 0.721094 0.9445309999999999 0.7125 0.9382809999999999 0.689844 0.928125 0.682031 0.926562 0.677344 0.9273440000000001 0.677344 0.9320309999999999 0.682812 0.94375 0.685937 0.9476559999999999 0.686719 0.951562 0.688281 0.951562 0.694531 0.957812 0.696875 0.9617190000000001 0.715625 0.980469 0.730469 0.990625 0.742969 0.996094 0.748437 0.996094 0.75 0.9976559999999999 0.752344 0.9976559999999999 0.753125 1 0.771094 1
1 0.735156 0.69375 0.736719 0.689844 0.736719 0.685156 0.734375 0.675781 0.732031 0.673438 0.725 0.653125 0.710938 0.626563 0.709375 0.621094 0.702344 0.609375 0.700781 0.608594 0.699219 0.613281 0.699219 0.624219 0.702344 0.64375 0.702344 0.650781 0.707813 0.675781 0.711719 0.684375 0.711719 0.686719 0.707813 0.689063 0.709375 0.69375 0.714844 0.7 0.716406 0.705469 0.728125 0.709375 0.735938 0.703906 0.752344 0.703125 0.758047 0.700547 0.747344 0.696406 0.735156 0.69375
2 0.65 0.604687 0.636719 0.617188 0.627344 0.638281 0.627344 0.64375 0.632031 0.645313 0.638281 0.642188 0.65 0.633594 0.660156 0.623437 0.678125 0.614063 0.679688 0.611719 0.678906 0.60625 0.670312 0.601562 0.659375 0.601562 0.65 0.604687
1 0.610156 0.525781 0.609375 0.524219 0.603906 0.522656 0.594531 0.513281 0.572656 0.5 0.561719 0.497656 0.557812 0.49921899999999997 0.557812 0.50625 0.572656 0.517969 0.588281 0.5375 0.599219 0.545312 0.603906 0.546875 0.60625 0.545312 0.607812 0.539844 0.607812 0.528906 0.610156 0.525781
1 0.611719 0.7640629999999999 0.603125 0.778906 0.6 0.786719 0.598438 0.8 0.596094 0.8023440000000001 0.583594 0.800781 0.571094 0.8039059999999999 0.569531 0.8070309999999999 0.571094 0.809375 0.59375 0.8101559999999999 0.598438 0.8125 0.60625 0.820312 0.614063 0.8195309999999999 0.622656 0.8132809999999999 0.632031 0.796875 0.641406 0.771875 0.645313 0.753906 0.645313 0.74375 0.642969 0.736719 0.638281 0.735938 0.629688 0.742188 0.611719 0.7640629999999999
2 0.703906 0.85625 0.703125 0.8648440000000001 0.704688 0.867188 0.707813 0.865625 0.713281 0.8664059999999999 0.713281 0.8578129999999999 0.716406 0.85 0.716406 0.8453120000000001 0.711719 0.8445309999999999 0.709375 0.8460940000000001 0.703906 0.85625
1 0.895312 0.745312 0.884375 0.747656 0.870312 0.760937 0.865625 0.75625 0.8609370000000001 0.753906 0.8609370000000001 0.760937 0.864063 0.769531 0.870312 0.776562 0.8742190000000001 0.778906 0.8820309999999999 0.778906 0.8921870000000001 0.775781 0.903125 0.76875 0.909375 0.766406 0.9164059999999999 0.760937 0.928125 0.75625 0.928125 0.753906 0.926562 0.7515620000000001 0.910156 0.746094 0.895312 0.745312
2 0.9375 0.946875 0.942187 0.9617190000000001 0.940625 0.975 0.9429690000000001 0.9820309999999999 0.9476559999999999 0.980469 0.9601559999999999 0.9554690000000001 0.959375 0.95 0.951562 0.9398440000000001 0.946875 0.9398440000000001 0.940625 0.9429690000000001 0.9375 0.946875
1 0.539062 0.752344 0.514922 0.774688 0.510156 0.783594 0.50625 0.7875 0.503125 0.7874220000000001 0.494531 0.784687 0.48375 0.782578 0.489297 0.787266 0.495313 0.789062 0.496875 0.79375 0.501563 0.797656 0.509375 0.801563 0.517188 0.8023440000000001 0.528438 0.8000780000000001 0.538281 0.782031 0.542969 0.775781 0.548438 0.760156 0.550781 0.749219 0.55 0.74375 0.548438 0.742969 0.544531 0.744531 0.539062 0.752344
1 0.392188 0.871094 0.385156 0.8734379999999999 0.36718799999999996 0.865625 0.35156200000000004 0.8617190000000001 0.334375 0.8617190000000001 0.321094 0.865625 0.317187 0.86875 0.317969 0.8734379999999999 0.321094 0.8765620000000001 0.336719 0.884375 0.38125 0.896875 0.392188 0.896875 0.396875 0.894531 0.399219 0.8882809999999999 0.395312 0.884375 0.399219 0.88125 0.410156 0.8773440000000001 0.409375 0.8734379999999999 0.40625 0.871875 0.392188 0.871094
2 0.332031 0.9554690000000001 0.326562 0.948438 0.325781 0.9429690000000001 0.324219 0.9445309999999999 0.317969 0.9460940000000001 0.317969 0.948438 0.321875 0.957812 0.321875 0.967187 0.32031200000000004 0.9710940000000001 0.321875 0.9742190000000001 0.326562 0.9742190000000001 0.330469 0.9710940000000001 0.333594 0.9625 0.332031 0.9554690000000001
1 0.071875 0.498437 0.07656199999999999 0.503125 0.07656199999999999 0.505469 0.078906 0.509375 0.078906 0.514062 0.082812 0.517969 0.083594 0.525 0.077344 0.529687 0.046875 0.535156 0.038280999999999996 0.542187 0.033594 0.548438 0.028125 0.564063 0.027344 0.582031 0.030469000000000003 0.603125 0.032812999999999995 0.610938 0.035937000000000004 0.6125 0.041406 0.610938 0.048437999999999995 0.596875 0.08203099999999999 0.551563 0.09218699999999999 0.541406 0.096094 0.532031 0.096094 0.514844 0.092969 0.50625 0.09218699999999999 0.49921899999999997 0.088281 0.489062 0.085156 0.484375 0.085156 0.482031 0.078125 0.46953100000000003 0.07656199999999999 0.460156 0.072656 0.454688 0.070312 0.455469 0.069531 0.458594 0.071875 0.498437
1 0.322656 0.589062 0.325 0.571094 0.325 0.559375 0.316406 0.546094 0.314844 0.536719 0.31171899999999997 0.530469 0.310937 0.525781 0.3125 0.521875 0.3125 0.517188 0.307813 0.510156 0.307031 0.492969 0.303125 0.477344 0.303125 0.470313 0.298438 0.470313 0.29609399999999997 0.496094 0.298438 0.50625 0.298438 0.5125 0.30468799999999996 0.528906 0.305078 0.5334369999999999 0.309219 0.5393749999999999 0.31171899999999997 0.546875 0.31328100000000003 0.548438 0.314063 0.552344 0.31171899999999997 0.557031 0.30625 0.55625 0.302344 0.557812 0.298438 0.566406 0.296875 0.578125 0.303906 0.609375 0.310156 0.622656 0.314844 0.627344 0.31875 0.623437 0.32031200000000004 0.597656 0.322656 0.589062
1 0.5 0.4125 0.490625 0.421875 0.48359399999999997 0.432813 0.482031 0.43828100000000003 0.482812 0.457031 0.486719 0.463281 0.485938 0.467187 0.484375 0.465625 0.471875 0.464063 0.466406 0.460156 0.463281 0.461719 0.448438 0.461719 0.446875 0.4625 0.446875 0.467187 0.455469 0.46796899999999997 0.461719 0.471094 0.475781 0.472656 0.478125 0.474219 0.485938 0.473437 0.495313 0.46953100000000003 0.502344 0.460156 0.505469 0.450781 0.507812 0.448438 0.513281 0.435937 0.517969 0.433594 0.520313 0.430469 0.520313 0.428125 0.526562 0.41406200000000004 0.527344 0.403906 0.520313 0.403125 0.5125 0.40546899999999997 0.5 0.4125
1 0.934375 0.294531 0.934375 0.286719 0.9320309999999999 0.278906 0.9320309999999999 0.26640600000000003 0.9289059999999999 0.254687 0.917188 0.235156 0.9054690000000001 0.22265600000000002 0.8890629999999999 0.213281 0.884375 0.21484399999999998 0.8851559999999999 0.225 0.8890629999999999 0.23593799999999998 0.890625 0.24609399999999998 0.8929690000000001 0.25078100000000003 0.9 0.2875 0.9117190000000001 0.309375 0.915625 0.314063 0.9203129999999999 0.315625 0.92875 0.304609 0.933984 0.31625000000000003 0.9375 0.303125 0.9375 0.3 0.934375 0.294531
1 0.774219 0.15859399999999998 0.766406 0.161719 0.7640629999999999 0.159375 0.753125 0.135156 0.746875 0.126563 0.727344 0.108594 0.696875 0.099219 0.695312 0.10390600000000001 0.70625 0.121875 0.758594 0.182031 0.7640629999999999 0.184375 0.767969 0.17578100000000002 0.774219 0.16875 0.778906 0.166406 0.784375 0.166406 0.784375 0.161719 0.7796879999999999 0.159375 0.774219 0.15859399999999998
1 0.553906 0.167188 0.551563 0.1125 0.549219 0.09765599999999999 0.547656 0.094531 0.547656 0.0875 0.544531 0.078906 0.540625 0.083594 0.539062 0.096094 0.536719 0.103125 0.532031 0.14375 0.532031 0.161719 0.533594 0.171094 0.528125 0.17421899999999998 0.528125 0.178125 0.533594 0.178906 0.544531 0.19140600000000002 0.546875 0.19140600000000002 0.55 0.189063 0.55 0.180469 0.553906 0.167188
1 0.564844 0 0.565625 0.005469 0.571875 0.021093999999999998 0.585938 0.045312000000000005 0.585938 0.049219 0.582031 0.057031 0.583594 0.058594 0.59375 0.057813 0.599219 0.06406300000000001 0.605469 0.063281 0.611719 0.055469000000000004 0.614844 0.040625 0.614844 0.016406 0.610938 0 0.564844 0
2 0.34375 0.178125 0.339063 0.180469 0.33593799999999996 0.184375 0.332812 0.18515600000000002 0.328125 0.190625 0.328125 0.192969 0.321875 0.19921899999999998 0.321094 0.20156200000000002 0.323438 0.203125 0.328125 0.203125 0.33593799999999996 0.20078100000000002 0.346094 0.192969 0.350781 0.19140600000000002 0.353125 0.188281 0.36015600000000003 0.1875 0.36015600000000003 0.18125 0.353906 0.176562 0.349219 0.178125 0.34375 0.178125
2 0.305469 0.11484399999999999 0.301562 0.108594 0.286719 0.10234399999999999 0.285156 0.10390600000000001 0.291406 0.1125 0.292188 0.12343699999999999 0.299219 0.146875 0.302344 0.151563 0.307031 0.151563 0.307813 0.140625 0.305469 0.126563 0.305469 0.11484399999999999
2 0.269531 0.339844 0.272656 0.34296899999999997 0.275 0.348437 0.276563 0.346094 0.275781 0.342187 0.279687 0.32734399999999997 0.284375 0.317187 0.283594 0.31328100000000003 0.278906 0.314063 0.269531 0.32890600000000003 0.269531 0.339844
2 0.163281 0.521875 0.15859399999999998 0.514844 0.15859399999999998 0.5125 0.15390600000000002 0.510937 0.15390600000000002 0.516406 0.155469 0.517969 0.154687 0.523438 0.157031 0.529687 0.15625 0.533594 0.160937 0.539844 0.163281 0.546094 0.170312 0.551563 0.170312 0.544531 0.164844 0.532031 0.163281 0.521875
1 0.99375 0.614844 0.9867190000000001 0.603125 0.9742190000000001 0.590625 0.9601559999999999 0.584375 0.9507809999999999 0.583594 0.9523440000000001 0.586719 0.9523440000000001 0.592969 0.9539059999999999 0.597656 0.970313 0.61875 0.9757809999999999 0.629688 0.984375 0.639844 0.9859370000000001 0.642969 0.9859370000000001 0.646875 0.9945309999999999 0.644531 0.9976559999999999 0.632812 0.996875 0.624219 0.99375 0.614844