0 0.391406 0.789844 0.383594 0.799219 0.404687 0.801562 0.413281 0.800781 0.417969 0.807031 0.417969 0.810937 0.421875 0.8148440000000001 0.421875 0.8210940000000001 0.425781 0.832812 0.439844 0.851562 0.451562 0.859375 0.453125 0.853125 0.450781 0.842187 0.439844 0.8101559999999999 0.439844 0.789062 0.435937 0.786719 0.43125 0.788281 0.428125 0.785156 0.42265600000000003 0.785156 0.413281 0.788281
0 0.420312 0.798438 0.40703100000000003 0.800781 0.4 0.807031 0.392188 0.823438 0.3875 0.845313 0.385937 0.8617190000000001 0.3875 0.886719 0.396094 0.91875 0.399219 0.921875 0.40156200000000003 0.921875 0.404687 0.91875 0.420312 0.849219 0.42265600000000003 0.828125 0.421875 0.809375 0.423438 0.801562
0 0.694531 0.382031 0.683594 0.388281 0.644531 0.42656299999999997 0.632031 0.44218799999999997 0.622656 0.458594 0.607031 0.480469 0.601562 0.497656 0.601562 0.507031 0.605469 0.522656 0.617969 0.535937 0.628906 0.53125 0.635938 0.523438 0.670312 0.45781299999999997 0.69375 0.398438 0.696875 0.385937
0 0.184375 0.477344 0.186719 0.494531 0.190625 0.502344 0.20546899999999998 0.51875 0.21640600000000002 0.527344 0.242969 0.542188 0.257812 0.546875 0.269531 0.548438 0.290625 0.547656 0.29375 0.546094 0.290625 0.538281 0.280469 0.526563 0.242188 0.504687 0.227344 0.498437 0.217188 0.48906299999999997 0.190625 0.474219
0 0.732812 0.470313 0.717187 0.47656200000000004 0.703125 0.485938 0.692969 0.494531 0.683594 0.507031 0.682031 0.514062 0.684375 0.521875 0.696875 0.532813 0.700781 0.532813 0.707031 0.536719 0.709375 0.536719 0.732031 0.478125
0 0.978125 0.532813 0.974219 0.528906 0.9601559999999999 0.521094 0.945312 0.522656 0.9054689999999999 0.533594 0.884375 0.544531 0.882812 0.55 0.886719 0.553906 0.895312 0.55625 0.9398440000000001 0.552344 0.9601559999999999 0.547656 0.9757809999999999 0.541406 0.978125 0.5375
1 0.9992189999999999 0.551953 0.9757809999999999 0.536328 0.961328 0.523438 0.953125 0.508203 0.947656 0.506641 0.920312 0.47851600000000005 0.914453 0.478125 0.914453 0.464844 0.929688 0.46445299999999995 0.930078 0.471875 0.957031 0.49882799999999994 0.975 0.500391 0.9992189999999999 0.525391
1 0.754687 0.391016 0.733203 0.390625 0.733203 0.367969 0.740625 0.367578 0.75625 0.359766 0.758594 0.351953 0.779687 0.351953 0.781641 0.3625 0.787891 0.364844 0.787891 0.371875 0.769531 0.372266 0.763281 0.375391 0.755078 0.383594 0.754687 0.391016
1 0.179688 0.303516 0.175391 0.303125 0.175391 0.296094 0.167578 0.2875 0.167578 0.274219 0.172266 0.264844 0.147656 0.250391 0.131641 0.232813 0.12382800000000001 0.217969 0.114453 0.21406200000000003 0.11484399999999999 0.164453 0.126953 0.164844 0.126953 0.171875 0.153516 0.192969 0.169141 0.215625 0.195703 0.241406 0.201953 0.252344 0.201953 0.265625 0.183203 0.275781 0.183203 0.292187 0.179688 0.303516
1 0.609375 0.097266 0.595703 0.096875 0.595703 0.089844 0.580078 0.073438 0.575391 0.064062 0.575391 0.049219 0.557813 0.036328 0.552344 0.036328 0.552344 0.026952999999999998 0.576562 0.026952999999999998 0.578906 0.034766 0.597266 0.044531 0.601953 0.065625 0.609766 0.067969 0.609375 0.097266
0 0.060937 0.219531 0.05625 0.220312 0.039062 0.235156 0.030469000000000003 0.251563 0.028125 0.264844 0.027344 0.28125 0.032031 0.300781 0.052344 0.33125 0.05625 0.327344 0.057813 0.316406 0.057031 0.274219 0.0625 0.248438
1 0.9992189999999999 0.8222660000000002 0.992188 0.8285160000000001 0.981641 0.8304690000000001 0.978125 0.8582029999999999 0.9691410000000001 0.853125 0.961328 0.8351559999999999 0.9519529999999999 0.83125 0.9523439999999999 0.814453 0.9992189999999999 0.814453
1 0.009375 0.284766 0.0019530000000000003 0.284375 0.0019530000000000003 0.261719 0.026561999999999995 0.264453 0.026952999999999998 0.273438 0.009375 0.284766
0 0.9992189999999999 0.397266 0.967187 0.411328 0.949219 0.411328 0.9460940000000001 0.408203 0.942187 0.41601600000000005 0.9304690000000001 0.41914099999999993 0.934766 0.402344 0.9210939999999999 0.394141 0.9128909999999999 0.409375 0.904687 0.41757799999999995 0.8882809999999999 0.4222659999999999 0.8875 0.428516 0.808203 0.428125 0.808594 0.41601600000000005 0.817187 0.41601600000000005 0.833594 0.4066409999999999 0.867188 0.398828 0.884375 0.391016 0.886719 0.383203 0.93125 0.383203 0.9316410000000002 0.389062 0.9382810000000001 0.394141 0.960938 0.392578 0.966016 0.389062 0.9664059999999999 0.383203 0.9992189999999999 0.383203
2 0.546875 0.21601600000000004 0.527344 0.21601600000000004 0.525 0.208203 0.514453 0.20781299999999997 0.514453 0.196094 0.564063 0.195703 0.564453 0.204687 0.547656 0.20976600000000004 0.546875 0.21601600000000004
1 0.979688 0.8582029999999999 0.9710940000000001 0.856641 0.961328 0.8351559999999999 0.9519529999999999 0.83125 0.9523439999999999 0.814453 0.976953 0.8148440000000001 0.976953 0.825 0.981641 0.833594 0.979688 0.8582029999999999
1 0.940625 0.322266 0.9289059999999999 0.322266 0.9285159999999999 0.316406 0.923438 0.311328 0.915625 0.305078 0.908203 0.304688 0.9085940000000001 0.281641 0.915625 0.281641 0.930078 0.296094 0.933203 0.30625 0.941016 0.307031 0.940625 0.322266
0 0.670312 0.567969 0.665625 0.565625 0.644531 0.570312 0.622656 0.582812 0.6 0.599219 0.597656 0.603906 0.602344 0.605469 0.61875 0.596875 0.626563 0.600781 0.634375 0.600781 0.642188 0.619531 0.646094 0.625 0.650781 0.623437 0.65 0.582812 0.652344 0.580469 0.670312 0.573438
0 0.903125 0.685937 0.901563 0.678906 0.8882809999999999 0.666406 0.878125 0.664062 0.854688 0.66875 0.833594 0.670312 0.8148440000000001 0.677344 0.81875 0.680469 0.829688 0.683594 0.849219 0.685156 0.8570309999999999 0.6875 0.870313 0.686719 0.878125 0.689063 0.8820309999999999 0.686719 0.884375 0.679688 0.889062 0.676562 0.894531 0.682813 0.8992190000000001 0.685937
0 0.592969 0.53125 0.579688 0.528906 0.578125 0.532031 0.579688 0.5375 0.578906 0.548438 0.560156 0.564063 0.544531 0.585938 0.53125 0.625781 0.528125 0.652344 0.528906 0.66875 0.533594 0.669531 0.539062 0.6625 0.56875 0.609375 0.578125 0.6 0.58125 0.590625 0.592187 0.575781 0.598437 0.555469 0.597656 0.549219 0.602344 0.545312 0.603125 0.542188 0.602344 0.538281
0 0.333594 0.036719 0.333594 0.041406 0.3375 0.045312 0.35625 0.05625 0.391406 0.070312 0.403906 0.071875 0.427344 0.096094 0.43125 0.095312 0.432031 0.091406 0.428125 0.067187 0.42109399999999997 0.055469000000000004 0.41093799999999997 0.046875 0.385156 0.035937 0.348438 0.032031 0.340625 0.032813
0 0.40546899999999997 0.10078099999999998 0.396094 0.10078099999999998 0.394531 0.10234400000000002 0.403906 0.115625 0.402344 0.124219 0.396094 0.133594 0.392969 0.142969 0.389062 0.163281 0.389844 0.170313 0.396094 0.173437 0.40703100000000003 0.1625 0.421875 0.133594 0.4375 0.123438 0.435156 0.11875 0.424219 0.114062 0.416406 0.104688
0 0.40625 0.295312 0.41718700000000003 0.296875 0.441406 0.296875 0.45781299999999997 0.299219 0.46875 0.298438 0.478125 0.295312 0.472656 0.290625 0.44375 0.2875 0.40703100000000003 0.290625
0 0.278125 0.547656 0.267188 0.549219 0.251563 0.567969 0.253125 0.59375 0.25625 0.603906 0.259375 0.607812 0.2625 0.604688 0.269531 0.572656 0.273438 0.563281 0.280469 0.553125 0.280469 0.549219
0 0.088125 0.572656 0.077578 0.566719 0.069844 0.562734 0.052187 0.548516 0.068516 0.568359 0.092969 0.579688 0.079687 0.588281 0.076563 0.588281 0.053905999999999996 0.610156 0.039844 0.628125 0.030469000000000003 0.646094 0.026561999999999995 0.657813 0.023438 0.674219 0.023438 0.682031 0.025 0.683594 0.035937 0.676562 0.042188 0.66875 0.051562 0.650781 0.084375 0.615625 0.104688 0.590625 0.1125 0.584375 0.113281 0.579688 0.10625 0.579688 0.099219 0.576562 0.096719 0.574922
0 0.296094 0.855469 0.29375 0.85625 0.280469 0.878125 0.25625 0.903125 0.242969 0.914062 0.228125 0.9226560000000001 0.228906 0.926562 0.233594 0.927344 0.23828100000000002 0.925781 0.258594 0.9125 0.279687 0.894531 0.282031 0.896094 0.284375 0.895312 0.288281 0.879687 0.297656 0.8617190000000001
0 0.525781 0.845313 0.520312 0.8429689999999999 0.50625 0.8507809999999999 0.502344 0.854688 0.49218799999999996 0.8585939999999999 0.485938 0.867188 0.46796899999999997 0.880469 0.451562 0.896094 0.45234399999999997 0.9 0.455469 0.900781 0.4625 0.898438 0.471094 0.892188 0.47968700000000003 0.8898439999999999 0.490625 0.8835940000000001 0.510938 0.8773440000000001 0.511719 0.869531 0.516406 0.865625 0.517969 0.857812
1 0.467187 0.553516 0.45195299999999994 0.553125 0.45195299999999994 0.522656 0.45781299999999997 0.522266 0.46757799999999994 0.507031 0.49921899999999997 0.48007799999999995 0.525 0.472266 0.520703 0.454688 0.522266 0.439844 0.535937 0.439453 0.541016 0.467187 0.546094 0.472266 0.553516 0.472656 0.553516 0.482812 0.541406 0.4847659999999999 0.49218799999999996 0.533203 0.46953100000000003 0.545703 0.467187 0.553516