0 0.235937 0.060156 0.23906299999999997 0.067187 0.250781 0.080469 0.26875 0.094531 0.278906 0.1 0.294531 0.099219 0.300781 0.10625 0.314063 0.108594 0.367188 0.110156 0.370312 0.107813 0.367969 0.099219 0.3625 0.090625 0.357031 0.085156 0.34375 0.078125 0.330469 0.075 0.315625 0.075 0.307812 0.077344 0.295312 0.085156 0.29375 0.079687 0.290625 0.078125 0.285938 0.070312 0.275 0.061719 0.260156 0.057813
0 0.638281 0 0.642969 0.014844 0.660937 0.040625 0.657813 0.047656 0.660156 0.060937 0.66875 0.071094 0.670312 0.076563 0.677344 0.0875 0.688281 0.1 0.690625 0.1 0.694531 0.096094 0.695312 0.061719 0.692187 0.048438 0.689844 0.044531 0.682031 0.039844 0.672656 0.039062 0.669531 0.045312 0.667188 0.042969 0.667969 0.0375 0.674219 0.026561999999999995 0.675 0.017188 0.667188 0.010156 0.665625 0
0 0.10390600000000001 0.390625 0.10625 0.403906 0.11484399999999999 0.420312 0.11484399999999999 0.425 0.110937 0.43125 0.110937 0.435937 0.11875 0.435937 0.127344 0.42968799999999996 0.134375 0.432031 0.142187 0.44218799999999997 0.151562 0.44843700000000003 0.185156 0.463281 0.194531 0.46406200000000003 0.194531 0.458594 0.191406 0.451562 0.177344 0.43671899999999997 0.16875 0.43125 0.15 0.425781 0.139844 0.42656299999999997 0.125 0.407813 0.115625 0.400781 0.107813 0.389062
0 0.11953100000000001 0.454688 0.120313 0.460156 0.123438 0.463281 0.127344 0.464844 0.164062 0.498437 0.169531 0.501563 0.173437 0.500781 0.176563 0.510156 0.190625 0.517969 0.2125 0.526563 0.225 0.526563 0.227344 0.525 0.226562 0.517188 0.221875 0.507812 0.210156 0.496875 0.199219 0.49218799999999996 0.182812 0.491406 0.175781 0.49375 0.174219 0.496094 0.175 0.4875 0.171094 0.47656200000000004 0.157031 0.461719 0.138281 0.451562 0.126562 0.451562
2 0.142969 0.535937 0.139844 0.533594 0.127344 0.532031 0.114062 0.532813 0.097656 0.539062 0.090625 0.54375 0.089844 0.549219 0.127344 0.548438 0.136719 0.544531 0.141406 0.540625
0 0.224219 0.474219 0.22265600000000002 0.475781 0.22265600000000002 0.48125 0.235937 0.528906 0.240625 0.534375 0.242969 0.546094 0.25625 0.576562 0.260937 0.584375 0.270313 0.59375 0.269531 0.623437 0.271875 0.626563 0.271094 0.63125 0.285938 0.648438 0.314844 0.700781 0.334375 0.721094 0.339062 0.721875 0.341406 0.714063 0.341406 0.680469 0.335156 0.65 0.322656 0.628125 0.310937 0.617188 0.297656 0.6125 0.285938 0.6125 0.282813 0.614844 0.280469 0.6125 0.28125 0.594531 0.279687 0.586719 0.282813 0.578906 0.282813 0.566406 0.275781 0.540625 0.273438 0.538281 0.2625 0.5125 0.248438 0.49218799999999996 0.228906 0.47343799999999997
1 0.428906 0.646875 0.425 0.641406 0.415625 0.6375 0.374219 0.639062 0.354687 0.644531 0.336719 0.640625 0.332031 0.640625 0.33125 0.642188 0.3375 0.654687 0.350781 0.657031 0.364844 0.649219 0.367188 0.654687 0.372656 0.657813 0.390625 0.660937 0.417969 0.657813 0.425781 0.653125
0 0.110937 0.809375 0.10625 0.8125 0.098437 0.828125 0.094531 0.8460940000000001 0.094531 0.855469 0.096875 0.867188 0.10234400000000002 0.880469 0.115625 0.898438 0.124219 0.90625 0.126562 0.941406 0.134375 0.942969 0.153125 0.9625 0.174219 0.974219 0.184375 0.9851560000000001 0.192188 0.989844 0.196875 0.989844 0.199219 0.9867190000000001 0.199219 0.973437 0.196875 0.960938 0.188281 0.939063 0.177344 0.9210939999999999 0.164062 0.9125 0.157031 0.910937 0.139063 0.9125 0.136719 0.9085940000000001 0.136719 0.904687 0.142187 0.8976559999999999 0.146094 0.882812 0.146875 0.8664059999999999 0.144531 0.847656 0.132812 0.824219 0.117188 0.810937
2 0.107813 0.8914060000000001 0.107813 0.8882809999999999 0.101562 0.878906 0.1 0.873437 0.088281 0.8757810000000001 0.065625 0.876563 0.051562 0.880469 0.05625 0.885938 0.065625 0.8875 0.074219 0.8914060000000001 0.083594 0.8914060000000001 0.092969 0.89375 0.101562 0.89375
2 0.007031 0.849219 0.005469 0.851562 0.005469 0.870313 0.009375 0.884375 0.014063 0.8835940000000001 0.016406 0.870313 0.0125 0.853906 0.010156 0.849219
0 0.185938 0.8882809999999999 0.180469 0.903125 0.183594 0.909375 0.198437 0.915625 0.20546899999999998 0.9148440000000001 0.20625 0.9210939999999999 0.208594 0.9242190000000001 0.23203100000000002 0.9367189999999999 0.235937 0.935937 0.266406 0.948438 0.271875 0.948438 0.275781 0.945312 0.275781 0.941406 0.269531 0.929688 0.254688 0.91875 0.24375 0.9125 0.22265600000000002 0.9054689999999999 0.215625 0.90625 0.20781299999999997 0.9132809999999999 0.20703100000000002 0.9039059999999999 0.196094 0.884375 0.192188 0.882812
0 0.350781 0.7625 0.347656 0.765625 0.347656 0.769531 0.353125 0.782813 0.355469 0.796094 0.357812 0.799219 0.357812 0.807031 0.366406 0.842187 0.378125 0.8625 0.382031 0.88125 0.3875 0.890625 0.396094 0.895312 0.4 0.894531 0.402344 0.8882809999999999 0.408594 0.8820309999999999 0.42265600000000003 0.907813 0.43671899999999997 0.925 0.4625 0.94375 0.467187 0.9445309999999999 0.466406 0.93125 0.460156 0.911719 0.453125 0.8992190000000001 0.439844 0.8835940000000001 0.434375 0.882812 0.432031 0.880469 0.41093799999999997 0.879687 0.409375 0.878125 0.415625 0.863281 0.416406 0.8429689999999999 0.41406200000000004 0.834375 0.415625 0.829688 0.411719 0.8273439999999999 0.407813 0.8148440000000001 0.399219 0.796875 0.385937 0.782031 0.378906 0.778125 0.367188 0.767188 0.353906 0.761719
0 0.458594 0.816406 0.45781299999999997 0.81875 0.471094 0.839063 0.475 0.8429689999999999 0.48125 0.8445310000000001 0.490625 0.853906 0.504687 0.871875 0.509375 0.882812 0.517969 0.885938 0.533594 0.885156 0.539844 0.88125 0.541406 0.876563 0.5375 0.8726559999999999 0.524219 0.870313 0.523438 0.86875 0.525781 0.864844 0.517188 0.8625 0.5125 0.8507809999999999 0.496875 0.8257809999999999 0.486719 0.820312
0 0.325781 0.8679690000000001 0.317969 0.875 0.305469 0.896094 0.304688 0.903125 0.296094 0.923438 0.296875 0.94375 0.305469 0.9679689999999999 0.30625 0.9820309999999999 0.3125 0.988281 0.314844 0.989062 0.31875 0.9835939999999999 0.322656 0.989062 0.325 1 0.35625 1 0.346094 0.978906 0.330469 0.9710940000000001 0.335938 0.9617190000000001 0.339844 0.95 0.342187 0.910156 0.339844 0.901563 0.339844 0.890625 0.335938 0.876563 0.330469 0.86875
0 0.5375 0.709375 0.522656 0.710938 0.49218799999999996 0.719531 0.475781 0.732031 0.458594 0.760156 0.450781 0.763281 0.444531 0.761719 0.439063 0.757812 0.434375 0.757812 0.424219 0.763281 0.397656 0.791406 0.398438 0.798438 0.403906 0.807813 0.411719 0.829688 0.415625 0.834375 0.42265600000000003 0.8304690000000001 0.424219 0.8257809999999999 0.428125 0.822656 0.430469 0.815625 0.42968799999999996 0.810937 0.433594 0.803125 0.45 0.785937 0.455469 0.771875 0.467187 0.764062 0.46875 0.759375 0.514844 0.7375 0.539062 0.713281
0 0.584375 0.589844 0.579688 0.592187 0.567969 0.605469 0.5625 0.60625 0.563281 0.610938 0.561719 0.615625 0.551562 0.626563 0.541406 0.628125 0.535937 0.635938 0.532813 0.645312 0.525 0.699219 0.525 0.708594 0.533594 0.703906 0.539844 0.695312 0.547656 0.679688 0.552344 0.664062 0.55625 0.658594 0.580469 0.654687 0.586719 0.65625 0.592187 0.655469 0.592187 0.649219 0.584375 0.635938 0.576562 0.630469 0.565625 0.626563 0.567187 0.622656 0.573438 0.617969 0.573438 0.611719 0.576562 0.609375 0.578125 0.604688 0.584375 0.599219
0 0.364844 0.516406 0.363281 0.522656 0.373437 0.547656 0.383594 0.560156 0.389062 0.5625 0.390625 0.573438 0.396875 0.583594 0.40703100000000003 0.592969 0.41093799999999997 0.592187 0.407813 0.582031 0.397656 0.564844 0.397656 0.551562 0.389844 0.536719 0.382031 0.515625 0.369531 0.514844
0 0.233594 0.460156 0.234375 0.464844 0.263281 0.491406 0.275 0.505469 0.284375 0.509375 0.290625 0.517188 0.294531 0.517188 0.296875 0.522656 0.310937 0.521875 0.322656 0.533594 0.336719 0.542969 0.353125 0.550781 0.357812 0.550781 0.358594 0.547656 0.35 0.536719 0.332031 0.521094 0.333594 0.519531 0.35 0.519531 0.364844 0.516406 0.382031 0.515625 0.396094 0.513281 0.40546899999999997 0.509375 0.4125 0.508594 0.414844 0.50625 0.41406200000000004 0.502344 0.41093799999999997 0.49921899999999997 0.40546899999999997 0.497656 0.398438 0.49218799999999996 0.365625 0.48125 0.344531 0.482812 0.333594 0.4875 0.324219 0.485938 0.310937 0.498437 0.305469 0.492969 0.299219 0.49218799999999996 0.264062 0.46406200000000003 0.23906299999999997 0.459375
0 0.389844 0.358594 0.388281 0.361719 0.391406 0.365625 0.396875 0.367969 0.410156 0.380469 0.414844 0.40156200000000003 0.42265600000000003 0.41406200000000004 0.42265600000000003 0.428125 0.425 0.428125 0.428125 0.41718700000000003 0.432031 0.41406200000000004 0.44531200000000004 0.432031 0.457031 0.44375 0.478906 0.459375 0.48125 0.457031 0.480469 0.451562 0.475 0.440625 0.45781299999999997 0.415625 0.446094 0.403906 0.439063 0.403125 0.435937 0.40546899999999997 0.434375 0.404687 0.43671899999999997 0.371094 0.435937 0.338281 0.43125 0.338281 0.427344 0.344531 0.423438 0.345313 0.41875 0.354687 0.415625 0.357031 0.41406200000000004 0.363281 0.411719 0.364844 0.408594 0.364844 0.396875 0.358594
0 0.550781 0.325781 0.549219 0.324219 0.539844 0.325 0.528125 0.33125 0.519531 0.342969 0.516406 0.361719 0.511719 0.36875 0.510938 0.375 0.480469 0.392188 0.475781 0.396875 0.4875 0.396094 0.49375 0.392969 0.494531 0.396094 0.49218799999999996 0.4 0.49218799999999996 0.40625 0.496875 0.411719 0.508594 0.408594 0.521094 0.398438 0.529687 0.403125 0.533594 0.398438 0.535156 0.385937 0.530469 0.379688 0.546875 0.350781
0 0.521875 0.278906 0.517188 0.278906 0.508594 0.307031 0.505469 0.3125 0.502344 0.33125 0.492969 0.339062 0.4875 0.347656 0.486719 0.373437 0.488281 0.375781 0.491406 0.375781 0.49531200000000003 0.371875 0.510938 0.349219 0.513281 0.338281 0.523438 0.325781 0.525 0.310156 0.530469 0.303125 0.530469 0.297656
0 0.605469 0.315625 0.597656 0.313281 0.586719 0.314844 0.575781 0.325781 0.573438 0.332031 0.571094 0.351562 0.564063 0.360938 0.558594 0.374219 0.552344 0.382031 0.540625 0.40703100000000003 0.540625 0.413281 0.549219 0.413281 0.551562 0.416406 0.554688 0.416406 0.555469 0.408594 0.56875 0.389844 0.575781 0.382812 0.578906 0.377344 0.580469 0.369531 0.595313 0.358594 0.605469 0.346094 0.604688 0.344531 0.599219 0.34375 0.6 0.334375 0.605469 0.325
0 0.603125 0.360938 0.60625 0.364844 0.617969 0.364844 0.639844 0.36875 0.648438 0.375 0.660156 0.375781 0.663281 0.378906 0.670312 0.38125 0.673438 0.385156 0.682813 0.385156 0.703125 0.391406 0.716406 0.392188 0.735938 0.399219 0.745313 0.398438 0.745313 0.394531 0.742188 0.388281 0.730469 0.375781 0.7125 0.36875 0.705469 0.3625 0.696875 0.3625 0.69375 0.360938 0.704219 0.358047 0.711875 0.352656 0.705313 0.353516 0.699219 0.354687 0.692969 0.357031 0.689141 0.359453 0.683594 0.360938 0.671875 0.364844 0.670312 0.367969 0.667969 0.366406 0.664844 0.357031 0.659375 0.353125 0.621094 0.352344
0 0.735938 0.411719 0.723437 0.40625 0.7125 0.40546899999999997 0.710156 0.403906 0.710938 0.4 0.708594 0.399219 0.690625 0.411719 0.680469 0.425 0.677344 0.425781 0.672656 0.423438 0.66875 0.428125 0.661719 0.42968799999999996 0.657031 0.43281200000000003 0.639844 0.451562 0.635156 0.458594 0.635938 0.461719 0.642969 0.4625 0.660937 0.454688 0.679688 0.442969 0.682031 0.434375 0.697656 0.434375 0.704688 0.43125 0.716406 0.42968799999999996 0.736719 0.416406
1 0.575 0.384375 0.567969 0.390625 0.561719 0.413281 0.560937 0.45234399999999997 0.563281 0.474219 0.567187 0.486719 0.577344 0.4875 0.588281 0.49531200000000003 0.588281 0.490625 0.584375 0.485938 0.577344 0.482812 0.585938 0.46093799999999996 0.5875 0.428906 0.585938 0.413281 0.580469 0.391406 0.576562 0.384375
2 0.541406 0.489844 0.538281 0.488281 0.525 0.488281 0.505469 0.49375 0.501563 0.496875 0.496875 0.497656 0.49375 0.501563 0.490625 0.502344 0.485938 0.49921899999999997 0.485938 0.503125 0.490625 0.503125 0.489844 0.517969 0.492969 0.511719 0.509375 0.509375 0.526563 0.500781 0.539844 0.498437 0.542969 0.494531
2 0.48125 0.454688 0.475781 0.46093799999999996 0.475781 0.467187 0.480469 0.48125 0.483281 0.491484 0.482031 0.496094 0.486719 0.496094 0.489844 0.485938 0.482812 0.463281 0.482812 0.454688
0 0.774219 0.60625 0.774219 0.607812 0.778125 0.607812 0.786719 0.614062 0.823438 0.626563 0.8257809999999999 0.630469 0.822656 0.635156 0.8304690000000001 0.640625 0.8375 0.642969 0.885938 0.650781 0.9070310000000001 0.64375 0.914062 0.639062 0.9 0.629687 0.870313 0.619531 0.845313 0.620313 0.8367190000000001 0.622656 0.8289060000000001 0.627344 0.8304690000000001 0.621875 0.829688 0.614844 0.826562 0.614844 0.81875 0.607812 0.803125 0.603125 0.78125 0.602344 0.777344 0.603125
1 0.751563 0.741406 0.755469 0.746094 0.765625 0.747656 0.782031 0.744531 0.796094 0.738281 0.8039059999999999 0.736719 0.83125 0.721875 0.835938 0.716406 0.838281 0.708594 0.846875 0.717187 0.860938 0.721875 0.895312 0.722656 0.927344 0.721875 0.932031 0.720313 0.93125 0.716406 0.917969 0.707031 0.885938 0.696875 0.8570309999999999 0.696094 0.8507809999999999 0.697656 0.839844 0.704688 0.834375 0.704688 0.83125 0.7 0.824219 0.696875 0.807031 0.696875 0.792188 0.700781 0.763281 0.717969 0.755469 0.728125
1 0.8101559999999999 0.734375 0.807813 0.735938 0.808594 0.742188 0.8132810000000001 0.751563 0.8148440000000001 0.764062 0.817969 0.771875 0.8257809999999999 0.770312 0.829688 0.775781 0.834375 0.775781 0.834375 0.770312 0.829688 0.763281 0.828125 0.755469
0 0.747656 0.807813 0.740625 0.810937 0.732812 0.824219 0.73125 0.835938 0.717187 0.870313 0.711719 0.895312 0.710938 0.923438 0.716406 0.93125 0.723437 0.932031 0.723437 0.935937 0.726562 0.939063 0.735156 0.9601559999999999 0.748437 0.978906 0.758594 1 0.767969 1 0.76875 0.9835939999999999 0.760938 0.9523439999999999 0.760156 0.9304690000000001 0.746875 0.909375 0.746875 0.9054689999999999 0.754687 0.885938 0.758594 0.864062 0.75625 0.8367190000000001 0.752344 0.815625 0.75 0.809375
0 0.58125 0.8617190000000001 0.583594 0.864062 0.603906 0.864062 0.61875 0.860938 0.628125 0.8570309999999999 0.652344 0.855469 0.661719 0.853125 0.686719 0.8570309999999999 0.694531 0.8617190000000001 0.705469 0.857812 0.71875 0.849219 0.720313 0.8445310000000001 0.717187 0.842187 0.667188 0.8414059999999999 0.663281 0.84375 0.659375 0.84375 0.649219 0.8375 0.634375 0.8351559999999999 0.620313 0.839844 0.607812 0.8414059999999999 0.589063 0.853125
0 0.9039059999999999 0.8101559999999999 0.9 0.810937 0.896094 0.8257809999999999 0.896094 0.876563 0.8976559999999999 0.880469 0.890625 0.8929690000000001 0.8929690000000001 0.894531 0.8992190000000001 0.9289059999999999 0.901563 0.9523439999999999 0.901563 0.989844 0.9054689999999999 0.992188 0.9085940000000001 0.9914059999999999 0.915625 0.982812 0.9210939999999999 0.970313 0.925781 0.964063 0.932813 0.941406 0.935937 0.9242190000000001 0.935937 0.90625 0.932813 0.895312 0.9289059999999999 0.8875 0.920312 0.88125 0.917969 0.8773440000000001 0.920312 0.875 0.929688 0.875 0.9351559999999999 0.876563 0.9398440000000001 0.88125 0.941406 0.880469 0.941406 0.876563 0.9375 0.8726559999999999 0.923438 0.8664059999999999 0.9242190000000001 0.860938 0.926562 0.857812 0.926562 0.8523440000000001 0.909375 0.815625
0 0.839844 0.376563 0.8375 0.378125 0.8367190000000001 0.382031 0.8375 0.397656 0.840625 0.411719 0.8507809999999999 0.44375 0.867188 0.47343799999999997 0.85625 0.492969 0.849219 0.514844 0.845313 0.5375 0.8460940000000001 0.553125 0.855469 0.545312 0.864844 0.533594 0.880469 0.502344 0.882812 0.48906299999999997 0.8773440000000001 0.47343799999999997 0.879687 0.466406 0.8882809999999999 0.455469 0.896875 0.434375 0.900781 0.420312 0.900781 0.40625 0.8898439999999999 0.41718700000000003 0.885156 0.425 0.882812 0.425781 0.880469 0.42265600000000003 0.878125 0.411719 0.8617190000000001 0.391406 0.846875 0.379688
2 0.9625 0.35 0.960938 0.353906 0.970313 0.394531 0.96875 0.404687 0.964063 0.41718700000000003 0.96875 0.41875 0.9773440000000001 0.41093799999999997 0.98125 0.388281 0.978906 0.375781 0.972656 0.360156
2 0.885156 0.263281 0.884375 0.269531 0.8875 0.282813 0.8875 0.295312 0.884375 0.304688 0.871094 0.328906 0.870313 0.335156 0.873437 0.336719 0.8820309999999999 0.334375 0.892188 0.326562 0.896094 0.325781 0.90625 0.334375 0.9085940000000001 0.339062 0.909375 0.349219 0.9132809999999999 0.352344 0.9148440000000001 0.35 0.9148440000000001 0.335938 0.9125 0.327344 0.907813 0.321875 0.8976559999999999 0.31875 0.903125 0.303125 0.902344 0.285156 0.890625 0.263281
2 0.8601560000000001 0.095312 0.859375 0.1 0.8679690000000001 0.113281 0.8742189999999999 0.11953100000000001 0.880469 0.132031 0.892188 0.146875 0.896875 0.146875 0.8976559999999999 0.133594 0.8914060000000001 0.120313 0.8757810000000001 0.104688 0.873437 0.1 0.8679690000000001 0.096875
0 0.9085940000000001 0.014844 0.9039059999999999 0.017969 0.889062 0.05625 0.8835940000000001 0.064844 0.8835940000000001 0.071094 0.8757810000000001 0.075781 0.8679690000000001 0.09375 0.86875 0.1 0.88125 0.110937 0.885156 0.110937 0.886719 0.108594 0.890625 0.092188 0.890625 0.083594 0.886719 0.072656 0.892188 0.069531 0.900781 0.060156 0.9085940000000001 0.042969 0.910156 0.033594
0 0.183594 0.80625 0.177344 0.8 0.171875 0.797656 0.148438 0.792969 0.142969 0.792969 0.126562 0.798438 0.125 0.79375 0.128125 0.785937 0.127344 0.778125 0.121094 0.772656 0.110937 0.771875 0.103125 0.774219 0.094531 0.782031 0.089844 0.791406 0.0875 0.8039059999999999 0.052344 0.8039059999999999 0.032813 0.8117189999999999 0.03125 0.8148440000000001 0.038281 0.81875 0.053905999999999996 0.823438 0.080469 0.8273439999999999 0.096094 0.8273439999999999 0.10078099999999998 0.823438 0.10703100000000002 0.814063 0.110937 0.8117189999999999 0.11484399999999999 0.8117189999999999 0.130469 0.824219 0.135156 0.825 0.158594 0.816406 0.182812 0.810937
0 0.532031 0.896094 0.525 0.895312 0.510938 0.8976559999999999 0.492969 0.9054689999999999 0.48125 0.914062 0.46953100000000003 0.927344 0.466406 0.94375 0.446094 0.933594 0.435156 0.9351559999999999 0.417969 0.942969 0.395313 0.967187 0.376563 0.9851560000000001 0.371875 0.9875 0.371094 0.996094 0.372656 0.9976559999999999 0.380469 0.9976559999999999 0.425 0.9867190000000001 0.44375 0.978125 0.4625 0.964844 0.466406 0.965625 0.477344 0.972656 0.488281 0.975 0.490625 0.970313 0.48515600000000003 0.9601559999999999 0.47656200000000004 0.951562 0.46875 0.946875 0.472656 0.9445309999999999 0.491406 0.940625 0.49921899999999997 0.935937 0.523438 0.9125 0.529687 0.904687
0 0.213281 0.063281 0.20781299999999997 0.083594 0.208594 0.10625 0.204687 0.10703100000000002 0.195312 0.10078099999999998 0.178906 0.10078099999999998 0.167969 0.105469 0.150781 0.12265600000000002 0.142187 0.146094 0.142187 0.151562 0.147656 0.151562 0.173437 0.132031 0.198437 0.11875 0.21406200000000003 0.11640599999999998 0.213281 0.110156 0.215625 0.10390600000000001 0.215625 0.088281
1 0.053905999999999996 0.213281 0.057813 0.215625 0.060156 0.22343799999999997 0.0625 0.225781 0.0625 0.235156 0.064844 0.23671899999999998 0.078125 0.232813 0.088281 0.226562 0.097656 0.225781 0.11171899999999998 0.22109399999999998 0.115625 0.221875 0.11796900000000002 0.219531 0.133594 0.215625 0.135937 0.213281 0.133594 0.210156 0.128906 0.208594 0.10703100000000002 0.20703100000000002 0.083594 0.2125 0.075 0.21875 0.06875 0.215625 0.066406 0.210938 0.058594 0.203125 0.054688 0.204687
1 0.2875 0.125 0.275 0.136719 0.269531 0.155469 0.261719 0.172656 0.257031 0.2 0.257812 0.228906 0.25 0.246875 0.251563 0.252344 0.260156 0.24531200000000003 0.267969 0.23203100000000002 0.269531 0.21484399999999998 0.275781 0.20625 0.284375 0.186719 0.290625 0.15 0.290625 0.130469
0 0.060937 0.1375 0.053125 0.140625 0.040625 0.154688 0.032813 0.177344 0.024219 0.195312 0.021094 0.209375 0.017188 0.210938 0.015625 0.208594 0.010156 0.20703100000000002 0 0.20781299999999997 0 0.232813 0.010156 0.23828100000000002 0.014844 0.24375 0 0.258594 0 0.261719 0.003125 0.264062 0.0125 0.2625 0.029687 0.252344 0.0375 0.253125 0.041406 0.251563 0.046094 0.242188 0.049219 0.22109399999999998 0.063281 0.164062 0.064062 0.140625
1 0.413281 0 0.415625 0.021094 0.43125 0.064844 0.44375 0.084375 0.44843700000000003 0.088281 0.450781 0.095312 0.455469 0.1 0.471094 0.10390600000000001 0.472656 0.10234400000000002 0.472656 0.095312 0.465625 0.085938 0.465625 0.063281 0.4625 0.047656 0.45234399999999997 0.026561999999999995 0.441406 0.0125 0.43671899999999997 0