0 0.465625 0.480469 0.490625 0.48359399999999997 0.513281 0.48359399999999997 0.522656 0.48125 0.534375 0.475 0.5375 0.465625 0.576562 0.463281 0.584375 0.459375 0.588281 0.455469 0.589844 0.450781 0.582812 0.442969 0.56875 0.435156 0.55 0.433594 0.542188 0.43125 0.514844 0.432031 0.505469 0.43671899999999997 0.505469 0.448438 0.508594 0.450781 0.507031 0.45234399999999997 0.47343799999999997 0.45390600000000003 0.457031 0.4625 0.449219 0.471094 0.450781 0.475 0.465625 0.480469
0 0.15859399999999998 0.717969 0.175 0.692969 0.178906 0.682031 0.17578100000000002 0.676563 0.173437 0.675781 0.16406199999999999 0.680469 0.154688 0.69375 0.147656 0.7125 0.14843800000000001 0.725 0.150781 0.725 0.15859399999999998 0.717969
0 0.2 0.646094 0.215625 0.65625 0.226562 0.659375 0.23046899999999998 0.658594 0.23046899999999998 0.65 0.217969 0.63125 0.20914100000000002 0.616328 0.197656 0.611719 0.192969 0.611719 0.18515600000000002 0.617969 0.18515600000000002 0.627344 0.2 0.646094
0 0.40156200000000003 0.140625 0.396875 0.153125 0.39843799999999996 0.180469 0.404687 0.20156200000000002 0.411719 0.21640600000000002 0.407813 0.219531 0.40546899999999997 0.23046899999999998 0.4 0.23906200000000002 0.400781 0.241406 0.404687 0.241406 0.41093799999999997 0.233594 0.41718700000000003 0.221875 0.42109399999999997 0.209375 0.42109399999999997 0.177344 0.414844 0.15 0.408594 0.135938 0.404687 0.13671899999999998 0.40156200000000003 0.140625
0 0.396094 0.251563 0.390625 0.267188 0.39140600000000003 0.2875 0.396875 0.307813 0.40546899999999997 0.32734399999999997 0.41406200000000004 0.341406 0.411719 0.34453100000000003 0.407813 0.34375 0.403906 0.348437 0.4 0.363281 0.4 0.38125 0.403906 0.38125 0.409375 0.37578100000000003 0.420312 0.357812 0.42265600000000003 0.349219 0.42265600000000003 0.330469 0.425 0.32734399999999997 0.42265600000000003 0.308594 0.414844 0.284375 0.414844 0.278906 0.40625 0.261719 0.404687 0.24765600000000002 0.399219 0.24843700000000002 0.396094 0.251563
2 0.190625 0.255859 0.166406 0.252734 0.165625 0.246484 0.147656 0.246484 0.146875 0.252734 0.13320300000000002 0.254687 0.133594 0.26210900000000004 0.159375 0.263672 0.189062 0.273047 0.20039099999999999 0.279687 0.20078100000000002 0.285547 0.221875 0.285547 0.222266 0.276563 0.190625 0.255859
2 0.778906 0.394922 0.764062 0.376172 0.750781 0.37148400000000004 0.75 0.365234 0.720703 0.365625 0.721094 0.379297 0.7375 0.380859 0.760938 0.391797 0.767578 0.39843799999999996 0.767969 0.404297 0.784375 0.404297 0.7847660000000001 0.395312 0.778906 0.394922
1 0.791016 0.9054690000000001 0.791016 0.890625 0.785937 0.8855470000000001 0.780469 0.8855470000000001 0.7800779999999999 0.9085940000000001 0.7550779999999999 0.926562 0.7550779999999999 0.9351559999999999 0.775 0.935547 0.777344 0.9277340000000001 0.792188 0.9214840000000001 0.7957029999999999 0.915625 0.791016 0.9054690000000001
1 0.10234399999999999 0.49492200000000003 0.094141 0.475 0.086719 0.47304700000000005 0.083203 0.47656200000000004 0.083203 0.48515600000000003 0.089453 0.497656 0.078125 0.508984 0.070703 0.509375 0.070703 0.516406 0.090625 0.5167970000000001 0.091016 0.510937 0.109766 0.495313 0.10234399999999999 0.49492200000000003
0 0.381641 0.9523440000000001 0.380078 0.942187 0.369141 0.91875 0.364453 0.9148440000000001 0.358203 0.898438 0.342578 0.8742190000000001 0.342578 0.870312 0.349219 0.863672 0.359375 0.862109 0.361328 0.8578129999999999 0.353906 0.855859 0.350391 0.8507809999999999 0.348828 0.835938 0.330078 0.8039059999999999 0.328516 0.792187 0.323828 0.786719 0.323828 0.778125 0.310156 0.7777339999999999 0.309766 0.796094 0.301953 0.7984370000000001 0.301953 0.8523440000000001 0.30781200000000003 0.8527340000000001 0.322266 0.871875 0.317578 0.884375 0.319141 0.9164059999999999 0.321094 0.919922 0.32734399999999997 0.9152340000000001 0.33125 0.9167970000000001 0.341016 0.928125 0.358203 0.9601559999999999 0.373828 0.978125 0.37421899999999997 0.9855470000000001 0.396875 0.9855470000000001 0.397266 0.978125 0.381641 0.9523440000000001
1 0.739844 0.26210900000000004 0.7332029999999999 0.255469 0.730078 0.215625 0.722656 0.215234 0.7222660000000001 0.225781 0.714453 0.228125 0.714453 0.252344 0.7222660000000001 0.254687 0.726953 0.26640600000000003 0.720313 0.274609 0.714453 0.275 0.714844 0.341797 0.730078 0.341406 0.7394529999999999 0.285937 0.747266 0.283594 0.747266 0.2625 0.739844 0.26210900000000004
1 0.384766 0.521094 0.384375 0.515234 0.352344 0.515234 0.350391 0.536719 0.357812 0.537109 0.359766 0.542969 0.34375 0.537109 0.335156 0.538672 0.321875 0.546484 0.314453 0.546875 0.314453 0.560156 0.373437 0.560547 0.375391 0.540625 0.383594 0.530859 0.391016 0.530469 0.391016 0.521875 0.384766 0.521094
1 0.09257800000000001 0.455469 0.09257800000000001 0.435937 0.088281 0.435547 0.083203 0.442187 0.08007800000000001 0.457031 0.063281 0.45898399999999995 0.059375 0.46367200000000003 0.052344 0.46367200000000003 0.051953000000000006 0.472656 0.095312 0.47304700000000005 0.09570300000000001 0.464063 0.09257800000000001 0.455469
2 0.439453 0.752344 0.428516 0.715625 0.41718700000000003 0.705859 0.402344 0.705859 0.40195299999999995 0.735156 0.409766 0.7375 0.41914100000000004 0.764844 0.43007799999999996 0.776562 0.432031 0.785547 0.44726600000000005 0.785156 0.44726600000000005 0.754688 0.439453 0.752344
2 0.322656 0.523047 0.32031200000000004 0.515234 0.295703 0.515625 0.295703 0.524219 0.30468799999999996 0.5261720000000001 0.308594 0.535547 0.35156200000000004 0.535547 0.351953 0.525 0.322656 0.523047
1 0.042578 0.980469 0.041016000000000004 0.964063 0.036328 0.9601559999999999 0.036328 0.953125 0.032031 0.9527340000000001 0.025391000000000004 0.9976559999999999 0.046875 0.998047 0.047266 0.989063 0.042578 0.980469
1 0.145703 0.303125 0.145703 0.308594 0.13671899999999998 0.313672 0.126953 0.326562 0.126953 0.341406 0.130078 0.35 0.12851600000000002 0.35859399999999997 0.10390600000000001 0.362109 0.10039100000000001 0.365625 0.10078100000000001 0.373047 0.150391 0.372656 0.145703 0.345313 0.156641 0.325 0.166016 0.321094 0.166016 0.303125 0.145703 0.303125
1 0.8148440000000001 0.068359 0.8125 0.06367199999999999 0.8070309999999999 0.062109000000000004 0.804688 0.052734 0.789844 0.052734 0.789453 0.061719 0.798828 0.065625 0.798828 0.072656 0.789453 0.075 0.789453 0.09765599999999999 0.798438 0.098047 0.798828 0.090625 0.8054690000000001 0.083984 0.821875 0.080859 0.8222659999999999 0.06875 0.8148440000000001 0.068359
1 0.43789100000000003 0.846875 0.43789100000000003 0.8539059999999999 0.43164100000000005 0.8625 0.43007799999999996 0.8726559999999999 0.421875 0.888672 0.41718700000000003 0.877734 0.413281 0.877734 0.41132799999999997 0.88125 0.41132799999999997 0.8914059999999999 0.41601600000000005 0.9 0.41601600000000005 0.9210940000000001 0.40156200000000003 0.9371090000000001 0.395703 0.9375 0.396094 0.991797 0.409766 0.9914059999999999 0.412891 0.976562 0.42226600000000003 0.9617190000000001 0.42226600000000003 0.954688 0.428516 0.941406 0.428516 0.9234370000000001 0.43789100000000003 0.88125 0.441406 0.8746090000000001 0.44726600000000005 0.8742190000000001 0.44726600000000005 0.846875 0.43789100000000003 0.846875
1 0.841016 0.000781 0.832031 0.0058590000000000005 0.826562 0.013672 0.820703 0.014062 0.8210940000000001 0.041797 0.836328 0.041406 0.8378909999999999 0.03125 0.8441409999999999 0.020312 0.8535159999999999 0.016406 0.8535159999999999 0.000781 0.841016 0.000781
0 0.40546899999999997 0.24765600000000002 0.4 0.25 0.399219 0.253125 0.404687 0.25625 0.403125 0.259375 0.403906 0.2625 0.41093799999999997 0.272656 0.41875 0.302344 0.423438 0.310937 0.428125 0.332812 0.432031 0.33125 0.439844 0.32031200000000004 0.44375 0.309375 0.440625 0.305469 0.439063 0.294531 0.428906 0.272656 0.424219 0.244531 0.41875 0.239844 0.4125 0.239844 0.408594 0.241406 0.40546899999999997 0.24765600000000002
1 0.886328 0.740625 0.8835940000000001 0.740234 0.8800779999999999 0.772656 0.863281 0.7761720000000001 0.846875 0.788672 0.839844 0.788672 0.839453 0.8039059999999999 0.870313 0.804297 0.8726559999999999 0.796484 0.894141 0.786719 0.894141 0.775 0.886328 0.740625
1 0.47695299999999996 0.221875 0.46289100000000005 0.21484399999999998 0.46289100000000005 0.20468799999999998 0.45039100000000004 0.196094 0.45 0.190234 0.439844 0.190234 0.439453 0.20546899999999998 0.44882799999999995 0.209375 0.45351600000000003 0.22031299999999998 0.45039100000000004 0.23828100000000002 0.454688 0.238672 0.459766 0.234375 0.46914100000000003 0.254687 0.471094 0.266797 0.48476600000000003 0.26640600000000003 0.48476600000000003 0.253125 0.47695299999999996 0.221875
0 0.63125 0.317187 0.638281 0.340625 0.660937 0.370313 0.671094 0.379687 0.678125 0.38281200000000004 0.68125 0.380469 0.68125 0.370313 0.671094 0.34375 0.655469 0.316406 0.646875 0.307813 0.642188 0.308594 0.638281 0.314063 0.63125 0.317187
0 0.535156 0.796094 0.546094 0.792187 0.552344 0.786719 0.567187 0.78125 0.573438 0.775781 0.575781 0.7671870000000001 0.580469 0.769531 0.602344 0.760937 0.610938 0.753906 0.6125 0.742969 0.604688 0.739063 0.589844 0.739844 0.575781 0.746875 0.574219 0.759375 0.571875 0.7625 0.555469 0.761719 0.535937 0.764844 0.503906 0.778125 0.494531 0.786719 0.485938 0.7984370000000001 0.48125 0.8179690000000001 0.48359399999999997 0.825 0.490625 0.825 0.535156 0.796094
0 0.32343700000000003 0.678125 0.33593799999999996 0.685156 0.350781 0.689063 0.36875 0.685937 0.375 0.6875 0.394531 0.685937 0.40625 0.682812 0.41406200000000004 0.678125 0.40703100000000003 0.671094 0.397656 0.666406 0.392188 0.666406 0.373437 0.672656 0.36718799999999996 0.665625 0.360938 0.661719 0.34375 0.655469 0.32031200000000004 0.655469 0.317969 0.657813 0.314063 0.657813 0.310156 0.661719 0.314844 0.670312 0.32343700000000003 0.678125
0 0.796875 0.4 0.839844 0.399219 0.846875 0.396875 0.848437 0.392188 0.846875 0.388281 0.839844 0.38125 0.83125 0.37578100000000003 0.8226559999999999 0.373437 0.8101559999999999 0.373437 0.790625 0.38281200000000004 0.783594 0.392188 0.782031 0.400781 0.789062 0.402344 0.796875 0.4
1 0.627344 0.133984 0.626953 0.139844 0.614844 0.146484 0.596875 0.16835899999999998 0.5660160000000001 0.166406 0.567969 0.16367199999999998 0.58125 0.162109 0.579688 0.157422 0.547656 0.157422 0.544141 0.159375 0.542188 0.166797 0.538281 0.166797 0.529687 0.174609 0.5207029999999999 0.175 0.5207029999999999 0.18515600000000002 0.559375 0.185547 0.559766 0.178125 0.564844 0.176172 0.59375 0.174609 0.600391 0.178125 0.600391 0.18515600000000002 0.604688 0.185547 0.605078 0.17968800000000001 0.622656 0.157422 0.634375 0.151172 0.641406 0.143359 0.647266 0.14296899999999998 0.647266 0.134375 0.627344 0.133984
1 0.38984399999999997 0.37148400000000004 0.389453 0.377344 0.37421899999999997 0.388672 0.36718799999999996 0.399609 0.34453100000000003 0.398047 0.321094 0.40117200000000003 0.29609399999999997 0.398047 0.295703 0.40703100000000003 0.31875 0.40742200000000006 0.325781 0.41210899999999995 0.359375 0.41367200000000004 0.366016 0.417188 0.366406 0.42304700000000006 0.38125 0.42304700000000006 0.381641 0.404687 0.389453 0.390625 0.397266 0.388281 0.397266 0.371875 0.38984399999999997 0.37148400000000004
1 0.708594 0.9214840000000001 0.7082029999999999 0.9273440000000001 0.698828 0.9359379999999999 0.694141 0.945312 0.692187 0.957422 0.678906 0.9589840000000001 0.671875 0.966797 0.652344 0.9636720000000001 0.639844 0.9683590000000001 0.6394529999999999 0.9851559999999999 0.69375 0.9855470000000001 0.696094 0.9777340000000001 0.717187 0.9746090000000001 0.7175779999999999 0.965625 0.711328 0.957031 0.711328 0.945312 0.721094 0.9308590000000001 0.728516 0.9304690000000001 0.728516 0.921875 0.708594 0.9214840000000001
1 0.8414059999999999 0.160547 0.8378909999999999 0.155469 0.836328 0.145312 0.831641 0.141406 0.8285159999999999 0.12343699999999999 0.8210940000000001 0.12304699999999999 0.8125 0.11210899999999999 0.796094 0.108984 0.7957029999999999 0.133594 0.803125 0.133984 0.8066409999999999 0.1375 0.814453 0.150781 0.8285159999999999 0.165625 0.8285159999999999 0.172656 0.846875 0.173047 0.847266 0.160937 0.8414059999999999 0.160547
1 0.164844 0.5886720000000001 0.153125 0.5746089999999999 0.135937 0.562109 0.11875 0.554297 0.10820300000000001 0.554688 0.10820300000000001 0.569531 0.114062 0.569922 0.130469 0.587109 0.135937 0.5886720000000001 0.13828100000000002 0.598047 0.171875 0.598047 0.172266 0.589062 0.164844 0.5886720000000001
1 0.516406 0.537109 0.492969 0.551172 0.48476600000000003 0.559375 0.48476600000000003 0.571094 0.470703 0.575 0.470703 0.585156 0.5 0.585547 0.500391 0.579688 0.526953 0.548438 0.5347660000000001 0.547656 0.5347660000000001 0.535938 0.516406 0.537109
2 0.621094 0.5324220000000001 0.616016 0.527344 0.615625 0.521484 0.6128910000000001 0.521875 0.610938 0.529297 0.601953 0.529687 0.601953 0.613281 0.609766 0.614063 0.613281 0.629297 0.6285160000000001 0.628906 0.6285160000000001 0.532813 0.621094 0.5324220000000001
1 0.291016 0.980469 0.275391 0.953125 0.25468799999999997 0.9308590000000001 0.230078 0.9164059999999999 0.22968700000000003 0.908984 0.214453 0.909375 0.214453 0.9398440000000001 0.220312 0.940234 0.23046899999999998 0.951172 0.234375 0.951172 0.2625 0.971484 0.273828 0.990625 0.274219 0.998047 0.296875 0.998047 0.297266 0.98125 0.291016 0.980469
1 0.182031 0.804297 0.166406 0.7980470000000001 0.16406199999999999 0.790234 0.151953 0.790625 0.15234399999999998 0.808984 0.157812 0.808984 0.171094 0.8183590000000001 0.19570300000000002 0.8265629999999999 0.187891 0.8578129999999999 0.188281 0.873047 0.20039099999999999 0.8726559999999999 0.20039099999999999 0.8578129999999999 0.205078 0.8507809999999999 0.206641 0.835938 0.212891 0.821875 0.222266 0.8195309999999999 0.222266 0.80625 0.182031 0.804297
1 0.547656 0.671484 0.547266 0.677344 0.531641 0.69375 0.5300779999999999 0.708594 0.513281 0.708984 0.503125 0.7152339999999999 0.496094 0.7152339999999999 0.49570299999999995 0.728906 0.520312 0.7292970000000001 0.5207029999999999 0.723438 0.524219 0.721484 0.540625 0.7199220000000001 0.5457029999999999 0.710938 0.5675779999999999 0.691406 0.569141 0.671875 0.547656 0.671484
0 0.564844 0.475781 0.58125 0.467187 0.58125 0.465625 0.578125 0.4625 0.542969 0.464844 0.535156 0.46875 0.535156 0.475 0.546094 0.47656200000000004 0.564844 0.475781
0 0.024218999999999997 0.30625 0.029687 0.315625 0.03125 0.322656 0.046094 0.346094 0.046094 0.35 0.05 0.353125 0.055469000000000004 0.353906 0.055469000000000004 0.339844 0.048437999999999995 0.321875 0.048437999999999995 0.314844 0.042187999999999996 0.308594 0.034375 0.29609399999999997 0.025 0.2875 0.022656000000000003 0.290625 0.024218999999999997 0.30625
0 0.171875 0.1 0.178906 0.101562 0.185938 0.10703100000000002 0.18984399999999998 0.103125 0.18984399999999998 0.09218699999999999 0.19531199999999999 0.082812 0.20078100000000002 0.077344 0.210938 0.072656 0.208594 0.067969 0.23046899999999998 0.050781 0.23828100000000002 0.040625 0.23828100000000002 0.036719 0.21406200000000003 0.0375 0.194531 0.04375 0.185938 0.060937 0.182812 0.07968800000000001 0.178125 0.090625 0.16015600000000002 0.085938 0.147656 0.07968800000000001 0.141406 0.080469 0.140625 0.084375 0.142187 0.0875 0.16406199999999999 0.09375 0.171875 0.1
0 0.30156299999999997 0.3 0.319531 0.3 0.338281 0.296875 0.365625 0.29765600000000003 0.37031200000000003 0.291406 0.360938 0.282813 0.33906200000000003 0.276563 0.329688 0.277344 0.32343700000000003 0.28046899999999997 0.317969 0.286719 0.314063 0.29609399999999997 0.278906 0.282813 0.27031299999999997 0.282813 0.269531 0.2875 0.28906200000000004 0.29375 0.30156299999999997 0.3
0 0.227344 0.258594 0.232813 0.25 0.242188 0.240625 0.246875 0.23125 0.272656 0.20546899999999998 0.272656 0.20078100000000002 0.27031299999999997 0.198438 0.261719 0.197656 0.24531200000000003 0.20078100000000002 0.23203100000000002 0.20625 0.225 0.2125 0.215625 0.228906 0.2125 0.24375 0.2125 0.260156 0.21640600000000002 0.271094 0.22109399999999998 0.272656 0.227344 0.258594
0 0.12734399999999998 0.467187 0.13281199999999999 0.446875 0.139063 0.432031 0.14453100000000002 0.426562 0.15 0.410156 0.15859399999999998 0.410156 0.17421899999999998 0.4 0.178125 0.399219 0.190625 0.389062 0.201563 0.37421899999999997 0.20625 0.373437 0.204687 0.371094 0.198437 0.369531 0.196875 0.364844 0.189062 0.364062 0.188281 0.36875 0.182031 0.371875 0.17578100000000002 0.36875 0.17578100000000002 0.364844 0.189062 0.339063 0.196094 0.332031 0.2 0.325 0.215625 0.309375 0.227344 0.303125 0.228906 0.298438 0.225781 0.295312 0.21875 0.292188 0.203125 0.292188 0.192969 0.295312 0.171094 0.307031 0.1625 0.319531 0.15859399999999998 0.332812 0.15390600000000002 0.340625 0.14843800000000001 0.339063 0.149219 0.330469 0.154688 0.325781 0.155469 0.314844 0.161719 0.310937 0.161719 0.309375 0.157812 0.307813 0.149219 0.309375 0.132031 0.322656 0.129688 0.334375 0.134375 0.357812 0.146094 0.36718799999999996 0.153125 0.366406 0.157812 0.367969 0.15859399999999998 0.372656 0.155469 0.370313 0.146094 0.370313 0.130469 0.373437 0.110937 0.385156 0.10078100000000001 0.400781 0.099219 0.425 0.101562 0.448438 0.103125 0.45234399999999997 0.107813 0.451562 0.11171899999999998 0.459375 0.121875 0.470313 0.124219 0.470313 0.12734399999999998 0.467187
0 0.472656 0.057813 0.484375 0.07656199999999999 0.494531 0.085938 0.501563 0.08984400000000001 0.504687 0.09765599999999999 0.524219 0.108594 0.539844 0.121094 0.545312 0.121875 0.546875 0.11953100000000001 0.545312 0.11484399999999999 0.534375 0.096875 0.515625 0.082812 0.505469 0.084375 0.491406 0.064844 0.474219 0.047656 0.471875 0.052344 0.472656 0.057813
0 0.729688 0.367969 0.751563 0.34296899999999997 0.750781 0.3375 0.739844 0.335156 0.726562 0.342187 0.716406 0.361719 0.717187 0.380469 0.721094 0.38125 0.729688 0.367969
0 0.676562 0.551563 0.6875 0.539062 0.6875 0.535938 0.682031 0.534375 0.669531 0.536719 0.6625 0.542187 0.658594 0.548438 0.655469 0.559375 0.654687 0.569531 0.657031 0.575 0.664844 0.571094 0.676562 0.551563
0 0.960938 0.669531 0.9664059999999999 0.649219 0.9664059999999999 0.642969 0.9695309999999999 0.635156 0.9695309999999999 0.626563 0.9679690000000001 0.625 0.9632809999999999 0.626563 0.953125 0.65 0.948438 0.664844 0.9507809999999999 0.669531 0.9585940000000001 0.671094 0.960938 0.669531
0 0.8976559999999999 0.803125 0.9195309999999999 0.80625 0.933594 0.80625 0.949219 0.803125 0.953125 0.799219 0.9507809999999999 0.792969 0.9445309999999999 0.788281 0.9375 0.785938 0.9210940000000001 0.785938 0.910156 0.790625 0.8898440000000001 0.794531 0.890625 0.7984370000000001 0.8976559999999999 0.803125
0 0.9375 0.995313 0.94375 0.9945309999999999 0.942187 0.988281 0.9367190000000001 0.98125 0.9242190000000001 0.9742190000000001 0.9132809999999999 0.9710940000000001 0.901563 0.9710940000000001 0.885938 0.975 0.876563 0.979687 0.8726559999999999 0.9859370000000001 0.892188 0.9914059999999999 0.9375 0.995313
0 0.580469 1 0.58125 0.9820309999999999 0.578125 0.9789059999999999 0.559375 0.941406 0.541406 0.914062 0.521875 0.894531 0.517188 0.89375 0.515625 0.8960940000000001 0.515625 0.9070309999999999 0.521875 0.9375 0.5375 0.9710940000000001 0.553125 0.990625 0.563281 0.9976559999999999 0.564063 1 0.580469 1
0 0.120313 0.614063 0.124219 0.623437 0.129688 0.630469 0.16953100000000002 0.670312 0.182812 0.674219 0.188281 0.678125 0.194531 0.678125 0.196875 0.673438 0.19375 0.665625 0.17968800000000001 0.646094 0.135156 0.6 0.13125 0.597656 0.126562 0.598438 0.12265600000000002 0.603125 0.120313 0.614063
0 0.342187 0.620312 0.345313 0.627344 0.352344 0.635156 0.361719 0.642969 0.386719 0.657813 0.4125 0.676563 0.421875 0.68125 0.433594 0.684375 0.44531200000000004 0.7 0.45781299999999997 0.7125 0.4625 0.715625 0.46796899999999997 0.715625 0.46875 0.707031 0.466406 0.697656 0.455469 0.670312 0.45 0.666406 0.440625 0.665625 0.434375 0.653906 0.42265600000000003 0.638281 0.408594 0.627344 0.404687 0.628906 0.365625 0.601562 0.35625 0.597656 0.350781 0.597656 0.346875 0.6 0.34296899999999997 0.609375 0.342187 0.620312
0 0.8273440000000001 0.060937 0.829688 0.06875 0.8375 0.070312 0.840625 0.073438 0.8429690000000001 0.080469 0.8539059999999999 0.094531 0.8617190000000001 0.1 0.86875 0.10234399999999999 0.8726559999999999 0.101562 0.873437 0.09531300000000001 0.870313 0.091406 0.870313 0.0875 0.859375 0.067187 0.85625 0.064844 0.860938 0.060937 0.8585940000000001 0.05625 0.847656 0.045312000000000005 0.842187 0.044531 0.8351559999999999 0.039844000000000004 0.8304690000000001 0.041406 0.8273440000000001 0.047656 0.8273440000000001 0.060937
0 0.69375 0.109375 0.696875 0.130469 0.7 0.134375 0.708594 0.155469 0.719531 0.173438 0.720313 0.19375 0.728125 0.21406299999999998 0.74375 0.244531 0.747656 0.24843700000000002 0.750781 0.24843700000000002 0.75625 0.252344 0.760156 0.244531 0.760156 0.240625 0.755469 0.23671899999999998 0.758594 0.235156 0.759375 0.23203100000000002 0.753906 0.210938 0.751563 0.208594 0.771875 0.20546899999999998 0.770312 0.185937 0.767969 0.178906 0.760938 0.16796899999999998 0.750781 0.165625 0.74375 0.16875 0.738281 0.165625 0.739844 0.161719 0.736719 0.14296899999999998 0.721094 0.11484399999999999 0.716406 0.101562 0.713281 0.09765599999999999 0.708594 0.09765599999999999 0.698438 0.103125 0.69375 0.109375
0 0.446094 0.389062 0.48515600000000003 0.421875 0.501563 0.432813 0.503906 0.432031 0.50625 0.428125 0.503906 0.420312 0.488281 0.39375 0.478125 0.383594 0.463281 0.372656 0.458594 0.371875 0.455469 0.373437 0.446875 0.384375 0.446094 0.389062
0 0.396094 0.43125 0.420312 0.434375 0.424219 0.4375 0.4375 0.441406 0.463281 0.45390600000000003 0.471094 0.454688 0.472656 0.453125 0.471094 0.447656 0.45625 0.43125 0.446875 0.424219 0.428125 0.414844 0.420312 0.4125 0.403125 0.414844 0.39375 0.423438 0.392969 0.428125 0.396094 0.43125
0 0.609375 0.364062 0.611719 0.371875 0.638281 0.414844 0.642969 0.41875 0.651563 0.416406 0.654687 0.4125 0.651563 0.390625 0.644531 0.377344 0.642188 0.365625 0.638281 0.357031 0.625781 0.345313 0.61875 0.34296899999999997 0.603906 0.34375 0.601562 0.35 0.609375 0.364062
0 0.672656 0.455469 0.721094 0.503125 0.730469 0.509375 0.734375 0.514062 0.740625 0.516406 0.742188 0.513281 0.7375 0.49375 0.721875 0.46796899999999997 0.707031 0.45234399999999997 0.692969 0.442187 0.678125 0.435937 0.672656 0.4375 0.667969 0.446094 0.672656 0.455469
0 0.748437 0.784375 0.766406 0.789844 0.778125 0.7875 0.784375 0.789844 0.7875 0.799219 0.791406 0.803125 0.815625 0.8195309999999999 0.840625 0.8335940000000001 0.857812 0.840625 0.8695309999999999 0.84375 0.876563 0.8421879999999999 0.876563 0.8375 0.870313 0.83125 0.8601559999999999 0.815625 0.8414059999999999 0.800781 0.803125 0.784375 0.785156 0.785156 0.770312 0.765625 0.760156 0.75625 0.747656 0.754688 0.730469 0.747656 0.721875 0.746094 0.717969 0.747656 0.73125 0.769531 0.748437 0.784375
0 0.557031 0.08203099999999999 0.564844 0.08125 0.585938 0.075781 0.598437 0.080469 0.610938 0.08203099999999999 0.6125 0.080469 0.6125 0.073438 0.610156 0.065625 0.602344 0.057813 0.577344 0.053905999999999996 0.567969 0.054688 0.558594 0.057813 0.554688 0.061719 0.550781 0.069531 0.547656 0.084375 0.549219 0.085938 0.557031 0.08203099999999999
0 0.629687 0.22109399999999998 0.628125 0.233594 0.629687 0.23593799999999998 0.630469 0.253906 0.640625 0.260156 0.646094 0.261719 0.65 0.260156 0.651563 0.26640600000000003 0.657813 0.271875 0.6625 0.272656 0.664062 0.263281 0.660937 0.255469 0.646094 0.23593799999999998 0.641406 0.221875 0.633594 0.21640600000000002 0.63125 0.210156 0.626563 0.2125 0.626563 0.217969 0.629687 0.22109399999999998
0 0.584375 0.18359399999999998 0.590625 0.198438 0.605469 0.22031299999999998 0.615625 0.239844 0.61875 0.24375 0.622656 0.24375 0.622656 0.240625 0.626563 0.234375 0.626563 0.221875 0.616406 0.194531 0.609375 0.182031 0.601562 0.173438 0.596094 0.171094 0.586719 0.172656 0.584375 0.177344 0.584375 0.18359399999999998
0 0.551562 0.396875 0.551562 0.392969 0.557813 0.378125 0.563281 0.369531 0.570312 0.365625 0.570312 0.357031 0.567187 0.353906 0.571875 0.35 0.570312 0.346094 0.570312 0.329688 0.571875 0.325781 0.56875 0.310156 0.564063 0.321875 0.560937 0.325 0.564063 0.329688 0.564063 0.339063 0.5625 0.346875 0.560156 0.35 0.564063 0.353125 0.547656 0.357812 0.54375 0.361719 0.538281 0.378906 0.538281 0.392969 0.541406 0.400781 0.545312 0.400781 0.551562 0.396875
0 0.646094 0.42968799999999996 0.653906 0.432031 0.683594 0.434375 0.696875 0.442969 0.700781 0.440625 0.702344 0.43671899999999997 0.701562 0.425 0.697656 0.416406 0.696094 0.417969 0.696094 0.428125 0.694531 0.42968799999999996 0.686719 0.425 0.683594 0.42109399999999997 0.674219 0.416406 0.665625 0.414844 0.651563 0.415625 0.645312 0.420312 0.642969 0.420312 0.639844 0.425781 0.641406 0.430469 0.646094 0.42968799999999996
0 0.31328100000000003 0.673438 0.309375 0.663281 0.307031 0.634375 0.303906 0.625 0.298438 0.624219 0.29609399999999997 0.642188 0.295312 0.670312 0.296875 0.678125 0.303906 0.692188 0.303125 0.701562 0.30625 0.707031 0.310937 0.70625 0.3125 0.703125 0.31328100000000003 0.673438
0 0.424219 0.627344 0.471094 0.604687 0.489844 0.600781 0.49531200000000003 0.595313 0.491406 0.590625 0.482031 0.585938 0.463281 0.585938 0.44843700000000003 0.588281 0.43671899999999997 0.592187 0.42109399999999997 0.601562 0.410156 0.614063 0.408594 0.621094 0.415625 0.627344 0.424219 0.627344
0 0.503906 0.330469 0.519531 0.346875 0.539844 0.360938 0.545312 0.360938 0.548438 0.357812 0.547656 0.350781 0.54375 0.342187 0.535156 0.329688 0.526563 0.321094 0.51875 0.317187 0.510156 0.317187 0.50625 0.32031200000000004 0.503125 0.325781 0.503906 0.330469