1 0.365234 0.410156 0.361719 0.40664100000000003 0.353125 0.40664100000000003 0.352734 0.402344 0.357812 0.395703 0.367969 0.392578 0.371875 0.387891 0.378906 0.387891 0.379297 0.382031 0.357812 0.381641 0.345313 0.386328 0.332422 0.37031200000000003 0.332031 0.364453 0.3 0.364453 0.299609 0.373437 0.316406 0.383203 0.329297 0.397656 0.332422 0.415625 0.351172 0.44375 0.362109 0.45390600000000003 0.3625 0.459766 0.379297 0.459375 0.379297 0.428906 0.36718799999999996 0.42695299999999997 0.365234 0.410156
1 0.105859 0.915625 0.105859 0.8960940000000001 0.09375 0.8957029999999999 0.09179699999999999 0.9125 0.083984 0.9148440000000001 0.083984 0.923438 0.09179699999999999 0.9242190000000001 0.101172 0.942187 0.11523399999999999 0.9523440000000001 0.115625 0.9597659999999999 0.12304699999999999 0.959375 0.12304699999999999 0.925781 0.114062 0.923828 0.105859 0.915625
1 0.000781 0.876953 0.000781 0.894141 0.017969 0.8972659999999999 0.035547 0.890625 0.035156 0.876953 0.000781 0.876953
1 0.126172 0.30781200000000003 0.124609 0.283594 0.109375 0.283203 0.108984 0.310937 0.11484399999999999 0.311328 0.11835899999999999 0.315625 0.11484399999999999 0.320703 0.108984 0.321094 0.108984 0.33125 0.11523399999999999 0.332031 0.119922 0.345313 0.126172 0.352344 0.126563 0.359766 0.135547 0.359375 0.135547 0.31171899999999997 0.128125 0.311328 0.126172 0.30781200000000003
1 0.14843800000000001 0.46601600000000004 0.166406 0.46757799999999994 0.166797 0.45234399999999997 0.145312 0.45039100000000004 0.135938 0.45351600000000003 0.127734 0.440625 0.12734399999999998 0.43320299999999995 0.103125 0.43320299999999995 0.10273399999999999 0.45625 0.110156 0.456641 0.116797 0.464844 0.116797 0.470313 0.11054699999999999 0.477344 0.11093800000000001 0.48476600000000003 0.12734399999999998 0.48476600000000003 0.127734 0.477344 0.13125 0.47382799999999997 0.14843800000000001 0.46601600000000004
1 0.235547 0.628125 0.235547 0.608594 0.225 0.6082029999999999 0.223047 0.623437 0.215234 0.625781 0.215234 0.6375 0.22109399999999998 0.637891 0.225 0.6457029999999999 0.235547 0.652344 0.23593799999999998 0.6597660000000001 0.248047 0.659375 0.248047 0.633594 0.240625 0.633203 0.235547 0.628125
2 0.491406 0.333203 0.47460899999999995 0.333594 0.47460899999999995 0.36406299999999997 0.471094 0.369141 0.465234 0.369531 0.465234 0.396875 0.471094 0.397266 0.471875 0.40351600000000004 0.482031 0.40351600000000004 0.482422 0.396094 0.49179700000000004 0.39375 0.491406 0.333203
2 0.22265600000000002 0.7082029999999999 0.20156200000000002 0.7082029999999999 0.19921899999999998 0.716016 0.1875 0.7238279999999999 0.18359399999999998 0.730078 0.177734 0.730469 0.177734 0.745313 0.189063 0.747266 0.203906 0.744141 0.21718700000000002 0.730078 0.223047 0.729688 0.22265600000000002 0.7082029999999999
1 0.593359 0.45234399999999997 0.583984 0.439844 0.601172 0.423438 0.603125 0.41757799999999995 0.6105470000000001 0.41718700000000003 0.610156 0.40195299999999995 0.596875 0.40195299999999995 0.596484 0.409375 0.577344 0.43007799999999996 0.560156 0.44257799999999997 0.552734 0.442969 0.553125 0.45039100000000004 0.569531 0.45039100000000004 0.5746089999999999 0.45390600000000003 0.578125 0.48476600000000003 0.585547 0.484375 0.587109 0.46953100000000003 0.593359 0.459375 0.593359 0.45234399999999997
1 0.060156 0.250391 0.071875 0.237891 0.07929699999999999 0.2375 0.078906 0.214453 0.06875 0.214453 0.06640599999999999 0.222266 0.046094 0.236328 0.025 0.236328 0.018359 0.239844 0.016797 0.253125 0.020312 0.258203 0.027733999999999998 0.260156 0.028125 0.266016 0.030858999999999998 0.265625 0.03125 0.259766 0.047656 0.256641 0.060156 0.250391
0 0.442187 0.786719 0.450781 0.789062 0.49218799999999996 0.783594 0.50625 0.779687 0.509375 0.775781 0.502344 0.772656 0.457812 0.764844 0.44531200000000004 0.764844 0.433594 0.767188 0.425 0.771094 0.425 0.775 0.428906 0.779687 0.442187 0.786719
0 0.35156200000000004 0.755469 0.32890600000000003 0.763281 0.328125 0.767969 0.33125 0.771875 0.339063 0.775781 0.36875 0.783594 0.385156 0.784375 0.390625 0.778906 0.394531 0.764844 0.394531 0.757812 0.39140600000000003 0.753906 0.378906 0.753125 0.35156200000000004 0.755469
0 0.8 0.8257809999999999 0.785938 0.845313 0.784375 0.8539059999999999 0.7796879999999999 0.8617190000000001 0.786719 0.871875 0.79375 0.8773440000000001 0.803125 0.875 0.803125 0.863281 0.799219 0.8570309999999999 0.8125 0.85 0.821875 0.842187 0.834375 0.824219 0.8429690000000001 0.796094 0.8421879999999999 0.779687 0.8375 0.770312 0.8335940000000001 0.770312 0.8226559999999999 0.782031 0.8 0.8257809999999999
0 0.613281 0.321875 0.617969 0.321094 0.61875 0.310937 0.6125 0.303125 0.608594 0.300781 0.601562 0.300781 0.596094 0.30468799999999996 0.596094 0.310156 0.601562 0.310937 0.613281 0.321875
0 0.240625 0.310156 0.259375 0.319531 0.270312 0.32343700000000003 0.275 0.32343700000000003 0.26640600000000003 0.303125 0.260938 0.29609399999999997 0.253125 0.295312 0.23593799999999998 0.288281 0.21406299999999998 0.28593799999999997 0.203125 0.286719 0.19531199999999999 0.289844 0.192187 0.29375 0.194531 0.3 0.20156200000000002 0.303125 0.240625 0.310156
0 0.370313 0.552344 0.369531 0.566406 0.36718799999999996 0.575 0.359375 0.586719 0.360938 0.589844 0.364062 0.590625 0.369531 0.589844 0.38281200000000004 0.574219 0.3875 0.528125 0.385156 0.50625 0.38125 0.497656 0.376563 0.497656 0.377344 0.525781 0.370313 0.552344
0 0 0.732812 0.016406 0.741406 0.026562999999999996 0.739844 0.028125 0.732812 0.027344 0.724219 0.025 0.719531 0.0125 0.705469 0 0.700781 0 0.732812
0 0.25781200000000004 0.727344 0.253125 0.733594 0.25625 0.736719 0.26484399999999997 0.738281 0.28046899999999997 0.7375 0.294531 0.734375 0.301562 0.730469 0.303125 0.727344 0.292969 0.723437 0.271094 0.724219 0.25781200000000004 0.727344
1 0.083984 0.798438 0.09023400000000001 0.790625 0.09023400000000001 0.775781 0.085547 0.758594 0.073438 0.758203 0.077734 0.784375 0.07460900000000001 0.79375 0.065234 0.797656 0.065234 0.81875 0.07460900000000001 0.8226559999999999 0.088672 0.85 0.103125 0.867578 0.11054699999999999 0.867188 0.11054699999999999 0.8132809999999999 0.103125 0.8128909999999999 0.083984 0.798438
1 0.47656200000000004 0.698828 0.47304700000000005 0.695312 0.47460899999999995 0.677344 0.4625 0.6769529999999999 0.46054700000000004 0.689063 0.45742200000000005 0.695312 0.44804700000000003 0.702344 0.44804700000000003 0.70625 0.451562 0.709766 0.46796899999999997 0.709766 0.5 0.716016 0.522656 0.716016 0.523047 0.705469 0.503125 0.705078 0.47656200000000004 0.698828
1 0.7136720000000001 0.66875 0.708594 0.651953 0.698437 0.651953 0.6996089999999999 0.679688 0.7136720000000001 0.692969 0.720313 0.705078 0.7292970000000001 0.704688 0.7292970000000001 0.677344 0.723438 0.6769529999999999 0.7136720000000001 0.66875
1 0.44804700000000003 0.960938 0.447656 0.945703 0.434375 0.945703 0.432031 0.9535159999999999 0.40625 0.966016 0.40117200000000003 0.9710940000000001 0.40117200000000003 0.985938 0.397656 0.992578 0.390234 0.9929690000000001 0.390234 0.9992190000000001 0.418359 0.9992190000000001 0.42460899999999996 0.989062 0.42460899999999996 0.9742190000000001 0.439063 0.9628909999999999 0.44804700000000003 0.960938
0 0 0.4625 0.0039059999999999997 0.46406200000000003 0.004687 0.470313 0.00625 0.471094 0.008594000000000001 0.45625 0.036719 0.43281200000000003 0.04375 0.433594 0.053125 0.440625 0.067187 0.447656 0.078125 0.44843700000000003 0.077344 0.442969 0.060156 0.430469 0.053905999999999996 0.423438 0.059375 0.415625 0.078906 0.399219 0.08125 0.392188 0.077344 0.390625 0.071875 0.39140600000000003 0.0375 0.407813 0.028905999999999998 0.410156 0.022656000000000003 0.389062 0.017969 0.380469 0.00625 0.369531 0 0.367969 0 0.4625
0 0.53125 0.801562 0.495313 0.8375 0.489062 0.8492190000000001 0.489062 0.85625 0.491406 0.860938 0.507031 0.8625 0.51875 0.855469 0.529687 0.8445309999999999 0.559375 0.800781 0.567969 0.794531 0.571094 0.784375 0.56875 0.778125 0.560156 0.778125 0.549219 0.785937 0.53125 0.801562
0 0.567188 0.376563 0.560937 0.388281 0.553125 0.396094 0.553125 0.39843799999999996 0.548438 0.4 0.547656 0.404687 0.557031 0.403906 0.561719 0.396875 0.585156 0.378906 0.607812 0.349219 0.609375 0.340625 0.603906 0.341406 0.582031 0.360938 0.567188 0.376563