1 0.355469 0.134766 0.39375 0.10664100000000001 0.403906 0.105078 0.404297 0.08984400000000001 0.36718799999999996 0.089453 0.364844 0.09726599999999999 0.345313 0.105078 0.32031200000000004 0.126953 0.310156 0.142578 0.30468799999999996 0.141016 0.29765600000000003 0.131641 0.284375 0.12851600000000002 0.283984 0.139063 0.291406 0.139453 0.294922 0.14296899999999998 0.301172 0.15390600000000002 0.30468799999999996 0.172266 0.31171899999999997 0.172266 0.3125 0.16445300000000002 0.346875 0.137891 0.355469 0.134766
1 0.610156 0.667578 0.589062 0.666016 0.565625 0.6707029999999999 0.568359 0.646094 0.5574220000000001 0.646094 0.54375 0.6925779999999999 0.625781 0.695703 0.630859 0.697656 0.63125 0.703516 0.6417970000000001 0.703125 0.641406 0.683203 0.635937 0.683203 0.610156 0.667578
1 0.23046899999999998 0.809766 0.267969 0.781641 0.290625 0.759766 0.29765600000000003 0.759766 0.298047 0.739844 0.267188 0.7394529999999999 0.26484399999999997 0.747266 0.23125 0.767578 0.203906 0.798828 0.192969 0.791016 0.180469 0.787891 0.1625 0.787891 0.133984 0.794531 0.134375 0.800391 0.141406 0.800391 0.15 0.8066409999999999 0.173438 0.8128909999999999 0.196094 0.814453 0.19960899999999998 0.816406 0.2 0.8222659999999999 0.20546899999999998 0.8222659999999999 0.20585900000000001 0.816406 0.209375 0.814453 0.23046899999999998 0.809766
1 0.141406 0.44882799999999995 0.12304699999999999 0.439063 0.124609 0.42109399999999997 0.119922 0.41093799999999997 0.119922 0.402344 0.103125 0.40195299999999995 0.10273399999999999 0.41406200000000004 0.108984 0.414844 0.11054699999999999 0.43281200000000003 0.108594 0.43789100000000003 0.10273399999999999 0.43828100000000003 0.10273399999999999 0.44843700000000003 0.108594 0.44882799999999995 0.133984 0.478906 0.143359 0.497656 0.146875 0.516016 0.160547 0.515625 0.160547 0.464844 0.153125 0.46445299999999995 0.141406 0.44882799999999995
1 0.135547 0.596094 0.11875 0.595703 0.11835899999999999 0.603125 0.096094 0.620703 0.089063 0.619141 0.08203099999999999 0.6128910000000001 0.055469000000000004 0.605078 0.021875 0.603516 0.010546999999999999 0.608594 0.010938 0.611328 0.021093999999999998 0.616016 0.03125 0.6285160000000001 0.059375 0.637891 0.10078100000000001 0.637891 0.128125 0.606641 0.135547 0.60625 0.135547 0.596094
2 0.665625 0.41132799999999997 0.6730470000000001 0.41093799999999997 0.672656 0.376953 0.660938 0.376953 0.6574220000000001 0.392188 0.627344 0.41601600000000005 0.6214839999999999 0.416406 0.621875 0.428516 0.642969 0.428516 0.645313 0.42070299999999994 0.660156 0.41757799999999995 0.665625 0.41132799999999997
2 0.399219 0.5675779999999999 0.409375 0.556641 0.416406 0.556641 0.41679700000000003 0.539844 0.378125 0.539453 0.37578100000000003 0.547266 0.3625 0.555078 0.352344 0.5675779999999999 0.346484 0.567969 0.346875 0.584766 0.361719 0.584766 0.3625 0.578516 0.386719 0.573828 0.399219 0.5675779999999999
2 0.373047 0.49531200000000003 0.372656 0.45351600000000003 0.363672 0.455469 0.335547 0.50625 0.327734 0.508594 0.328125 0.5207029999999999 0.347656 0.5191410000000001 0.357422 0.510938 0.36718799999999996 0.49570299999999995 0.373047 0.49531200000000003
1 0.691406 0.266016 0.675781 0.261328 0.651562 0.259766 0.660547 0.248438 0.660156 0.239453 0.646875 0.239453 0.646484 0.24531200000000003 0.627344 0.262891 0.608984 0.269531 0.609375 0.280078 0.638281 0.278516 0.660938 0.28476599999999996 0.678906 0.28476599999999996 0.703906 0.301953 0.70625 0.309766 0.716797 0.309375 0.716797 0.28203100000000003 0.710938 0.281641 0.691406 0.266016
1 0.098437 0.10351600000000001 0.104297 0.103125 0.104297 0.08984400000000001 0.08125 0.089453 0.080859 0.095312 0.065625 0.11132800000000001 0.060547 0.098437 0.060547 0.08984400000000001 0.046875 0.089453 0.046875 0.141016 0.060156 0.141016 0.060937 0.13320300000000002 0.07421900000000001 0.131641 0.098437 0.10351600000000001
2 0.049609 0.46796899999999997 0.048047 0.485938 0.051562 0.508203 0.066797 0.507812 0.06640599999999999 0.45195299999999994 0.05625 0.45195299999999994 0.049609 0.46796899999999997
0 1 0.275 0.984375 0.275781 0.96875 0.28125 0.95625 0.288281 0.945312 0.298438 0.9445309999999999 0.303125 0.9554690000000001 0.302344 0.973438 0.294531 1 0.290625 1 0.275
0 0.333594 0.9085940000000001 0.319531 0.915625 0.298438 0.9320309999999999 0.285937 0.9375 0.276563 0.946875 0.272656 0.95625 0.278906 0.9601559999999999 0.28203100000000003 0.959375 0.29765600000000003 0.946875 0.310156 0.94375 0.33125 0.93125 0.334375 0.93125 0.35156200000000004 0.923438 0.36718799999999996 0.914062 0.376563 0.904687 0.37578100000000003 0.902344 0.372656 0.9 0.35156200000000004 0.903125 0.333594 0.9085940000000001
0 0.255469 1 0.257031 0.9875 0.253906 0.9773440000000001 0.24609399999999998 0.9695309999999999 0.23671899999999998 0.9679690000000001 0.234375 0.9710940000000001 0.235156 0.9835940000000001 0.240625 1 0.255469 1
0 0.26640600000000003 0.620313 0.271875 0.619531 0.270312 0.607812 0.265625 0.601562 0.25625 0.595313 0.234375 0.586719 0.210156 0.582031 0.20625 0.583594 0.20546899999999998 0.589063 0.22343700000000002 0.6 0.26640600000000003 0.620313
0 0.30468799999999996 0.575 0.315625 0.60625 0.321094 0.611719 0.32031200000000004 0.615625 0.292188 0.617969 0.291406 0.627344 0.29375 0.630469 0.298438 0.630469 0.317969 0.638281 0.346094 0.64375 0.361719 0.65 0.380469 0.652344 0.38281200000000004 0.654687 0.385938 0.654687 0.386719 0.65 0.383594 0.646094 0.382031 0.638281 0.36875 0.625 0.35625 0.620313 0.35 0.615625 0.332812 0.615625 0.329688 0.614062 0.328125 0.611719 0.332031 0.607812 0.333594 0.6 0.332812 0.575 0.325781 0.564844 0.32734399999999997 0.560156 0.29765600000000003 0.528906 0.291406 0.524219 0.285937 0.522656 0.283594 0.525 0.284375 0.532031 0.30468799999999996 0.575
0 0.460156 0.9460940000000001 0.46875 0.957812 0.474219 0.960938 0.478906 0.959375 0.479688 0.9476559999999999 0.477344 0.935937 0.467187 0.9195309999999999 0.455469 0.907813 0.439063 0.8960940000000001 0.416406 0.886719 0.408594 0.8875 0.40625 0.884375 0.401563 0.884375 0.400781 0.889062 0.416406 0.902344 0.460156 0.9460940000000001
0 0.376563 0.915625 0.347656 0.9367190000000001 0.336719 0.946875 0.336719 0.951562 0.347656 0.951562 0.373437 0.9445309999999999 0.395312 0.926562 0.396094 0.923438 0.39375 0.9164059999999999 0.389062 0.9125 0.383594 0.9125 0.376563 0.915625
0 0.267188 0.8601559999999999 0.26484399999999997 0.8726559999999999 0.261719 0.876563 0.25781200000000004 0.8875 0.22968799999999998 0.939063 0.228906 0.951562 0.23203100000000002 0.954688 0.23046899999999998 0.9601559999999999 0.23203100000000002 0.9617190000000001 0.23671899999999998 0.9617190000000001 0.253125 0.953125 0.260938 0.9445309999999999 0.275 0.9195309999999999 0.2875 0.884375 0.289844 0.873437 0.291406 0.8539059999999999 0.2875 0.84375 0.282813 0.8429690000000001 0.274219 0.855469 0.267188 0.8601559999999999
0 0.51875 0.8773440000000001 0.55 0.925781 0.574219 0.9507809999999999 0.582813 0.95625 0.585938 0.95625 0.5875 0.954688 0.5875 0.94375 0.582813 0.9242190000000001 0.566406 0.8929690000000001 0.546094 0.871094 0.538281 0.8664059999999999 0.523438 0.8617190000000001 0.517969 0.855469 0.505469 0.860938 0.508594 0.8617190000000001 0.514844 0.8679690000000001 0.51875 0.8773440000000001
0 0.685156 1 0.685156 0.9976559999999999 0.671875 0.988281 0.651562 0.978125 0.6125 0.96875 0.60625 0.96875 0.604687 0.970313 0.605469 0.975 0.610156 0.979688 0.638281 0.9976559999999999 0.639062 1 0.685156 1
0 0.9164059999999999 0.953125 0.9070309999999999 0.954688 0.9085940000000001 0.95625 0.917188 0.9554690000000001 0.917969 0.953125 0.9382809999999999 0.95625 0.9625 0.9554690000000001 0.9695309999999999 0.9523440000000001 0.9757809999999999 0.94375 0.9757809999999999 0.939063 0.951562 0.939063 0.9210940000000001 0.9226559999999999 0.9046879999999999 0.91875 0.8921870000000001 0.917969 0.882812 0.9226559999999999 0.88125 0.9273440000000001 0.8914059999999999 0.9398440000000001 0.917188 0.951562 0.9164059999999999 0.953125
0 0.8289059999999999 0.340625 0.8289059999999999 0.36875 0.83125 0.377344 0.828125 0.403125 0.8289059999999999 0.4125 0.8304690000000001 0.41406200000000004 0.8414059999999999 0.413281 0.8460940000000001 0.407813 0.85625 0.408594 0.8726559999999999 0.417969 0.896875 0.42109399999999997 0.909375 0.428906 0.9203129999999999 0.432031 0.9234370000000001 0.435156 0.9273440000000001 0.433594 0.9289059999999999 0.428906 0.928125 0.423438 0.925781 0.42109399999999997 0.9242190000000001 0.414844 0.917188 0.40703100000000003 0.896875 0.39531299999999997 0.8882809999999999 0.394531 0.8773440000000001 0.38984399999999997 0.8734379999999999 0.390625 0.86875 0.3875 0.8679690000000001 0.375 0.871875 0.373437 0.870312 0.36875 0.8679690000000001 0.36875 0.8679690000000001 0.371875 0.8570309999999999 0.380469 0.8585940000000001 0.346875 0.85625 0.333594 0.85 0.32031200000000004 0.84375 0.31171899999999997 0.8351559999999999 0.303906 0.828125 0.302344 0.8257809999999999 0.305469 0.825 0.31718799999999997 0.8289059999999999 0.340625
0 0.8375 0.219531 0.804688 0.267188 0.803125 0.27343799999999996 0.8054690000000001 0.27656200000000003 0.8195309999999999 0.275781 0.839844 0.267969 0.8414059999999999 0.260156 0.8601559999999999 0.235156 0.8664059999999999 0.22109399999999998 0.867188 0.201563 0.8625 0.192188 0.85625 0.192969 0.8492190000000001 0.19921899999999998 0.8375 0.219531
0 0.317969 0.292969 0.3125 0.33593799999999996 0.3125 0.35859399999999997 0.30468799999999996 0.372656 0.30625 0.375 0.310937 0.37421899999999997 0.310156 0.38125 0.3125 0.383594 0.3125 0.389062 0.314063 0.390625 0.31875 0.389062 0.322656 0.380469 0.323438 0.369531 0.319531 0.357031 0.330469 0.340625 0.339844 0.310937 0.342187 0.29609399999999997 0.342187 0.278906 0.338281 0.27031299999999997 0.335156 0.26875 0.329688 0.26875 0.324219 0.27343799999999996 0.317969 0.292969
0 0 0.240625 0.008594000000000001 0.241406 0.035937000000000004 0.234375 0.06640599999999999 0.22968700000000003 0.0875 0.228125 0.105469 0.228906 0.13125 0.221875 0.146094 0.22109399999999998 0.189063 0.203906 0.194531 0.203125 0.197656 0.19921899999999998 0.210156 0.19375 0.2125 0.189062 0.2125 0.184375 0.208594 0.182031 0.20078100000000002 0.1875 0.192969 0.185938 0.176562 0.186719 0.15234399999999998 0.198437 0.133594 0.213281 0.121875 0.21406200000000003 0.11484399999999999 0.21640600000000002 0.109375 0.215625 0.096875 0.20625 0.080469 0.202344 0.040625 0.20625 0.014062 0.217969 0.004687 0.220312 0.0023439999999999997 0.23203100000000002 0 0.232813 0 0.240625
0 0 0.141406 0.0039059999999999997 0.14375 0.011719 0.154688 0.016406 0.166406 0.013281000000000001 0.17421899999999998 0.01875 0.175 0.020312 0.173437 0.025781 0.173437 0.029687 0.165625 0.032031 0.15390600000000002 0.032031 0.14296899999999998 0.0023439999999999997 0.108594 0 0.108594 0 0.141406
0 0.104688 0.048437999999999995 0.1 0.089063 0.10078100000000001 0.13671899999999998 0.09375 0.14843800000000001 0.088281 0.18984399999999998 0.089063 0.202344 0.10625 0.211719 0.109375 0.209375 0.11171899999999998 0.189062 0.114062 0.182031 0.1125 0.176563 0.11093800000000001 0.141406 0.10781199999999999 0.135156 0.10781199999999999 0.117188 0.110156 0.10390600000000001 0.117188 0.091406 0.11953100000000001 0.082812 0.121875 0.049219 0.125 0.034375 0.125 0.025 0.11953100000000001 0.01875 0.11093800000000001 0.021093999999999998 0.109375 0.035937000000000004 0.104688 0.048437999999999995
0 0.638281 0.510156 0.632031 0.523438 0.610156 0.55625 0.601562 0.565625 0.596094 0.567969 0.596094 0.572656 0.603125 0.576562 0.609375 0.577344 0.617969 0.586719 0.622656 0.598437 0.625781 0.596094 0.626563 0.592187 0.623437 0.583594 0.619531 0.578125 0.611719 0.576562 0.610938 0.575 0.6125 0.571875 0.615625 0.571875 0.629688 0.564844 0.644531 0.547656 0.650781 0.535937 0.65625 0.521094 0.659375 0.503125 0.658594 0.48359399999999997 0.654687 0.475 0.65 0.475781 0.646875 0.482031 0.638281 0.510156
0 0.635156 0.775 0.635937 0.779687 0.633594 0.782031 0.632812 0.792969 0.626563 0.808594 0.620312 0.832812 0.619531 0.8429690000000001 0.620312 0.848437 0.622656 0.851562 0.627344 0.8507809999999999 0.632031 0.846875 0.642969 0.832031 0.647656 0.816406 0.649219 0.800781 0.645313 0.785156 0.65625 0.769531 0.664844 0.748437 0.665625 0.733594 0.664062 0.725781 0.654687 0.711719 0.648438 0.7125 0.639062 0.739062 0.635156 0.775
0 0.8414059999999999 0.904687 0.917188 0.9210940000000001 0.9226559999999999 0.920312 0.9273440000000001 0.9164059999999999 0.9226559999999999 0.9070309999999999 0.9148440000000001 0.8992190000000001 0.890625 0.886719 0.859375 0.8804690000000001 0.8257809999999999 0.879687 0.821875 0.8835940000000001 0.820312 0.8882809999999999 0.821875 0.9 0.8296870000000001 0.904687 0.8414059999999999 0.904687
0 0.490625 0.954688 0.482031 0.954688 0.478125 0.957031 0.477344 0.9601559999999999 0.501563 0.964063 0.514062 0.964063 0.521875 0.960938 0.522656 0.9539059999999999 0.519531 0.9523440000000001 0.504688 0.951562 0.490625 0.954688
0 0 0.988281 0.01875 0.992188 0.036719 0.992188 0.060937 0.988281 0.07421900000000001 0.982812 0.094531 0.9789059999999999 0.098437 0.973437 0.1 0.965625 0.10390600000000001 0.9679690000000001 0.10703100000000002 0.964844 0.11093800000000001 0.9695309999999999 0.14296899999999998 0.9695309999999999 0.176562 0.948438 0.190625 0.9351559999999999 0.196094 0.9273440000000001 0.192187 0.9242190000000001 0.180469 0.925781 0.17421899999999998 0.921875 0.164844 0.9226559999999999 0.149219 0.9304690000000001 0.14453100000000002 0.9351559999999999 0.14453100000000002 0.939063 0.139062 0.945312 0.128125 0.9507809999999999 0.11796899999999999 0.9617190000000001 0.09765599999999999 0.9625 0.09218699999999999 0.9601559999999999 0.064844 0.959375 0.04375 0.9617190000000001 0.021875 0.9710940000000001 0.007031 0.973437 0 0.976562 0 0.988281
0 0.153125 0.310937 0.15 0.31328100000000003 0.142188 0.314063 0.141406 0.317969 0.126563 0.33125 0.10703100000000002 0.360938 0.10234399999999999 0.372656 0.103125 0.378125 0.11171899999999998 0.37578100000000003 0.125 0.363281 0.132031 0.35156200000000004 0.141406 0.340625 0.146875 0.33125 0.14843800000000001 0.321875 0.163281 0.307031 0.16406199999999999 0.302344 0.159375 0.29765600000000003 0.15625 0.299219 0.15625 0.303906 0.153125 0.310937
0 0.397656 0.35625 0.39140600000000003 0.359375 0.385938 0.366406 0.36875 0.37578100000000003 0.349219 0.39531299999999997 0.338281 0.399219 0.329688 0.4 0.328125 0.404687 0.317969 0.408594 0.309375 0.416406 0.285156 0.44843700000000003 0.275 0.467187 0.258594 0.509375 0.25781200000000004 0.516406 0.259375 0.51875 0.27343799999999996 0.513281 0.279687 0.508594 0.301562 0.485938 0.314063 0.46796899999999997 0.319531 0.46406200000000003 0.335156 0.42265600000000003 0.335156 0.410156 0.336719 0.408594 0.34453100000000003 0.409375 0.353906 0.403125 0.365625 0.402344 0.38984399999999997 0.38984399999999997 0.420312 0.357031 0.423438 0.346875 0.42968799999999996 0.342187 0.432031 0.336719 0.423438 0.336719 0.410937 0.34375 0.397656 0.35625
0 0.567969 0.514844 0.563281 0.515625 0.560156 0.519531 0.553125 0.519531 0.551563 0.517188 0.560937 0.515625 0.5625 0.513281 0.552344 0.510156 0.548438 0.513281 0.546875 0.517188 0.540625 0.520312 0.53125 0.529687 0.527344 0.5375 0.517969 0.546094 0.515625 0.553125 0.5 0.571875 0.5 0.576562 0.504688 0.584375 0.497656 0.585156 0.49375 0.590625 0.49375 0.6 0.507812 0.635156 0.521875 0.678125 0.532813 0.692187 0.5375 0.690625 0.541406 0.686719 0.545312 0.676562 0.547656 0.65625 0.546875 0.642188 0.542969 0.630469 0.529687 0.604688 0.517969 0.592187 0.510937 0.589063 0.50625 0.583594 0.5125 0.580469 0.523438 0.571094 0.564844 0.549219 0.584375 0.535156 0.596094 0.522656 0.596875 0.516406 0.595313 0.513281 0.585938 0.513281 0.572656 0.516406 0.567969 0.514844
0 0.172656 0.8445309999999999 0.164844 0.8492190000000001 0.16406199999999999 0.8539059999999999 0.182031 0.8625 0.19921899999999998 0.8648440000000001 0.20078100000000002 0.873437 0.19921899999999998 0.8773440000000001 0.20078100000000002 0.88125 0.20468799999999998 0.8804690000000001 0.210156 0.8835940000000001 0.2125 0.8804690000000001 0.21718700000000002 0.8835940000000001 0.22031299999999998 0.860938 0.217969 0.8570309999999999 0.21640600000000002 0.8414059999999999 0.20546899999999998 0.8257809999999999 0.198438 0.821875 0.18984399999999998 0.8226559999999999 0.186719 0.825 0.18359399999999998 0.834375 0.172656 0.8445309999999999
0 0.345313 0.674219 0.382031 0.710156 0.389062 0.713281 0.407813 0.727344 0.413281 0.728125 0.416406 0.726562 0.417188 0.715625 0.411719 0.699219 0.4 0.685937 0.392969 0.671875 0.389062 0.670312 0.384375 0.664062 0.373437 0.657813 0.37421899999999997 0.653906 0.369531 0.653906 0.346094 0.64375 0.330469 0.642188 0.31875 0.646875 0.31875 0.653906 0.324219 0.659375 0.345313 0.674219
0 0.628906 0.36406299999999997 0.622656 0.36406299999999997 0.6125 0.366406 0.60625 0.372656 0.591406 0.37968799999999997 0.563281 0.383594 0.546094 0.39375 0.535156 0.403906 0.528125 0.414844 0.529687 0.43125 0.533594 0.43281200000000003 0.544531 0.42968799999999996 0.591406 0.40546899999999997 0.635937 0.3875 0.644531 0.38593700000000003 0.647656 0.383594 0.649219 0.37578100000000003 0.647656 0.372656 0.639062 0.36718799999999996 0.628906 0.36406299999999997
0 0.9007809999999999 0.275 0.915625 0.288281 0.9210940000000001 0.299219 0.9289059999999999 0.303125 0.933594 0.30156299999999997 0.933594 0.283594 0.93125 0.267969 0.917969 0.25468799999999997 0.910156 0.249219 0.8898440000000001 0.239844 0.8609370000000001 0.23828100000000002 0.854687 0.242188 0.85625 0.252344 0.8609370000000001 0.25625 0.9007809999999999 0.275