1 0.161719 0.859375 0.178906 0.8492190000000001 0.189062 0.8414059999999999 0.189062 0.8382809999999999 0.196094 0.832812 0.201563 0.8375 0.202344 0.8460940000000001 0.208594 0.8507809999999999 0.213281 0.851562 0.220312 0.8429690000000001 0.220312 0.8375 0.217969 0.8335940000000001 0.22343799999999997 0.8257809999999999 0.22109399999999998 0.816406 0.21640600000000002 0.8125 0.213281 0.8 0.208594 0.796875 0.204687 0.800781 0.20078100000000002 0.800781 0.194531 0.808594 0.18984399999999998 0.8101559999999999 0.19531199999999999 0.814063 0.19531199999999999 0.823438 0.192969 0.826562 0.178906 0.8257809999999999 0.173437 0.8304690000000001 0.171875 0.8257809999999999 0.16953100000000002 0.825 0.166406 0.832812 0.166406 0.8382809999999999 0.155469 0.845313 0.15 0.854688 0.14843800000000001 0.8617190000000001 0.150781 0.8625 0.154688 0.8601559999999999 0.161719 0.859375
0 0.30781200000000003 0.9632809999999999 0.3125 0.9539059999999999 0.322656 0.940625 0.336719 0.946875 0.353906 0.946875 0.357812 0.94375 0.35859399999999997 0.9351559999999999 0.366406 0.934375 0.386719 0.9273440000000001 0.396875 0.9210940000000001 0.400781 0.9164059999999999 0.4 0.9132809999999999 0.389062 0.910937 0.37031200000000003 0.910937 0.350781 0.90625 0.33593799999999996 0.904687 0.32734399999999997 0.901563 0.321875 0.8960940000000001 0.31328100000000003 0.895312 0.309375 0.901563 0.308594 0.910937 0.31328100000000003 0.925 0.302344 0.9382809999999999 0.28046899999999997 0.978125 0.275781 0.9898440000000001 0.27656200000000003 0.9929690000000001 0.279687 0.99375 0.2875 0.9867190000000001 0.30781200000000003 0.9632809999999999
2 0.864062 0.705469 0.8648440000000001 0.694531 0.871875 0.68125 0.873437 0.673438 0.865625 0.667188 0.857812 0.676562 0.855469 0.689844 0.848437 0.702344 0.84375 0.716406 0.839844 0.739844 0.8414059999999999 0.744531 0.8460940000000001 0.742188 0.854688 0.727344 0.864062 0.705469
2 0.121875 0.14375 0.139844 0.139063 0.139844 0.134375 0.129688 0.134375 0.10703100000000002 0.139063 0.098437 0.14453100000000002 0.080469 0.161719 0.079687 0.166406 0.089063 0.164844 0.095312 0.159375 0.121875 0.14375
0 0.834375 0.459375 0.842187 0.471094 0.8492190000000001 0.477344 0.855469 0.47968700000000003 0.8648440000000001 0.478906 0.85625 0.513281 0.857812 0.526563 0.8648440000000001 0.548438 0.876563 0.563281 0.88125 0.563281 0.8875 0.546875 0.8898440000000001 0.521875 0.8898440000000001 0.503906 0.8851559999999999 0.482812 0.8773440000000001 0.470313 0.8726559999999999 0.46953100000000003 0.845313 0.43125 0.840625 0.428125 0.8304690000000001 0.415625 0.8257809999999999 0.414844 0.824219 0.415625 0.8257809999999999 0.433594 0.834375 0.459375
0 0.342187 0.16953100000000002 0.35156200000000004 0.16015600000000002 0.353906 0.160938 0.35625 0.17421899999999998 0.35859399999999997 0.17578100000000002 0.365625 0.175 0.37968799999999997 0.160938 0.382031 0.154688 0.382031 0.14843800000000001 0.380469 0.146094 0.376563 0.146094 0.361719 0.151562 0.35625 0.151562 0.35468700000000003 0.146094 0.349219 0.146094 0.340625 0.149219 0.31328100000000003 0.166406 0.310156 0.172656 0.303906 0.178125 0.307031 0.180469 0.324219 0.178906 0.342187 0.16953100000000002
0 0.798438 0.310937 0.80625 0.291406 0.8148440000000001 0.2875 0.816406 0.282813 0.815625 0.26484399999999997 0.826562 0.25468799999999997 0.8335940000000001 0.233594 0.8335940000000001 0.208594 0.832031 0.2 0.8273440000000001 0.189062 0.81875 0.189062 0.8132809999999999 0.198437 0.809375 0.215625 0.8039059999999999 0.225781 0.795312 0.255469 0.796875 0.259375 0.796875 0.278906 0.786719 0.288281 0.778125 0.30156299999999997 0.742969 0.33593799999999996 0.740625 0.340625 0.740625 0.345313 0.742188 0.346875 0.757031 0.34375 0.780469 0.329688 0.798438 0.310937
0 0.735938 0.373437 0.738281 0.361719 0.738281 0.349219 0.747656 0.31718799999999997 0.747656 0.298438 0.753906 0.29609399999999997 0.757031 0.292969 0.764844 0.272656 0.767188 0.251563 0.76875 0.249219 0.767969 0.235937 0.763281 0.23906299999999997 0.745313 0.271875 0.739844 0.292969 0.732812 0.296875 0.723437 0.305469 0.691406 0.36015600000000003 0.684375 0.37578100000000003 0.682031 0.38984399999999997 0.685156 0.392969 0.703906 0.386719 0.708594 0.38125 0.710156 0.382031 0.711719 0.404687 0.717187 0.414844 0.721094 0.414844 0.725 0.409375 0.735938 0.373437
0 0.8625 0.19921899999999998 0.860938 0.201563 0.865625 0.202344 0.882812 0.194531 0.894531 0.182812 0.896875 0.182812 0.902344 0.18984399999999998 0.9148440000000001 0.19531199999999999 0.9351559999999999 0.196094 0.94375 0.194531 0.9757809999999999 0.182031 0.9757809999999999 0.177344 0.96875 0.173437 0.973437 0.170313 0.9710940000000001 0.166406 0.926562 0.170313 0.917969 0.172656 0.90625 0.172656 0.901563 0.171094 0.8960940000000001 0.164844 0.8914059999999999 0.16406199999999999 0.882812 0.165625 0.878125 0.16875 0.840625 0.18125 0.834375 0.185938 0.8335940000000001 0.192188 0.8375 0.19531199999999999 0.860938 0.19531199999999999 0.8625 0.19921899999999998
0 0.43671899999999997 0.157812 0.45781299999999997 0.165625 0.461719 0.16953100000000002 0.478125 0.16875 0.484375 0.166406 0.490625 0.160938 0.501563 0.167187 0.510938 0.16796899999999998 0.528906 0.1625 0.55 0.151562 0.549219 0.147656 0.536719 0.147656 0.516406 0.150781 0.503906 0.15 0.494531 0.15234399999999998 0.488281 0.147656 0.465625 0.1375 0.435937 0.11953100000000001 0.4125 0.1125 0.40703100000000003 0.11484399999999999 0.416406 0.135937 0.42656299999999997 0.149219 0.43671899999999997 0.157812
0 0.290625 0.1625 0.294531 0.18515600000000002 0.30156299999999997 0.19921899999999998 0.309375 0.20625 0.31875 0.20703100000000002 0.31718799999999997 0.217188 0.317969 0.24375 0.316406 0.251563 0.316406 0.27343799999999996 0.317969 0.282813 0.322656 0.28125 0.329688 0.253906 0.34375 0.260156 0.347656 0.260156 0.35 0.257031 0.347656 0.24531200000000003 0.346875 0.226562 0.34296899999999997 0.215625 0.330469 0.196875 0.326562 0.197656 0.315625 0.18125 0.303125 0.178125 0.309375 0.175 0.3125 0.165625 0.30156299999999997 0.135156 0.29765600000000003 0.13281199999999999 0.29375 0.1375 0.290625 0.14843800000000001 0.290625 0.1625
0 0.726562 0.157031 0.732812 0.163281 0.751563 0.171875 0.764844 0.173437 0.776563 0.16875 0.782813 0.16953100000000002 0.782813 0.175 0.788281 0.19140600000000002 0.801562 0.204687 0.80625 0.20703100000000002 0.810937 0.20703100000000002 0.815625 0.19531199999999999 0.820312 0.190625 0.8257809999999999 0.190625 0.8304690000000001 0.194531 0.8335940000000001 0.209375 0.8367190000000001 0.210938 0.857812 0.20546899999999998 0.863281 0.201563 0.863281 0.196094 0.8601559999999999 0.19375 0.848437 0.192969 0.828125 0.186719 0.800781 0.16953100000000002 0.792188 0.161719 0.783594 0.161719 0.775781 0.15390600000000002 0.758594 0.146094 0.741406 0.130469 0.73125 0.128125 0.728125 0.130469 0.725 0.14453100000000002 0.725 0.15390600000000002 0.726562 0.157031
1 0.692969 0.598437 0.713281 0.603125 0.721875 0.602344 0.744531 0.588281 0.74375 0.583594 0.740625 0.582031 0.724219 0.582812 0.665625 0.575781 0.666406 0.580469 0.68125 0.59375 0.692969 0.598437
0 0.699219 0.18984399999999998 0.709375 0.178125 0.7125 0.176563 0.717187 0.180469 0.71875 0.178125 0.725781 0.142187 0.726562 0.11171899999999998 0.732031 0.105469 0.735156 0.096875 0.735156 0.064844 0.739062 0.035156 0.7375 0.024218999999999997 0.733594 0.025 0.722656 0.0375 0.716406 0.05 0.713281 0.061719 0.711719 0.092188 0.713281 0.098437 0.720313 0.107813 0.714063 0.115625 0.705469 0.117188 0.700781 0.120313 0.685156 0.13671899999999998 0.673438 0.167187 0.666406 0.194531 0.666406 0.202344 0.66875 0.204687 0.674219 0.20546899999999998 0.682813 0.201563 0.699219 0.18984399999999998
0 0 0.516406 0.027344 0.527344 0.029687 0.529687 0.025 0.539062 0.025781 0.544531 0.029687 0.545312 0.047656 0.5375 0.0625 0.51875 0.057813 0.5 0.057031 0.470313 0.051562 0.471094 0.041406 0.486719 0.039844000000000004 0.500781 0.036719 0.507812 0.019531 0.505469 0 0.50625 0 0.516406
1 0 0.8 0.01875 0.799219 0.047656 0.789844 0.057813 0.782031 0.060937 0.777344 0.058516 0.808984 0.06875 0.782031 0.072656 0.771875 0.072656 0.759375 0.067969 0.759375 0.042187999999999996 0.771094 0.016406 0.774219 0 0.778125 0 0.8
1 0.061719 0.330469 0.063281 0.324219 0.064062 0.30781200000000003 0.070312 0.315625 0.078906 0.319531 0.092969 0.31875 0.1 0.314844 0.099219 0.310156 0.076563 0.28593799999999997 0.060156 0.282813 0.053905999999999996 0.28593799999999997 0.051562 0.289844 0.053905999999999996 0.31718799999999997 0.059375 0.33125 0.061719 0.330469
0 0 0.369531 0.0023439999999999997 0.369531 0.00625 0.365625 0.007031 0.37421899999999997 0.009375 0.378906 0.017969 0.37578100000000003 0.025781 0.366406 0.035156 0.338281 0.035937000000000004 0.326562 0.03125 0.321875 0.032812999999999995 0.308594 0.03125 0.29609399999999997 0.028905999999999998 0.290625 0.030469000000000003 0.279687 0.029687 0.25468799999999997 0.025781 0.255469 0.01875 0.263281 0.005469 0.28906200000000004 0.0023439999999999997 0.300781 0 0.30156299999999997 0 0.32031200000000004 0.0023439999999999997 0.321094 0.0023439999999999997 0.32343700000000003 0.007031 0.32890600000000003 0.016406 0.332031 0.014844 0.336719 0.0078119999999999995 0.34453100000000003 0.0023439999999999997 0.357031 0 0.357812 0 0.369531
0 0.092188 0.121875 0.092969 0.12734399999999998 0.09765599999999999 0.13125 0.10078100000000001 0.13125 0.10234399999999999 0.126562 0.110937 0.129688 0.124219 0.129688 0.13671899999999998 0.124219 0.146094 0.115625 0.146094 0.110937 0.1375 0.096875 0.13281199999999999 0.095312 0.110156 0.104688 0.098437 0.105469 0.095312 0.110937 0.09375 0.10703100000000002 0.091406 0.10625 0.083594 0.10703100000000002 0.067187 0.11796899999999999 0.057031 0.11875 0.050781 0.121094 0.047656 0.125 0.047656 0.128125 0.065625 0.13828100000000002 0.075 0.135937 0.092188 0.121875
0 0.232813 0.210156 0.235937 0.197656 0.23671899999999998 0.188281 0.232813 0.16953100000000002 0.2375 0.1625 0.23828100000000002 0.149219 0.249219 0.103125 0.248438 0.091406 0.240625 0.086719 0.234375 0.088281 0.226562 0.096875 0.21875 0.113281 0.2125 0.13281199999999999 0.2125 0.149219 0.21406200000000003 0.155469 0.219531 0.16406199999999999 0.224219 0.165625 0.22968700000000003 0.170313 0.21640600000000002 0.178125 0.210156 0.188281 0.204687 0.202344 0.204687 0.22968700000000003 0.20703100000000002 0.2375 0.21640600000000002 0.253906 0.22109399999999998 0.249219 0.226562 0.221875 0.232813 0.210156
0 0.06875 0.17578100000000002 0.07421900000000001 0.177344 0.064062 0.182812 0.045 0.193359 0.069531 0.185938 0.077344 0.182031 0.080859 0.18007800000000002 0.087109 0.175078 0.0875 0.170313 0.095312 0.178906 0.113281 0.178125 0.130469 0.170313 0.139063 0.161719 0.140625 0.155469 0.139844 0.15390600000000002 0.134375 0.15390600000000002 0.126562 0.157812 0.110156 0.159375 0.088281 0.165625 0.083594 0.161719 0.06875 0.16015600000000002 0.053125 0.161719 0.05625 0.171094 0.065625 0.172656 0.06875 0.17578100000000002
0 0.110937 0.760156 0.110156 0.764844 0.107813 0.767188 0.103047 0.7801560000000001 0.09726599999999999 0.7887500000000001 0.087031 0.8094530000000001 0.099453 0.7943749999999999 0.105469 0.783594 0.11023400000000001 0.778203 0.117188 0.769531 0.121094 0.761719 0.12734399999999998 0.75625 0.126562 0.752344 0.132031 0.749219 0.133594 0.74375 0.12734399999999998 0.742969 0.11953100000000001 0.739062 0.107813 0.730469 0.1 0.729688 0.083594 0.724219 0.07078100000000001 0.719531 0.078906 0.728906 0.085938 0.735938 0.088281 0.741406 0.075781 0.75 0.075781 0.753125 0.078125 0.75625 0.091406 0.760938 0.110937 0.760156
1 0.055937 0.985781 0.092656 0.957969 0.10148399999999999 0.968437 0.12265600000000002 0.970313 0.125 0.9679690000000001 0.124219 0.964844 0.114062 0.954688 0.10078100000000001 0.935937 0.096094 0.9367190000000001 0.091406 0.9445309999999999 0.085078 0.953828 0.055937 0.985781
1 0.561719 0.252344 0.559375 0.24375 0.553125 0.233594 0.548438 0.233594 0.544531 0.242969 0.544531 0.259375 0.541406 0.26640600000000003 0.541406 0.275781 0.544531 0.284375 0.557031 0.271875 0.561719 0.2625 0.561719 0.252344
0 0.542969 0.310156 0.560156 0.316406 0.575781 0.31718799999999997 0.578125 0.31875 0.572656 0.324219 0.564063 0.32890600000000003 0.564063 0.33125 0.573438 0.33125 0.589063 0.325781 0.594531 0.334375 0.601562 0.33906200000000003 0.624219 0.345313 0.629687 0.34453100000000003 0.629687 0.340625 0.613281 0.325781 0.603125 0.314063 0.604688 0.309375 0.607812 0.307031 0.608594 0.299219 0.599219 0.29218700000000003 0.55625 0.28593799999999997 0.527344 0.28593799999999997 0.523438 0.2875 0.523438 0.292969 0.525781 0.296875 0.542969 0.310156
0 0.577344 0.075781 0.588281 0.086719 0.599219 0.09375 0.615625 0.098437 0.627344 0.099219 0.642969 0.092188 0.644531 0.09375 0.641406 0.10234399999999999 0.627344 0.113281 0.622656 0.11953100000000001 0.627344 0.11953100000000001 0.639062 0.113281 0.64375 0.11484399999999999 0.646094 0.132031 0.655469 0.161719 0.658594 0.165625 0.660937 0.159375 0.660937 0.139844 0.657031 0.104688 0.657031 0.086719 0.653906 0.08203099999999999 0.647656 0.078125 0.635156 0.076563 0.620313 0.069531 0.6 0.064844 0.596094 0.061719 0.588281 0.060937 0.572656 0.054688 0.567969 0.054688 0.567187 0.057813 0.569531 0.064062 0.577344 0.075781