0 0.441406 0.5125 0.450781 0.510156 0.46093799999999996 0.510156 0.475781 0.514844 0.486719 0.514062 0.48515600000000003 0.509375 0.472656 0.501563 0.439844 0.490625 0.417969 0.486719 0.408594 0.486719 0.403906 0.491406 0.407813 0.503125 0.42109399999999997 0.510938 0.441406 0.5125
0 0.685156 0.724219 0.68125 0.726562 0.675 0.74375 0.675 0.750781 0.678906 0.75625 0.700781 0.772656 0.705469 0.770312 0.70625 0.75 0.701562 0.7375 0.697656 0.732031 0.685937 0.724219 0.686719 0.720313 0.689063 0.719531 0.708594 0.729688 0.726562 0.746875 0.764062 0.778125 0.773438 0.782031 0.779687 0.778906 0.779687 0.771875 0.773438 0.758594 0.758594 0.736719 0.74375 0.724219 0.732031 0.716406 0.713281 0.707812 0.703125 0.707812 0.690625 0.7125 0.686719 0.715625 0.686719 0.71875 0.684375 0.720313 0.685156 0.724219
0 0.330469 0.747656 0.33593799999999996 0.746094 0.336719 0.735156 0.334375 0.728906 0.32890600000000003 0.720313 0.31875 0.710156 0.30781200000000003 0.703906 0.29765600000000003 0.700781 0.290625 0.700781 0.285156 0.705469 0.284375 0.709375 0.325 0.744531 0.330469 0.747656
0 0.522656 0.85625 0.539844 0.875 0.554688 0.8976559999999999 0.571094 0.917969 0.5875 0.9320309999999999 0.604688 0.940625 0.60625 0.939063 0.60625 0.9320309999999999 0.600781 0.923438 0.5875 0.8882809999999999 0.578906 0.871875 0.555469 0.839844 0.540625 0.8257809999999999 0.532031 0.820312 0.525781 0.8179690000000001 0.513281 0.8179690000000001 0.508594 0.824219 0.508594 0.834375 0.522656 0.85625
0 0.427344 0.725781 0.435156 0.703906 0.43671899999999997 0.688281 0.434375 0.678906 0.435937 0.642969 0.440625 0.639062 0.441406 0.633594 0.439063 0.621875 0.42656299999999997 0.59375 0.419531 0.582812 0.41406200000000004 0.579688 0.407813 0.58125 0.40625 0.585938 0.40625 0.60625 0.419531 0.660156 0.423438 0.671875 0.425781 0.674219 0.41718700000000003 0.689063 0.407813 0.720313 0.403906 0.75625 0.407813 0.757812 0.4125 0.752344 0.42265600000000003 0.73125 0.427344 0.725781
0 0.361719 0.36015600000000003 0.36875 0.392188 0.373437 0.39843799999999996 0.377344 0.396875 0.380469 0.392188 0.384375 0.37968799999999997 0.380469 0.349219 0.371094 0.325781 0.353906 0.30625 0.349219 0.30468799999999996 0.346094 0.310156 0.346875 0.321094 0.361719 0.36015600000000003
0 0.763281 0.710156 0.760938 0.724219 0.761719 0.740625 0.771094 0.757812 0.775 0.754687 0.775781 0.747656 0.779687 0.740625 0.778125 0.721094 0.780469 0.714063 0.78125 0.7 0.779687 0.697656 0.771094 0.697656 0.767969 0.700781 0.763281 0.710156
0 0.057813 0.764844 0.076563 0.757812 0.085156 0.757031 0.08984400000000001 0.750781 0.0875 0.748437 0.080469 0.747656 0.064062 0.739844 0.061719 0.742969 0.050781 0.748437 0.046094 0.754687 0.044531 0.760156 0.046094 0.7625 0.052344 0.764844 0.057813 0.764844
0 0.1125 0.857812 0.145313 0.8757809999999999 0.186719 0.894531 0.2125 0.8929690000000001 0.224219 0.8960940000000001 0.28593799999999997 0.8992190000000001 0.3 0.896875 0.299219 0.892188 0.289844 0.886719 0.267969 0.879687 0.252344 0.8773440000000001 0.228125 0.8773440000000001 0.220312 0.8804690000000001 0.21640600000000002 0.885938 0.210938 0.886719 0.20703100000000002 0.884375 0.20703100000000002 0.8804690000000001 0.201563 0.8804690000000001 0.188281 0.867188 0.126562 0.835938 0.10234399999999999 0.8304690000000001 0.090625 0.8304690000000001 0.0875 0.832031 0.0875 0.835938 0.091406 0.8414059999999999 0.1125 0.857812
0 0.21406200000000003 0.9664059999999999 0.220312 0.9601559999999999 0.252344 0.9382809999999999 0.264062 0.928125 0.275781 0.928125 0.275781 0.923438 0.271875 0.921875 0.269531 0.917969 0.274219 0.8992190000000001 0.271875 0.8976559999999999 0.26875 0.898438 0.263281 0.907813 0.261719 0.9164059999999999 0.259375 0.9195309999999999 0.241406 0.921875 0.21875 0.941406 0.2 0.9625 0.192188 0.975 0.197656 0.9757809999999999 0.20078100000000002 0.972656 0.21406200000000003 0.9664059999999999
0 0.439063 0.784375 0.45 0.7875 0.471094 0.8023440000000001 0.482031 0.8054690000000001 0.48906299999999997 0.8101559999999999 0.50625 0.8101559999999999 0.510938 0.803125 0.510156 0.798438 0.507031 0.803125 0.502344 0.8023440000000001 0.498437 0.795312 0.48906299999999997 0.7875 0.467187 0.777344 0.458594 0.776563 0.430469 0.764844 0.42265600000000003 0.766406 0.423438 0.76875 0.434375 0.775781 0.439063 0.784375
0 0.340625 0.517969 0.340625 0.507031 0.33593799999999996 0.501563 0.335156 0.497656 0.33906200000000003 0.48906299999999997 0.346094 0.480469 0.34843799999999997 0.471094 0.346875 0.463281 0.35 0.454688 0.35156200000000004 0.415625 0.350781 0.360938 0.349219 0.34296899999999997 0.346094 0.3375 0.340625 0.34296899999999997 0.335156 0.357031 0.329688 0.386719 0.328125 0.453125 0.334375 0.467187 0.333594 0.472656 0.32343700000000003 0.498437 0.314844 0.511719 0.30625 0.5625 0.305469 0.576562 0.307031 0.590625 0.310156 0.598437 0.31328100000000003 0.600781 0.316406 0.6 0.33125 0.5625 0.340625 0.517969
0 0.642188 0.7875 0.657031 0.808594 0.660156 0.817187 0.670312 0.832812 0.676562 0.847656 0.68125 0.8679690000000001 0.685937 0.8679690000000001 0.689844 0.85625 0.689063 0.8257809999999999 0.678906 0.8039059999999999 0.674219 0.798438 0.667188 0.795312 0.663281 0.790625 0.665625 0.783594 0.673438 0.779687 0.672656 0.775 0.661719 0.775781 0.654687 0.779687 0.646875 0.78125 0.642188 0.7875
0 0.6875 0.695312 0.690625 0.696875 0.697656 0.69375 0.707812 0.678125 0.719531 0.673438 0.713281 0.66875 0.707031 0.66875 0.702344 0.672656 0.697656 0.672656 0.690625 0.654687 0.678125 0.638281 0.654687 0.61875 0.65 0.617969 0.651563 0.627344 0.675 0.664062 0.6875 0.695312
0 0.464844 0.192188 0.490625 0.190625 0.510156 0.184375 0.517969 0.18515600000000002 0.521094 0.182031 0.519531 0.177344 0.514844 0.171875 0.502344 0.166406 0.49531200000000003 0.166406 0.465625 0.173437 0.45625 0.177344 0.453125 0.18125 0.455469 0.1875 0.458594 0.190625 0.464844 0.192188
0 0.46875 0.246875 0.474219 0.248438 0.5 0.26484399999999997 0.519531 0.274219 0.527344 0.279687 0.528125 0.283594 0.5375 0.283594 0.532813 0.267188 0.527344 0.25625 0.521094 0.24765600000000002 0.505469 0.235937 0.48906299999999997 0.23046899999999998 0.47656200000000004 0.22968700000000003 0.465625 0.23203100000000002 0.454688 0.239844 0.453125 0.244531 0.454688 0.248438 0.46875 0.246875
1 0.228906 0.323828 0.205078 0.349219 0.20039099999999999 0.378125 0.171094 0.380078 0.170703 0.389062 0.190625 0.389453 0.198437 0.391016 0.19921899999999998 0.397266 0.21406200000000003 0.397266 0.214453 0.386719 0.223828 0.369531 0.251953 0.342187 0.264453 0.319531 0.272266 0.31875 0.271875 0.308203 0.244531 0.308203 0.244141 0.315625 0.228906 0.323828
2 0.177344 0.672266 0.175 0.664453 0.145703 0.664844 0.145703 0.685937 0.151562 0.6863279999999999 0.163281 0.700391 0.178125 0.7019529999999999 0.210156 0.7175779999999999 0.22343799999999997 0.719141 0.227344 0.728516 0.23125 0.728516 0.23164099999999999 0.722656 0.24101599999999998 0.717187 0.237891 0.707031 0.225 0.694141 0.201563 0.680078 0.177344 0.672266
0 0.772656 0.861328 0.7691410000000001 0.857812 0.7707029999999999 0.8382809999999999 0.767578 0.8304690000000001 0.75 0.8113279999999999 0.735156 0.8035159999999999 0.732812 0.7957029999999999 0.7082029999999999 0.796094 0.7082029999999999 0.810937 0.716016 0.8132809999999999 0.736328 0.842187 0.751953 0.8585940000000001 0.7394529999999999 0.871875 0.744141 0.8757809999999999 0.7488279999999999 0.895312 0.778516 0.9476559999999999 0.782031 0.9597659999999999 0.792578 0.959375 0.792578 0.9539059999999999 0.798828 0.946875 0.800391 0.9320309999999999 0.794141 0.9085940000000001 0.776953 0.884375 0.775391 0.8773440000000001 0.777344 0.8738279999999999 0.784375 0.8738279999999999 0.808594 0.886328 0.816016 0.885938 0.816016 0.878906 0.8101559999999999 0.878516 0.792188 0.861328 0.772656 0.861328
1 0.6394529999999999 0.016406 0.633203 0.0078119999999999995 0.632812 0.0019529999999999999 0.601953 0.0023439999999999997 0.601953 0.010936999999999999 0.609375 0.011328000000000001 0.6238279999999999 0.028905999999999998 0.619531 0.059766 0.629687 0.059766 0.6300779999999999 0.052344 0.636719 0.045703 0.654687 0.039453 0.664844 0.031641 0.672266 0.03125 0.671875 0.023828 0.6625 0.022266 0.639844 0.028516000000000003 0.6394529999999999 0.016406
0 0.2375 0.552344 0.241406 0.540625 0.244531 0.536719 0.248438 0.539844 0.249219 0.55 0.25625 0.560937 0.255469 0.564844 0.258594 0.56875 0.260156 0.56875 0.267969 0.548438 0.267969 0.538281 0.259375 0.517188 0.267188 0.49921899999999997 0.26640600000000003 0.48359399999999997 0.271094 0.45234399999999997 0.27031299999999997 0.433594 0.267969 0.428125 0.259375 0.432031 0.25 0.44375 0.24531200000000003 0.465625 0.24765600000000002 0.497656 0.24531200000000003 0.500781 0.235156 0.50625 0.228125 0.514844 0.217969 0.541406 0.217969 0.561719 0.220312 0.56875 0.22265600000000002 0.569531 0.228125 0.567969 0.23203100000000002 0.557813 0.2375 0.552344
0 0.28046899999999997 0.771094 0.305469 0.792188 0.31875 0.800781 0.329688 0.8023440000000001 0.332031 0.800781 0.33125 0.794531 0.31718799999999997 0.774219 0.275 0.732031 0.26093700000000003 0.722656 0.253906 0.722656 0.249219 0.725 0.246875 0.733594 0.249219 0.739062 0.28046899999999997 0.771094
0 0.366406 0.895312 0.396875 0.8773440000000001 0.40703100000000003 0.865625 0.407813 0.860938 0.404687 0.8585940000000001 0.39375 0.8585940000000001 0.371875 0.8625 0.322656 0.882812 0.298438 0.8976559999999999 0.28593799999999997 0.903125 0.277344 0.914062 0.275781 0.9242190000000001 0.283594 0.928125 0.29765600000000003 0.926562 0.366406 0.895312
0 0.166406 1 0.172656 0.972656 0.172656 0.959375 0.16796899999999998 0.925 0.15859399999999998 0.907813 0.15234399999999998 0.902344 0.150781 0.895312 0.147656 0.892188 0.139063 0.8726559999999999 0.115625 0.859375 0.11171899999999998 0.859375 0.108594 0.8625 0.103125 0.878125 0.098437 0.8992190000000001 0.099219 0.921875 0.10625 0.9460940000000001 0.11484399999999999 0.9632809999999999 0.121094 0.960938 0.12734399999999998 0.945312 0.129688 0.95 0.129688 0.954688 0.135937 0.9632809999999999 0.139844 0.975 0.15 0.9929690000000001 0.15625 1 0.166406 1
0 0.117188 0.767969 0.124219 0.8 0.132031 0.8101559999999999 0.133594 0.83125 0.135937 0.834375 0.139063 0.8351559999999999 0.141406 0.7875 0.13828100000000002 0.742188 0.12890600000000002 0.704688 0.125781 0.7 0.121875 0.7 0.11796899999999999 0.707031 0.11484399999999999 0.723437 0.117188 0.767969
0 0.083594 0.840625 0.085938 0.839063 0.084375 0.8304690000000001 0.088281 0.828125 0.12265600000000002 0.8335940000000001 0.125 0.832031 0.125781 0.829688 0.104688 0.8054690000000001 0.080469 0.789062 0.057031 0.777344 0.046875 0.778125 0.039844000000000004 0.782813 0.038280999999999996 0.785937 0.039062 0.79375 0.083594 0.840625
0 0.713281 0.676562 0.760156 0.677344 0.7625 0.679688 0.764844 0.690625 0.771875 0.691406 0.778906 0.689063 0.784375 0.678906 0.789062 0.651563 0.789062 0.61875 0.785937 0.611719 0.782031 0.609375 0.776563 0.613281 0.7625 0.641406 0.757812 0.645312 0.733594 0.646094 0.710156 0.649219 0.691406 0.653906 0.691406 0.659375 0.696875 0.676562 0.699219 0.678125 0.709375 0.678125 0.713281 0.676562
0 1 0.4625 0.9851559999999999 0.447656 0.976562 0.44843700000000003 0.9476559999999999 0.45625 0.9210940000000001 0.46796899999999997 0.898438 0.48125 0.8804690000000001 0.497656 0.8742190000000001 0.505469 0.873437 0.510156 0.8773440000000001 0.5125 0.9007809999999999 0.501563 0.954688 0.485938 1 0.467187 1 0.4625
0 0 0.557813 0.0078119999999999995 0.553906 0.020313 0.540625 0.032812999999999995 0.53125 0.035937000000000004 0.526563 0.035937000000000004 0.521094 0.033594 0.516406 0.035156 0.514062 0.034375 0.507812 0.0375 0.503125 0.038280999999999996 0.4875 0.033594 0.478125 0.030469000000000003 0.48515600000000003 0.032812999999999995 0.517188 0.017188000000000002 0.520312 0 0.526563 0 0.557813
0 0.16406199999999999 0.36406299999999997 0.175 0.36406299999999997 0.177344 0.3625 0.1875 0.342187 0.228906 0.307031 0.228906 0.302344 0.215625 0.30156299999999997 0.208594 0.303125 0.18515600000000002 0.31718799999999997 0.167187 0.333594 0.161719 0.349219 0.15625 0.357031 0.15390600000000002 0.35859399999999997 0.135156 0.359375 0.11875 0.366406 0.110156 0.372656 0.10234399999999999 0.38125 0.096094 0.392188 0.095312 0.397656 0.13281199999999999 0.382031 0.154688 0.367969 0.16406199999999999 0.36406299999999997
0 0 0.639062 0.0023439999999999997 0.639844 0.008594000000000001 0.65 0.021093999999999998 0.6625 0.025781 0.663281 0.026562000000000002 0.653125 0.020313 0.628906 0.0039059999999999997 0.60625 0 0.604688 0 0.639062
0 0.21875 0 0.21640600000000002 0.011719 0.22265600000000002 0.021875 0.215625 0.025 0.2125 0.028905999999999998 0.20546899999999998 0.046094 0.204687 0.064844 0.20625 0.075 0.209375 0.084375 0.219531 0.095312 0.232813 0.09375 0.23671899999999998 0.08984400000000001 0.23671899999999998 0.064844 0.242188 0.053125 0.242969 0.046094 0.241406 0.021093999999999998 0.23671899999999998 0.009375 0.22968700000000003 0 0.21875 0
0 0.738281 0.19531199999999999 0.741406 0.177344 0.733594 0.16796899999999998 0.722656 0.159375 0.717187 0.157031 0.710938 0.157812 0.696875 0.16875 0.696875 0.17421899999999998 0.735938 0.196875 0.738281 0.19531199999999999
0 0.63125 0.072656 0.635156 0.084375 0.65 0.14843800000000001 0.658594 0.16015600000000002 0.661719 0.154688 0.660937 0.095312 0.658594 0.084375 0.653906 0.071875 0.644531 0.060156 0.639062 0.057813 0.628125 0.060156 0.626563 0.064844 0.63125 0.072656
0 0.408594 0.10390600000000001 0.413281 0.10390600000000001 0.413281 0.098437 0.416406 0.095312 0.42265600000000003 0.10078100000000001 0.439063 0.108594 0.470313 0.13125 0.475 0.13281199999999999 0.478906 0.13125 0.478125 0.125781 0.471094 0.110156 0.458594 0.094531 0.446875 0.0875 0.4375 0.084375 0.423438 0.083594 0.419531 0.085938 0.415625 0.085938 0.41406200000000004 0.084375 0.399219 0.045312000000000005 0.38984399999999997 0.03125 0.385156 0.028905999999999998 0.36875 0.030469000000000003 0.366406 0.032812999999999995 0.365625 0.039062 0.369531 0.049219 0.408594 0.10390600000000001
0 0.37421899999999997 0.2375 0.40625 0.255469 0.414844 0.264062 0.430469 0.275 0.433594 0.274219 0.433594 0.259375 0.42968799999999996 0.248438 0.40625 0.22265600000000002 0.388281 0.211719 0.37421899999999997 0.20703100000000002 0.36015600000000003 0.20703100000000002 0.347656 0.211719 0.346875 0.217188 0.353125 0.22343799999999997 0.37421899999999997 0.2375
0 0.155469 0.545312 0.155469 0.539062 0.146875 0.535156 0.13828100000000002 0.534375 0.124219 0.546875 0.121875 0.550781 0.123438 0.560156 0.12265600000000002 0.572656 0.12734399999999998 0.573438 0.139844 0.563281 0.155469 0.545312
0 0 0.478906 0.028905999999999998 0.475781 0.041406 0.46406200000000003 0.058594 0.460156 0.060156 0.45390600000000003 0.053125 0.444531 0.046094 0.440625 0.028125 0.440625 0.01875 0.442969 0 0.454688 0 0.478906
0 0 0.449219 0.0023439999999999997 0.449219 0.030469000000000003 0.420312 0.032031 0.414844 0.030469000000000003 0.4125 0.015625 0.4125 0 0.416406 0 0.449219
0 0 0.7625 0.005469 0.767188 0.021093999999999998 0.771875 0.013281000000000001 0.775 0.014063 0.776563 0.017188000000000002 0.776563 0.020313 0.780469 0.01875 0.782031 0.0125 0.782031 0.010156 0.785156 0.008594000000000001 0.784375 0.009375 0.778906 0.00625 0.775781 0.003125 0.776563 0.005469 0.786719 0.009375 0.789062 0.017969 0.788281 0.020313 0.783594 0.028125 0.775781 0.032812999999999995 0.780469 0.045312000000000005 0.777344 0.047656 0.773438 0.047656 0.763281 0.045312000000000005 0.758594 0.050781 0.751563 0.050781 0.746875 0.045312000000000005 0.728906 0.039844000000000004 0.728125 0.03125 0.733594 0.028905999999999998 0.746094 0.019531 0.738281 0.00625 0.730469 0 0.728906 0 0.7625
0 0.310937 0.341406 0.322656 0.324219 0.345313 0.296875 0.346094 0.290625 0.338281 0.29218700000000003 0.324219 0.302344 0.308594 0.321875 0.302344 0.338281 0.300781 0.353906 0.30625 0.36718799999999996 0.310156 0.371875 0.31328100000000003 0.369531 0.309375 0.353906 0.310937 0.341406
1 0.145703 0.658594 0.147656 0.6550779999999999 0.153516 0.654687 0.153516 0.642969 0.147266 0.642188 0.14414100000000002 0.607031 0.141016 0.594531 0.137891 0.592187 0.137891 0.583594 0.108594 0.5832029999999999 0.10820300000000001 0.63125 0.11601600000000001 0.632031 0.117578 0.640625 0.130078 0.658594 0.130078 0.664062 0.12382800000000001 0.674219 0.12382800000000001 0.689063 0.131641 0.716406 0.131641 0.728125 0.140625 0.731641 0.147266 0.710156 0.153516 0.709375 0.153516 0.678906 0.147656 0.678516 0.145703 0.675 0.145703 0.658594
0 1 0.155469 0.9976559999999999 0.155469 0.9820309999999999 0.182812 0.971875 0.192188 0.9585940000000001 0.19921899999999998 0.9507809999999999 0.20546899999999998 0.93125 0.225 0.93125 0.232813 0.9351559999999999 0.235156 0.94375 0.232813 0.9476559999999999 0.233594 0.9507809999999999 0.23125 0.953125 0.232813 0.9539059999999999 0.24765600000000002 0.9507809999999999 0.251563 0.949219 0.2625 0.9445309999999999 0.267188 0.9460940000000001 0.27656200000000003 0.948438 0.27656200000000003 0.964063 0.261719 0.975 0.24765600000000002 0.978125 0.232813 0.982812 0.225 1 0.210156 1 0.155469
0 0.9617190000000001 0.728906 0.9710940000000001 0.71875 0.9710940000000001 0.7125 0.964063 0.709375 0.953125 0.711719 0.9429690000000001 0.717187 0.923438 0.732031 0.910937 0.734375 0.892188 0.742969 0.879687 0.74375 0.8804690000000001 0.747656 0.871875 0.752344 0.9039059999999999 0.753125 0.925 0.747656 0.9617190000000001 0.728906
0 0.758594 0.204687 0.764062 0.186719 0.771094 0.151562 0.771094 0.12734399999999998 0.767969 0.123438 0.755469 0.121875 0.75 0.128125 0.738281 0.196875 0.738281 0.226562 0.739844 0.22968700000000003 0.74375 0.228906 0.748437 0.22343799999999997 0.758594 0.204687
1 0.37031200000000003 0.728516 0.358203 0.727344 0.358203 0.746875 0.378125 0.747266 0.383203 0.730469 0.397656 0.7175779999999999 0.410156 0.709766 0.41601600000000005 0.709375 0.415625 0.7019529999999999 0.38984399999999997 0.7019529999999999 0.389453 0.709375 0.37031200000000003 0.728516
2 0.25468799999999997 0.034766000000000005 0.255078 0.027344 0.258594 0.025391000000000004 0.291016 0.023438 0.290625 0.008203 0.245703 0.008594000000000001 0.24609399999999998 0.034766000000000005 0.25468799999999997 0.034766000000000005
1 0.855469 0.653516 0.854688 0.6457029999999999 0.789453 0.646094 0.789844 0.662891 0.83125 0.662891 0.8679690000000001 0.681641 0.8847659999999999 0.682813 0.8847659999999999 0.674219 0.8773440000000001 0.673828 0.860938 0.6550779999999999 0.855469 0.653516
1 0.117188 0.281641 0.10703100000000002 0.280078 0.103125 0.270703 0.09257800000000001 0.271094 0.094141 0.284375 0.084766 0.296875 0.067578 0.31171899999999997 0.053515999999999994 0.342187 0.045703 0.34453100000000003 0.046094 0.39414099999999996 0.053125 0.39414099999999996 0.056641 0.390625 0.09570300000000001 0.333594 0.126953 0.30625 0.12851600000000002 0.289844 0.134766 0.28906200000000004 0.134375 0.270703 0.12265600000000002 0.270703 0.12226600000000001 0.278125 0.117188 0.281641
2 0.12890600000000002 0.441016 0.126562 0.43320299999999995 0.07695300000000001 0.433594 0.077344 0.44570299999999996 0.096875 0.44726600000000005 0.10820300000000001 0.45390600000000003 0.108594 0.459766 0.147266 0.459375 0.147266 0.449219 0.141406 0.44882799999999995 0.135937 0.44257799999999997 0.12890600000000002 0.441016
2 0.824219 0.955078 0.8070309999999999 0.9675779999999999 0.803125 0.9738279999999999 0.7957029999999999 0.9742190000000001 0.7957029999999999 0.99375 0.814063 0.9941409999999999 0.84375 0.9753909999999999 0.8644529999999999 0.954688 0.872266 0.940625 0.871875 0.933203 0.8523440000000001 0.933203 0.85 0.941016 0.824219 0.955078
1 0 0.7019529999999999 0.0035159999999999996 0.703906 0.0035159999999999996 0.709375 0.021093999999999998 0.725391 0.027344 0.728516 0.041016000000000004 0.726562 0.041016000000000004 0.717969 0.033202999999999996 0.715625 0.025391000000000004 0.704688 0.017578 0.685156 0.005078 0.671875 0.005078 0.664844 0 0.664453 0 0.7019529999999999
1 0.15234399999999998 0.039453 0.151953 0.045312000000000005 0.133594 0.067578 0.12226600000000001 0.046094 0.11484399999999999 0.045703 0.114453 0.073438 0.12226600000000001 0.07421900000000001 0.134766 0.091406 0.135156 0.09726599999999999 0.146875 0.09726599999999999 0.14882800000000002 0.078906 0.172656 0.055078 0.178516 0.054688 0.178516 0.047656 0.172266 0.046875 0.171875 0.039453 0.15234399999999998 0.039453
0 0.06445300000000001 0.948438 0.055078 0.9054690000000001 0.044141 0.896875 0.044141 0.8539059999999999 0.030078 0.8289059999999999 0.011328000000000001 0.810937 0.011328000000000001 0.8023440000000001 0 0.8019529999999999 0.06445300000000001 0.9992190000000001 0.064844 0.9941409999999999 0.072266 0.99375 0.072266 0.9507809999999999 0.06445300000000001 0.948438
1 0.648438 0.972266 0.622656 0.970703 0.614062 0.9738279999999999 0.544531 0.9738279999999999 0.527344 0.980078 0.523438 0.964453 0.508203 0.964844 0.508203 0.9992190000000001 0.6394529999999999 0.9992190000000001 0.641406 0.995703 0.6625 0.986328 0.664453 0.9773440000000001 0.648438 0.972266
0 0.792578 0 0.783203 0.025 0.776953 0.025781 0.777344 0.094141 0.790625 0.094141 0.799219 0.087891 0.8226559999999999 0.08007800000000001 0.832812 0.08007800000000001 0.8441409999999999 0.073438 0.84375 0.067578 0.8148440000000001 0.067578 0.8019529999999999 0.071875 0.8113279999999999 0.021875 0.808203 0 0.792578 0
1 0.796875 0.642578 0.8023440000000001 0.6300779999999999 0.816016 0.628125 0.815625 0.620703 0.789844 0.620703 0.789453 0.642188 0.796875 0.642578
1 0.914062 0.0019529999999999999 0.8898440000000001 0.0019529999999999999 0.8875 0.009766 0.8742190000000001 0.011328000000000001 0.855469 0.019141 0.846875 0.031641 0.8382809999999999 0.030078 0.821875 0.019141 0.8125 0.017578 0.8019529999999999 0.017969 0.8019529999999999 0.03125 0.829688 0.041016000000000004 0.8304690000000001 0.047266 0.859375 0.047266 0.8597659999999999 0.041406 0.8695309999999999 0.036328 0.920312 0.028516000000000003 0.923828 0.026562000000000002 0.930078 0.0125 0.929688 0.0019529999999999999 0.9164059999999999 0.0019529999999999999 0.915625 0.008203 0.914062 0.0019529999999999999
0 0.540625 0.196875 0.557813 0.18515600000000002 0.584375 0.173437 0.598437 0.16406199999999999 0.627344 0.139063 0.626563 0.134375 0.61875 0.13281199999999999 0.608594 0.12734399999999998 0.6 0.12734399999999998 0.575 0.14843800000000001 0.561719 0.155469 0.548438 0.165625 0.541406 0.172656 0.536719 0.180469 0.53125 0.18125 0.528906 0.184375 0.525 0.184375 0.523438 0.18984399999999998 0.529687 0.19531199999999999 0.532813 0.21484399999999998 0.535156 0.213281 0.5375 0.201563 0.540625 0.196875
0 0.829688 0.202344 0.8289059999999999 0.185938 0.81875 0.178125 0.8539059999999999 0.095312 0.853125 0.0875 0.8414059999999999 0.08203099999999999 0.8335940000000001 0.083594 0.8289059999999999 0.088281 0.820312 0.103125 0.808594 0.130469 0.794531 0.176563 0.796094 0.19140600000000002 0.799219 0.192188 0.803125 0.189062 0.8070309999999999 0.18984399999999998 0.808594 0.232813 0.8117190000000001 0.25 0.814063 0.253906 0.816406 0.252344 0.821875 0.239844 0.829688 0.202344