0 0.732031 0.057813 0.717969 0.067187 0.705469 0.08203099999999999 0.696875 0.096875 0.690625 0.11875 0.692969 0.13828100000000002 0.696875 0.145313 0.710938 0.13671899999999998 0.720313 0.121094 0.728125 0.103125 0.744531 0.075781 0.753125 0.064844 0.7515620000000001 0.060937 0.741406 0.057031 0.732031 0.057813
0 0.753125 0.147656 0.744531 0.147656 0.734375 0.150781 0.722656 0.157031 0.716406 0.16406199999999999 0.716406 0.171094 0.720313 0.172656 0.728125 0.171875 0.746875 0.165625 0.761719 0.164844 0.7640629999999999 0.161719 0.758594 0.15 0.753125 0.147656
0 0.663281 0.750781 0.646875 0.733594 0.642969 0.73125 0.63125 0.730469 0.619531 0.735156 0.614844 0.723437 0.605469 0.711719 0.584375 0.695312 0.578125 0.694531 0.576562 0.722656 0.589844 0.736719 0.610938 0.750781 0.614063 0.750781 0.616406 0.748437 0.61875 0.740625 0.65625 0.774219 0.670312 0.779687 0.670312 0.769531 0.663281 0.750781
0 0.678906 0.683594 0.665625 0.678125 0.657813 0.671875 0.645313 0.665625 0.633594 0.65 0.626563 0.646094 0.621875 0.646094 0.615625 0.653125 0.616406 0.660937 0.622656 0.666406 0.632812 0.670312 0.635937 0.673438 0.639844 0.682031 0.6375 0.689844 0.665625 0.7 0.674219 0.7 0.678906 0.696094 0.680469 0.692969 0.678906 0.683594
0 0.703125 0.697656 0.6875 0.704688 0.675 0.720313 0.672656 0.726562 0.671875 0.740625 0.678906 0.740625 0.692188 0.729688 0.715625 0.704688 0.715625 0.700781 0.710938 0.697656 0.703125 0.697656
0 0 0.826562 0.004687 0.826562 0.011719 0.823438 0.026562999999999996 0.823438 0.04375 0.8273440000000001 0.067969 0.8289059999999999 0.075 0.835938 0.085156 0.832812 0.09765599999999999 0.8335940000000001 0.125 0.83125 0.140625 0.825 0.16015600000000002 0.8125 0.19375 0.778906 0.197656 0.770312 0.192187 0.764844 0.14296899999999998 0.759375 0.103125 0.760156 0.085156 0.763281 0.071875 0.771094 0.067187 0.776563 0.057813 0.792188 0.058594 0.800781 0.057031 0.803125 0.053905999999999996 0.799219 0.055469000000000004 0.790625 0.047656 0.789062 0.028905999999999998 0.792969 0.025 0.798438 0.025 0.804688 0.026562999999999996 0.8070309999999999 0.022656000000000003 0.8125 0 0.8125 0 0.826562
0 1 0.723437 0.99375 0.723437 0.98125 0.729688 0.970313 0.740625 0.967187 0.734375 0.9632809999999999 0.732031 0.9632809999999999 0.728125 0.9585940000000001 0.727344 0.954688 0.732031 0.9539059999999999 0.736719 0.9476559999999999 0.747656 0.94375 0.75 0.93125 0.75 0.9304690000000001 0.752344 0.9375 0.75625 0.9359379999999999 0.764062 0.93125 0.770312 0.90625 0.776563 0.884375 0.785156 0.879687 0.789844 0.8734379999999999 0.8039059999999999 0.870312 0.80625 0.86875 0.814063 0.863281 0.814063 0.8617190000000001 0.8125 0.8601559999999999 0.8023440000000001 0.8570309999999999 0.798438 0.8382809999999999 0.809375 0.8367190000000001 0.8148440000000001 0.84375 0.81875 0.85625 0.820312 0.864063 0.81875 0.865625 0.8148440000000001 0.86875 0.8148440000000001 0.8695309999999999 0.8195309999999999 0.8726559999999999 0.823438 0.886719 0.824219 0.90625 0.820312 0.925 0.8125 0.926562 0.814063 0.925781 0.8226559999999999 0.9289059999999999 0.826562 0.933594 0.826562 0.94375 0.8179690000000001 0.9523440000000001 0.80625 0.9625 0.780469 0.967187 0.780469 0.9664059999999999 0.770312 0.970313 0.767969 0.9742190000000001 0.770312 0.982812 0.769531 1 0.760156 1 0.723437
0 0.738281 1 0.753125 0.982812 0.771875 0.9554690000000001 0.789062 0.957812 0.8125 0.957812 0.8265629999999999 0.9554690000000001 0.848438 0.949219 0.875 0.9375 0.879687 0.93125 0.8734379999999999 0.925781 0.8539059999999999 0.91875 0.8460940000000001 0.917188 0.825 0.917188 0.790625 0.9226559999999999 0.784375 0.9351559999999999 0.785156 0.939063 0.783594 0.940625 0.7671870000000001 0.9367190000000001 0.7640629999999999 0.933594 0.7515620000000001 0.934375 0.747656 0.932813 0.740625 0.942187 0.714844 0.9679690000000001 0.700781 0.992188 0.699219 1 0.738281 1
0 0.678906 1 0.678906 0.99375 0.674219 0.9875 0.65 0.964844 0.663281 0.94375 0.665625 0.935937 0.663281 0.9320309999999999 0.658594 0.9320309999999999 0.635156 0.939063 0.597656 0.9617190000000001 0.583594 0.9742190000000001 0.573437 0.9867190000000001 0.570312 1 0.607812 1 0.611719 0.99375 0.621875 0.988281 0.625 0.989062 0.632812 1 0.678906 1
0 0.542969 1 0.547656 0.9867190000000001 0.55 0.973437 0.550781 0.957812 0.547656 0.9367190000000001 0.5375 0.9054690000000001 0.517188 0.8648440000000001 0.508594 0.855469 0.496875 0.8507809999999999 0.492969 0.846875 0.490625 0.8210940000000001 0.48359399999999997 0.816406 0.480469 0.80625 0.454688 0.760938 0.442969 0.749219 0.430469 0.742188 0.40703100000000003 0.732812 0.399219 0.733594 0.394531 0.738281 0.394531 0.748437 0.399219 0.766406 0.417188 0.795312 0.425781 0.8039059999999999 0.442969 0.8289059999999999 0.448438 0.832031 0.43671899999999997 0.8507809999999999 0.426562 0.875 0.420312 0.9085940000000001 0.42265600000000003 0.910156 0.428906 0.909375 0.439063 0.9039059999999999 0.458594 0.8898440000000001 0.471094 0.876563 0.475 0.886719 0.478125 0.909375 0.486719 0.935937 0.500781 0.965625 0.501563 0.970313 0.507031 0.976562 0.51875 1 0.542969 1
0 0.9382809999999999 0.314063 0.9289059999999999 0.299219 0.9210940000000001 0.290625 0.9070309999999999 0.28125 0.9 0.279687 0.89375 0.275781 0.8882809999999999 0.278125 0.871875 0.271875 0.8679690000000001 0.267969 0.8679690000000001 0.261719 0.8648440000000001 0.258594 0.8648440000000001 0.25625 0.8585940000000001 0.251563 0.8625 0.24765600000000002 0.8578129999999999 0.24375 0.85625 0.23906299999999997 0.853125 0.2375 0.8539059999999999 0.23203100000000002 0.851562 0.21640600000000002 0.8421879999999999 0.201563 0.8257809999999999 0.1875 0.817188 0.18359399999999998 0.804688 0.16953100000000002 0.796094 0.164844 0.789844 0.16406199999999999 0.785156 0.165625 0.782031 0.16953100000000002 0.782031 0.17578100000000002 0.792969 0.190625 0.796875 0.20546899999999998 0.8132809999999999 0.22109399999999998 0.821875 0.233594 0.8414059999999999 0.253125 0.8445309999999999 0.260156 0.8414059999999999 0.2625 0.84375 0.267969 0.871875 0.29218700000000003 0.8765620000000001 0.30156299999999997 0.8820309999999999 0.307031 0.894531 0.315625 0.9078120000000001 0.319531 0.91875 0.325 0.9320309999999999 0.336719 0.9398440000000001 0.340625 0.9445309999999999 0.340625 0.9460940000000001 0.3375 0.9382809999999999 0.314063
0 0.692969 0.565625 0.689844 0.5375 0.682812 0.508594 0.671875 0.49375 0.671875 0.485938 0.667969 0.480469 0.66875 0.475 0.674219 0.466406 0.678125 0.453125 0.679688 0.434375 0.674219 0.408594 0.667969 0.39531299999999997 0.660156 0.369531 0.657031 0.36718799999999996 0.653125 0.369531 0.646094 0.392188 0.644531 0.444531 0.657031 0.478906 0.66875 0.494531 0.66875 0.497656 0.664844 0.502344 0.660938 0.503906 0.658594 0.508594 0.657813 0.526563 0.661719 0.548438 0.669531 0.56875 0.68125 0.589844 0.685937 0.592187 0.689844 0.585938 0.692969 0.565625
0 0.623437 0.369531 0.613281 0.380469 0.614063 0.394531 0.621094 0.411719 0.621094 0.420312 0.616406 0.424219 0.623437 0.434375 0.624219 0.42265600000000003 0.625781 0.42109399999999997 0.628125 0.42265600000000003 0.630469 0.435156 0.625781 0.439844 0.629688 0.441406 0.642969 0.439844 0.646094 0.386719 0.652344 0.366406 0.646875 0.357812 0.645313 0.336719 0.642969 0.333594 0.629688 0.35 0.623437 0.369531
0 0.653906 0.46875 0.646094 0.446875 0.634375 0.44375 0.625781 0.446875 0.619531 0.455469 0.617969 0.467187 0.619531 0.490625 0.629688 0.510156 0.639062 0.520312 0.65 0.539062 0.654687 0.539062 0.657031 0.504687 0.653906 0.46875
0 0.628906 0.21875 0.614844 0.221875 0.601562 0.228125 0.586719 0.240625 0.577344 0.253906 0.572656 0.275 0.576562 0.27656200000000003 0.584375 0.272656 0.600781 0.260156 0.639844 0.239844 0.650781 0.23125 0.653125 0.224219 0.646875 0.21875 0.628906 0.21875
0 0.23828100000000002 0.74375 0.23671899999999998 0.716406 0.23046899999999998 0.696875 0.225781 0.691406 0.225781 0.689063 0.23281200000000002 0.678906 0.233594 0.651563 0.225781 0.628125 0.215625 0.617188 0.210938 0.615625 0.208594 0.617188 0.20625 0.624219 0.20703100000000002 0.654687 0.21484399999999998 0.678906 0.22031299999999998 0.689063 0.211719 0.696875 0.210938 0.704688 0.21640600000000002 0.725781 0.22343700000000002 0.739844 0.228125 0.745313 0.23281200000000002 0.747656 0.23671899999999998 0.746875 0.23828100000000002 0.74375
0 0.09375 0.474219 0.075 0.460156 0.055469000000000004 0.45 0.036719 0.44531200000000004 0.01875 0.44531200000000004 0.013281000000000001 0.449219 0.004687 0.461719 0.008594000000000001 0.466406 0.042969 0.47656200000000004 0.07656199999999999 0.492969 0.101562 0.5 0.11093800000000001 0.504687 0.115625 0.504687 0.11484399999999999 0.498437 0.09375 0.474219
0 0 0.182812 0.007031 0.18984399999999998 0.019531 0.210938 0.034375 0.225781 0.0375 0.240625 0.064844 0.272656 0.080469 0.29765600000000003 0.0875 0.3125 0.10703100000000002 0.335156 0.12343699999999999 0.347656 0.126563 0.342187 0.126563 0.336719 0.121094 0.316406 0.11093800000000001 0.3 0.10781199999999999 0.290625 0.09531300000000001 0.275 0.089063 0.259375 0.083594 0.252344 0.070312 0.226562 0.06406300000000001 0.220312 0.049219 0.21484399999999998 0.047656 0.210938 0.044531 0.209375 0.042969 0.203125 0.049219 0.20078100000000002 0.040625 0.198437 0.039062 0.192969 0.03125 0.18359399999999998 0.015625 0.15390600000000002 0.0023439999999999997 0.139844 0 0.139844 0 0.182812
0 0.544531 0.652344 0.545312 0.657813 0.540625 0.660156 0.539062 0.664844 0.525 0.678906 0.511719 0.698438 0.5 0.725 0.49375 0.758594 0.4875 0.774219 0.48515600000000003 0.785937 0.486719 0.803125 0.49375 0.8148440000000001 0.48515600000000003 0.8148440000000001 0.477344 0.81875 0.46953100000000003 0.81875 0.459375 0.823438 0.457031 0.826562 0.45390600000000003 0.826562 0.447656 0.832031 0.44375 0.8414059999999999 0.439063 0.8460940000000001 0.43125 0.860938 0.425781 0.8773440000000001 0.421875 0.8960940000000001 0.42109399999999997 0.909375 0.42265600000000003 0.9117190000000001 0.430469 0.909375 0.449219 0.8976559999999999 0.475 0.8757809999999999 0.49375 0.85 0.492969 0.821875 0.494531 0.8148440000000001 0.498437 0.8117190000000001 0.503906 0.810937 0.517188 0.798438 0.521875 0.796875 0.532813 0.779687 0.535938 0.772656 0.536719 0.763281 0.542187 0.754687 0.542969 0.746094 0.546875 0.739062 0.548438 0.728906 0.551563 0.724219 0.552344 0.711719 0.55625 0.702344 0.55625 0.675781 0.553125 0.653125 0.547656 0.653906 0.544531 0.652344
0 0.8585940000000001 0.751563 0.8570309999999999 0.782031 0.859375 0.799219 0.8648440000000001 0.809375 0.8695309999999999 0.809375 0.875 0.803125 0.882812 0.785156 0.886719 0.765625 0.886719 0.744531 0.8804690000000001 0.717969 0.8773440000000001 0.713281 0.8726559999999999 0.715625 0.8585940000000001 0.751563
0 0.740625 0.717969 0.711719 0.742188 0.690625 0.766406 0.685156 0.775 0.683594 0.783594 0.685156 0.785156 0.691406 0.785156 0.7 0.782031 0.7125 0.775 0.729687 0.761719 0.74375 0.745313 0.750781 0.733594 0.753125 0.726562 0.752344 0.721094 0.745312 0.717187 0.740625 0.717969
0 0.260156 0.126562 0.25625 0.121875 0.252344 0.121094 0.242188 0.123438 0.23828100000000002 0.126562 0.23593799999999998 0.134375 0.23671899999999998 0.150781 0.241406 0.1625 0.267188 0.19140600000000002 0.271094 0.19375 0.275 0.19375 0.275 0.16953100000000002 0.260156 0.126562
0 0.23593799999999998 0.8726559999999999 0.226562 0.884375 0.217969 0.904687 0.215625 0.933594 0.21640600000000002 0.9375 0.224219 0.946875 0.228906 0.9460940000000001 0.242969 0.9195309999999999 0.25 0.892188 0.25625 0.878125 0.257031 0.8726559999999999 0.255469 0.86875 0.24765600000000002 0.8679690000000001 0.23593799999999998 0.8726559999999999
0 0.277344 0.647656 0.25 0.647656 0.234375 0.655469 0.23281200000000002 0.674219 0.23593799999999998 0.678125 0.275 0.677344 0.292969 0.682031 0.303125 0.682813 0.30468799999999996 0.68125 0.307813 0.660937 0.299219 0.654687 0.277344 0.647656
0 0.338281 0.786719 0.32734399999999997 0.796875 0.319531 0.8070309999999999 0.31328100000000003 0.8210940000000001 0.314063 0.8273440000000001 0.321875 0.834375 0.325 0.832812 0.329688 0.825 0.339063 0.8148440000000001 0.340625 0.8101559999999999 0.354688 0.796094 0.3625 0.791406 0.37578100000000003 0.788281 0.376563 0.782813 0.35625 0.78125 0.338281 0.786719
0 0.309375 0.658594 0.30468799999999996 0.674219 0.305469 0.6875 0.314063 0.711719 0.310937 0.713281 0.3 0.708594 0.290625 0.708594 0.28046899999999997 0.711719 0.265625 0.719531 0.255469 0.728906 0.24531299999999998 0.744531 0.240625 0.763281 0.240625 0.770312 0.242969 0.774219 0.251563 0.771875 0.261719 0.764844 0.300781 0.726562 0.315625 0.720313 0.317187 0.717187 0.314844 0.7125 0.316406 0.705469 0.316406 0.685156 0.322656 0.670312 0.321094 0.667969 0.322656 0.657813 0.32890600000000003 0.64375 0.32734399999999997 0.634375 0.321094 0.640625 0.309375 0.658594
0 0.272656 0.807813 0.25625 0.8132809999999999 0.24609399999999998 0.821875 0.240625 0.829688 0.23671899999999998 0.8414059999999999 0.23671899999999998 0.8570309999999999 0.21875 0.8585940000000001 0.21406299999999998 0.860938 0.21640600000000002 0.865625 0.228906 0.865625 0.23203100000000002 0.8679690000000001 0.23828100000000002 0.865625 0.24843700000000002 0.8679690000000001 0.25625 0.871875 0.260938 0.867188 0.263281 0.860938 0.252344 0.8601559999999999 0.24843700000000002 0.8570309999999999 0.249219 0.854688 0.25625 0.846875 0.258594 0.8375 0.269531 0.828125 0.275 0.8179690000000001 0.28203100000000003 0.8101559999999999 0.279687 0.807813 0.272656 0.807813
0 0.175 0.9742190000000001 0.14843800000000001 0.9664059999999999 0.140625 0.967187 0.140625 0.9710940000000001 0.147656 0.9773440000000001 0.17578100000000002 0.992188 0.18984399999999998 0.996875 0.197656 0.9976559999999999 0.20078100000000002 0.996875 0.20546899999999998 0.990625 0.20156200000000002 0.985938 0.175 0.9742190000000001
0 0.192187 0.64375 0.1875 0.639062 0.17968800000000001 0.636719 0.153125 0.636719 0.14375 0.638281 0.135156 0.642188 0.141406 0.646094 0.15 0.648438 0.160937 0.646875 0.18125 0.650781 0.19531199999999999 0.657813 0.202344 0.657813 0.20468799999999998 0.655469 0.203125 0.649219 0.192187 0.64375
0 0.20546899999999998 0.034375 0.20703100000000002 0.057031 0.203125 0.064062 0.203125 0.077344 0.19921899999999998 0.079687 0.18515600000000002 0.080469 0.190625 0.085938 0.217969 0.094531 0.22968799999999998 0.085156 0.227344 0.064062 0.23046899999999998 0.060156 0.225 0.054688 0.213281 0.023438 0.20781200000000002 0.025781 0.20546899999999998 0.034375
0 0.194531 0.023438 0.170312 0.025781 0.160937 0.028905999999999998 0.150781 0.041406 0.153125 0.04375 0.15859399999999998 0.04375 0.163281 0.046094 0.171875 0.046094 0.17421899999999998 0.042187999999999996 0.18984399999999998 0.035156 0.203906 0.034375 0.20703100000000002 0.030469000000000003 0.20703100000000002 0.025781 0.20546899999999998 0.024218999999999997 0.194531 0.023438
0 0.371875 0.014844 0.363281 0.032812999999999995 0.36875 0.052344 0.37421899999999997 0.059375 0.373437 0.0625 0.36875 0.064062 0.372656 0.06875 0.377344 0.06875 0.379687 0.060937 0.378906 0.052344 0.375 0.045312000000000005 0.373437 0.036719 0.376563 0.025781 0.384375 0.013281000000000001 0.385156 0.004687 0.380469 0.005469 0.371875 0.014844
0 0.732031 0.442969 0.728906 0.446875 0.728906 0.466406 0.732031 0.485938 0.73125 0.5 0.736719 0.513281 0.736719 0.521094 0.734375 0.528125 0.729687 0.532813 0.730469 0.536719 0.728906 0.539062 0.732031 0.553125 0.740625 0.546094 0.744531 0.535156 0.746094 0.525 0.742969 0.5125 0.747656 0.503125 0.750781 0.482812 0.750781 0.463281 0.748437 0.450781 0.745312 0.444531 0.736719 0.435937 0.732812 0.43828100000000003 0.732031 0.442969
0 0.784375 0.9367190000000001 0.7828120000000001 0.9320309999999999 0.765625 0.9242190000000001 0.750781 0.9242190000000001 0.7375 0.93125 0.732812 0.93125 0.725 0.917969 0.717187 0.910937 0.701562 0.901563 0.678125 0.8929690000000001 0.650781 0.886719 0.632031 0.884375 0.616406 0.8851559999999999 0.616406 0.8898440000000001 0.634375 0.907813 0.660938 0.921875 0.689063 0.9320309999999999 0.70625 0.9351559999999999 0.716406 0.939063 0.735938 0.935937 0.75625 0.935937 0.772656 0.9398440000000001 0.778125 0.9429690000000001 0.788281 0.942187 0.788281 0.939063 0.784375 0.9367190000000001
0 0.871094 0.8367190000000001 0.85625 0.839063 0.8445309999999999 0.8429690000000001 0.825 0.853125 0.815625 0.8601559999999999 0.800781 0.875 0.797656 0.8820309999999999 0.791406 0.8882809999999999 0.785938 0.886719 0.777344 0.8804690000000001 0.7671870000000001 0.879687 0.739063 0.8882809999999999 0.732812 0.892188 0.730469 0.896875 0.739844 0.8976559999999999 0.777344 0.894531 0.796094 0.895312 0.8226559999999999 0.890625 0.85 0.879687 0.878906 0.8601559999999999 0.890625 0.85 0.8921870000000001 0.839063 0.890625 0.8375 0.871094 0.8367190000000001
0 0.80625 0.669531 0.765625 0.695312 0.75625 0.708594 0.757031 0.7125 0.760937 0.714063 0.771875 0.713281 0.788281 0.704688 0.8109379999999999 0.683594 0.823437 0.669531 0.825 0.664844 0.8210940000000001 0.663281 0.80625 0.669531
0 0.569531 0.582812 0.564844 0.589063 0.564063 0.594531 0.552344 0.617969 0.547656 0.635156 0.547656 0.642969 0.552344 0.64375 0.555469 0.65 0.557812 0.697656 0.564844 0.708594 0.56875 0.723437 0.571875 0.728125 0.574219 0.725781 0.576562 0.714063 0.575781 0.688281 0.571875 0.671094 0.580469 0.639062 0.584375 0.615625 0.580469 0.575 0.577344 0.571094 0.573437 0.572656 0.569531 0.582812
0 0.538281 0.242969 0.528906 0.242969 0.5125 0.25078100000000003 0.502344 0.259375 0.49375 0.275 0.492969 0.279687 0.495313 0.28046899999999997 0.503906 0.274219 0.54375 0.25625 0.550781 0.25625 0.551563 0.251563 0.546875 0.24609399999999998 0.538281 0.242969
0 0.489062 0.1625 0.479688 0.164844 0.471094 0.17421899999999998 0.474219 0.176563 0.48515600000000003 0.178906 0.490625 0.178125 0.510156 0.180469 0.524219 0.178125 0.532031 0.173437 0.503125 0.16406199999999999 0.489062 0.1625
0 1 0.521875 0.9835940000000001 0.517969 0.9617190000000001 0.521094 0.9601559999999999 0.525781 0.972656 0.539062 0.9976559999999999 0.557031 1 0.557031 1 0.521875
0 0.461719 0.182812 0.463281 0.189062 0.457812 0.19531199999999999 0.458594 0.203125 0.45390600000000003 0.22343799999999997 0.454688 0.240625 0.4625 0.235937 0.471094 0.23671899999999998 0.473437 0.235156 0.480469 0.210156 0.482812 0.180469 0.479688 0.177344 0.46953100000000003 0.177344 0.461719 0.182812
1 0.863672 0.715625 0.863672 0.707031 0.8699220000000001 0.7 0.8746090000000001 0.685937 0.8761720000000001 0.675781 0.8683590000000001 0.658594 0.882422 0.635938 0.8839840000000001 0.627344 0.8917970000000001 0.625 0.8914059999999999 0.570703 0.870312 0.570703 0.8699220000000001 0.578125 0.857422 0.602344 0.8542970000000001 0.639844 0.855859 0.664062 0.8523440000000001 0.6707029999999999 0.846484 0.671094 0.846484 0.715625 0.863672 0.715625
0 0.739844 0.339453 0.7511720000000001 0.350781 0.774609 0.383594 0.773047 0.396875 0.765234 0.402344 0.765625 0.40507799999999994 0.799219 0.40507799999999994 0.828125 0.41757799999999995 0.8460940000000001 0.42070299999999994 0.8496090000000001 0.42265600000000003 0.85 0.428516 0.879297 0.428125 0.879297 0.40703100000000003 0.871875 0.40664100000000003 0.8601559999999999 0.39414099999999996 0.847656 0.387891 0.8226559999999999 0.381641 0.792187 0.384766 0.788672 0.376563 0.788672 0.363281 0.769531 0.344141 0.75625 0.337891 0.7511720000000001 0.33281299999999997 0.750781 0.326953 0.734375 0.326953 0.733984 0.33906200000000003 0.739844 0.339453
1 0.6730470000000001 0.319531 0.685547 0.34296899999999997 0.687109 0.360938 0.6839839999999999 0.378125 0.697656 0.37851599999999996 0.707813 0.384766 0.716406 0.384766 0.716406 0.372266 0.7 0.369141 0.696484 0.365625 0.6996089999999999 0.360938 0.6996089999999999 0.346094 0.690234 0.321094 0.6839839999999999 0.315625 0.6839839999999999 0.308594 0.665625 0.308203 0.665234 0.31875 0.6730470000000001 0.319531
2 0.166797 0.211719 0.16835899999999998 0.225 0.176172 0.24375 0.18515600000000002 0.244141 0.185547 0.18984399999999998 0.167188 0.189453 0.166797 0.196875 0.158984 0.19921899999999998 0.158984 0.209375 0.166797 0.211719
2 0.392969 0.7222660000000001 0.409375 0.712891 0.416406 0.712891 0.41679700000000003 0.696094 0.39843799999999996 0.695703 0.396094 0.703516 0.383984 0.708594 0.383984 0.721875 0.392969 0.7222660000000001
1 0.633594 0.06132800000000001 0.638672 0.06640599999999999 0.64375 0.078516 0.654297 0.078125 0.653906 0.0019529999999999999 0.635937 0.0019529999999999999 0.6355470000000001 0.009375 0.627734 0.011719 0.627734 0.060937 0.633594 0.06132800000000001
2 0.41679700000000003 0.965625 0.416406 0.883203 0.40625 0.883203 0.40585899999999997 0.889062 0.393359 0.8992190000000001 0.38710900000000004 0.9085940000000001 0.385547 0.91875 0.377734 0.9210940000000001 0.377734 0.965625 0.41679700000000003 0.965625
0 0.547656 0.12851600000000002 0.55 0.120703 0.578125 0.109766 0.591406 0.10820300000000001 0.596484 0.099219 0.613672 0.082812 0.615234 0.058594 0.620312 0.051953000000000006 0.629297 0.05 0.629297 0.039844000000000004 0.604687 0.039453 0.6042970000000001 0.046875 0.5949220000000001 0.058594 0.582422 0.085938 0.565625 0.086328 0.55 0.09257800000000001 0.540234 0.10234399999999999 0.535156 0.112891 0.5277339999999999 0.113281 0.5277339999999999 0.128125 0.547656 0.12851600000000002
2 0.716406 0.222266 0.716797 0.21484399999999998 0.721875 0.208203 0.747656 0.198828 0.757812 0.19101600000000002 0.766406 0.19101600000000002 0.7667970000000001 0.177344 0.720313 0.176953 0.7199220000000001 0.184375 0.7152339999999999 0.188281 0.710547 0.2 0.702734 0.202344 0.702734 0.221875 0.716406 0.222266
1 0.919922 0.684375 0.926562 0.687891 0.9460940000000001 0.689453 0.966797 0.685937 0.966797 0.669531 0.953125 0.666016 0.9507809999999999 0.658203 0.914062 0.658203 0.913672 0.670312 0.919922 0.684375
0 1 0.814453 0.98125 0.814453 0.980859 0.820312 0.965234 0.8367190000000001 0.955859 0.8539059999999999 0.955859 0.89375 0.944922 0.902344 0.935547 0.9445309999999999 0.935547 0.976562 0.940234 0.9992190000000001 1 0.814453
2 0.674609 0.322656 0.685547 0.34453100000000003 0.687109 0.359375 0.6839839999999999 0.37968799999999997 0.703906 0.37851599999999996 0.7042970000000001 0.367969 0.696484 0.364844 0.7042970000000001 0.3625 0.7042970000000001 0.34453100000000003 0.6980470000000001 0.34375 0.6886720000000001 0.317969 0.6839839999999999 0.315625 0.6839839999999999 0.308594 0.665625 0.308203 0.665234 0.31875 0.674609 0.322656
1 0.504297 0.9992190000000001 0.503906 0.9941409999999999 0.495313 0.9941409999999999 0.48398399999999997 0.979688 0.48398399999999997 0.9742190000000001 0.49023399999999995 0.965625 0.489844 0.9582029999999999 0.470313 0.9582029999999999 0.46796899999999997 0.966016 0.465234 0.965625 0.464844 0.9582029999999999 0.352734 0.9585940000000001 0.353125 0.966016 0.37421899999999997 0.9738279999999999 0.376563 0.9785159999999999 0.389062 0.986328 0.397656 0.987891 0.40625 0.9941409999999999 0.42929700000000004 0.9992190000000001 0.504297 0.9992190000000001
1 0.9308590000000001 0.714844 0.93125 0.7222660000000001 0.9554690000000001 0.7222660000000001 0.959375 0.711328 0.965625 0.7066410000000001 0.973047 0.70625 0.973047 0.696094 0.9359379999999999 0.695703 0.933594 0.703516 0.9214840000000001 0.705469 0.9214840000000001 0.7125 0.9308590000000001 0.714844
2 0.982812 0.6597660000000001 0.991797 0.659375 0.9914059999999999 0.6082029999999999 0.980859 0.608594 0.9792970000000001 0.648438 0.982812 0.6597660000000001
1 0.785547 0.31328100000000003 0.788672 0.32031200000000004 0.810547 0.339844 0.821875 0.358203 0.839844 0.36289099999999996 0.8695309999999999 0.381641 0.871875 0.391016 0.8855470000000001 0.390625 0.8855470000000001 0.37578100000000003 0.875 0.372266 0.8570309999999999 0.353516 0.848438 0.351953 0.8339840000000001 0.325781 0.8140620000000001 0.311328 0.8101559999999999 0.301953 0.778125 0.301953 0.7777339999999999 0.3125 0.785547 0.31328100000000003
0 0.19140600000000002 0.184375 0.184375 0.170313 0.172656 0.1375 0.16406199999999999 0.120313 0.14296899999999998 0.091406 0.129687 0.083594 0.12265600000000002 0.082812 0.12343699999999999 0.103125 0.125781 0.110156 0.151563 0.159375 0.172656 0.190625 0.178125 0.19531199999999999 0.18515600000000002 0.198437 0.18984399999999998 0.198437 0.19140600000000002 0.196094 0.19140600000000002 0.184375
0 0.444531 0.157031 0.419531 0.141406 0.403906 0.125 0.392969 0.121094 0.37578100000000003 0.121094 0.371094 0.12265600000000002 0.414844 0.165625 0.425 0.171094 0.435937 0.17421899999999998 0.446875 0.18125 0.454688 0.184375 0.45625 0.18359399999999998 0.45625 0.173437 0.444531 0.157031
0 0.360938 0.067187 0.352344 0.073438 0.348437 0.080469 0.34453100000000003 0.096875 0.34453100000000003 0.107813 0.349219 0.140625 0.35859399999999997 0.13125 0.363281 0.121875 0.372656 0.083594 0.377344 0.07421900000000001 0.375 0.067969 0.367969 0.06640599999999999 0.360938 0.067187