1 0.353906 0.513672 0.351953 0.508594 0.350391 0.484375 0.345703 0.471094 0.342578 0.44531200000000004 0.33164099999999996 0.427344 0.33164099999999996 0.415625 0.314844 0.415234 0.314453 0.491406 0.321875 0.49179700000000004 0.325391 0.500781 0.337891 0.514062 0.330078 0.529687 0.330469 0.5730470000000001 0.342578 0.572656 0.351953 0.5375 0.359766 0.535156 0.359766 0.514062 0.353906 0.513672
0 0.592187 0.23046899999999998 0.65 0.240625 0.661719 0.240625 0.678125 0.252344 0.685156 0.254687 0.689063 0.253125 0.689063 0.244531 0.692187 0.234375 0.696094 0.23593799999999998 0.7 0.235156 0.7 0.225 0.697656 0.22265600000000002 0.695312 0.22343700000000002 0.69375 0.23125 0.692187 0.23125 0.692187 0.21718700000000002 0.6625 0.203125 0.639062 0.198438 0.579688 0.20078100000000002 0.580469 0.225 0.592187 0.23046899999999998
0 0.81875 0.564063 0.848437 0.548438 0.863281 0.5375 0.8757809999999999 0.532813 0.88125 0.526562 0.8851559999999999 0.526562 0.898438 0.539844 0.904687 0.542969 0.9054690000000001 0.535938 0.946875 0.51875 0.949219 0.515625 0.95625 0.5125 0.9664059999999999 0.502344 0.965625 0.496875 0.9632809999999999 0.494531 0.941406 0.490625 0.9398440000000001 0.4875 0.951562 0.475781 0.957031 0.472656 0.957031 0.46796899999999997 0.9554690000000001 0.466406 0.9476559999999999 0.465625 0.934375 0.466406 0.91875 0.470313 0.907813 0.475781 0.895312 0.485938 0.890625 0.492969 0.890625 0.497656 0.885938 0.500781 0.8804690000000001 0.508594 0.86875 0.50625 0.8523440000000001 0.50625 0.840625 0.508594 0.840625 0.5125 0.85 0.513281 0.8492190000000001 0.517188 0.832812 0.522656 0.816406 0.533594 0.809375 0.540625 0.8 0.559375 0.800781 0.564063 0.804688 0.566406 0.81875 0.564063
0 0.616406 0.878125 0.624219 0.884375 0.632812 0.8820309999999999 0.634375 0.8804690000000001 0.635156 0.8726559999999999 0.622656 0.853125 0.615625 0.847656 0.603125 0.8453120000000001 0.605469 0.8570309999999999 0.616406 0.878125
0 0.407813 0.197656 0.416406 0.19375 0.425 0.170312 0.427344 0.15859399999999998 0.425781 0.139062 0.432031 0.132031 0.434375 0.1125 0.440625 0.09218699999999999 0.44375 0.061719 0.444531 0.040625 0.442969 0.038280999999999996 0.435937 0.039844000000000004 0.42656299999999997 0.046875 0.41718700000000003 0.061719 0.414844 0.069531 0.41093799999999997 0.096875 0.415625 0.129687 0.41875 0.135156 0.41875 0.139062 0.403125 0.155469 0.4 0.161719 0.396875 0.186719 0.394531 0.189063 0.39843799999999996 0.208594 0.4 0.210156 0.404687 0.20781200000000002 0.407813 0.197656
0 0.20781299999999997 0.390625 0.219531 0.396875 0.235937 0.397656 0.25078100000000003 0.401563 0.267969 0.400781 0.27031299999999997 0.397656 0.26875 0.392969 0.269531 0.388281 0.279687 0.378906 0.291406 0.37421899999999997 0.30625 0.3625 0.328125 0.35 0.332031 0.345313 0.345313 0.34296899999999997 0.353125 0.3375 0.36015600000000003 0.33593799999999996 0.371875 0.32890600000000003 0.385156 0.324219 0.386719 0.317187 0.37578100000000003 0.314063 0.334375 0.314063 0.321875 0.317187 0.305469 0.325 0.29375 0.333594 0.288281 0.339844 0.284375 0.341406 0.2625 0.341406 0.26093700000000003 0.34296899999999997 0.239844 0.34453100000000003 0.23046899999999998 0.348437 0.228125 0.353906 0.21484399999999998 0.355469 0.20546899999999998 0.352344 0.201563 0.346875 0.196875 0.346875 0.189062 0.35 0.188281 0.35859399999999997 0.192969 0.372656 0.20781299999999997 0.390625
0 0.0875 0.228125 0.0875 0.22031299999999998 0.092188 0.20468799999999998 0.103125 0.182813 0.12265600000000002 0.15625 0.146094 0.13125 0.14453100000000002 0.126563 0.132031 0.12734399999999998 0.107813 0.135156 0.099219 0.139844 0.088281 0.149219 0.071875 0.16953100000000002 0.073438 0.173438 0.070312 0.18125 0.06875 0.192187 0.069531 0.210156 0.07421900000000001 0.22031299999999998 0.08203099999999999 0.22968799999999998 0.085156 0.23046899999999998 0.0875 0.228125
0 0.496094 0.6625 0.509375 0.6875 0.53125 0.710938 0.576562 0.739063 0.598437 0.739844 0.614062 0.748437 0.617188 0.755469 0.617969 0.767969 0.623437 0.778906 0.624219 0.785156 0.63125 0.799219 0.632031 0.804688 0.641406 0.817188 0.665625 0.8335940000000001 0.695312 0.839062 0.703125 0.839062 0.707031 0.835938 0.708594 0.8265629999999999 0.707812 0.8140620000000001 0.696875 0.8023440000000001 0.690625 0.791406 0.682813 0.7828120000000001 0.684375 0.7796879999999999 0.698438 0.780469 0.699219 0.775 0.678125 0.7515620000000001 0.658594 0.735938 0.638281 0.727344 0.624219 0.725 0.617969 0.711719 0.603125 0.696875 0.5875 0.670312 0.578906 0.670312 0.578125 0.657813 0.575 0.653906 0.578906 0.65 0.580469 0.64375 0.584375 0.649219 0.585938 0.642188 0.583594 0.641406 0.579688 0.64375 0.570312 0.644531 0.55625 0.653125 0.549219 0.660156 0.545312 0.660156 0.539062 0.654687 0.533594 0.654687 0.517188 0.646875 0.49375 0.642969 0.49218799999999996 0.647656 0.496094 0.6625
0 0.8773440000000001 0.25781200000000004 0.9054690000000001 0.24765600000000002 0.9226559999999999 0.24531299999999998 0.94375 0.23671899999999998 0.9507809999999999 0.23046899999999998 0.9507809999999999 0.225 0.946875 0.22109399999999998 0.9375 0.217969 0.9273440000000001 0.21718700000000002 0.907813 0.219531 0.8882809999999999 0.227344 0.870313 0.2375 0.865625 0.24375 0.864062 0.252344 0.86875 0.257031 0.8773440000000001 0.25781200000000004
0 0.778906 0.224219 0.794531 0.213281 0.804688 0.203125 0.8101559999999999 0.19375 0.808594 0.188281 0.801562 0.188281 0.778125 0.194531 0.770312 0.19921899999999998 0.763281 0.20625 0.757812 0.21406299999999998 0.754687 0.22265600000000002 0.754687 0.23671899999999998 0.758594 0.244531 0.763281 0.24375 0.778906 0.224219
0 0.123438 0.672656 0.129688 0.671875 0.14296899999999998 0.661719 0.166406 0.647656 0.171875 0.642969 0.17578100000000002 0.635937 0.173437 0.627344 0.178125 0.625781 0.18125 0.621875 0.197656 0.6125 0.209375 0.596875 0.210938 0.591406 0.196875 0.591406 0.17968800000000001 0.597656 0.170313 0.607031 0.170313 0.625781 0.14843800000000001 0.629688 0.110937 0.650781 0.101562 0.663281 0.10078100000000001 0.675 0.10234399999999999 0.678906 0.110156 0.678125 0.123438 0.672656
0 0.2875 0.560937 0.300781 0.570312 0.31328100000000003 0.573437 0.329688 0.573437 0.333594 0.571094 0.332031 0.565625 0.319531 0.557812 0.3 0.551563 0.289844 0.546094 0.286719 0.546094 0.285156 0.548438 0.285156 0.555469 0.2875 0.560937
0 0.575 0.738281 0.591406 0.740625 0.599219 0.736719 0.598437 0.732031 0.589063 0.717187 0.588281 0.711719 0.583594 0.707031 0.575 0.705469 0.5625 0.707813 0.547656 0.707031 0.545312 0.708594 0.535156 0.708594 0.554688 0.725781 0.575 0.738281
0 0.4625 0.83125 0.48515600000000003 0.8039059999999999 0.496875 0.7828120000000001 0.508594 0.76875 0.513281 0.757812 0.528906 0.749219 0.550781 0.725781 0.549219 0.721875 0.53125 0.709375 0.523438 0.701562 0.520312 0.700781 0.517188 0.702344 0.514062 0.709375 0.505469 0.716406 0.507031 0.721094 0.503906 0.724219 0.48906299999999997 0.729687 0.46875 0.745312 0.458594 0.755469 0.44843700000000003 0.769531 0.439844 0.790625 0.439844 0.800781 0.442969 0.8109379999999999 0.434375 0.832031 0.434375 0.8453120000000001 0.43671899999999997 0.848438 0.440625 0.8492190000000001 0.4625 0.83125
0 1 0.378125 0.9976559999999999 0.377344 0.9914059999999999 0.366406 0.982812 0.35859399999999997 0.9789059999999999 0.35859399999999997 0.9523440000000001 0.340625 0.948438 0.34296899999999997 0.933594 0.34296899999999997 0.925781 0.346875 0.925 0.350781 0.93125 0.36015600000000003 0.9476559999999999 0.365625 0.9695309999999999 0.369531 0.9867190000000001 0.389062 0.99375 0.39375 1 0.395312 1 0.378125
0 0.9304690000000001 0.282813 0.9773440000000001 0.283594 0.982812 0.282813 0.9851559999999999 0.278125 0.976562 0.271094 0.960938 0.263281 0.941406 0.259375 0.93125 0.259375 0.910937 0.26640600000000003 0.904687 0.272656 0.9039059999999999 0.277344 0.9 0.283594 0.902344 0.285937 0.9304690000000001 0.282813
0 0.71875 0.377344 0.721094 0.360938 0.721875 0.332812 0.726562 0.310156 0.726562 0.3 0.725 0.29765600000000003 0.715625 0.299219 0.70625 0.30468799999999996 0.696875 0.317187 0.691406 0.332031 0.690625 0.353906 0.692969 0.367969 0.696875 0.380469 0.707812 0.400781 0.713281 0.39843799999999996 0.71875 0.377344
0 0.9757809999999999 0.752344 0.980469 0.745312 0.9867190000000001 0.73125 0.988281 0.717969 0.9867190000000001 0.710156 0.9820309999999999 0.708594 0.976562 0.719531 0.9679690000000001 0.729687 0.9507809999999999 0.75625 0.9445309999999999 0.771094 0.946875 0.775 0.9632809999999999 0.7640629999999999 0.9757809999999999 0.752344
0 0.953125 0.957031 0.960938 0.949219 0.9664059999999999 0.9375 0.9789059999999999 0.925781 0.9835940000000001 0.9125 0.982812 0.903125 0.9789059999999999 0.9 0.9710940000000001 0.9 0.96875 0.8976559999999999 0.9679690000000001 0.8898440000000001 0.96875 0.8851559999999999 0.978125 0.878906 0.98125 0.8734379999999999 0.9875 0.8460940000000001 0.989062 0.8265629999999999 0.988281 0.8101559999999999 0.982812 0.7828120000000001 0.978125 0.783594 0.9695309999999999 0.7953129999999999 0.959375 0.828125 0.9585940000000001 0.851562 0.95625 0.8578129999999999 0.959375 0.8601559999999999 0.964063 0.885938 0.9617190000000001 0.9 0.954688 0.910156 0.951562 0.917969 0.945312 0.9242190000000001 0.9382809999999999 0.926562 0.933594 0.9304690000000001 0.925 0.945312 0.925 0.95625 0.93125 0.965625 0.939063 0.964844 0.953125 0.957031
0 0.780469 0.688281 0.798438 0.684375 0.8023440000000001 0.682031 0.8070309999999999 0.66875 0.801562 0.663281 0.782031 0.659375 0.767188 0.658594 0.754687 0.660156 0.734375 0.66875 0.73125 0.673438 0.732031 0.686719 0.735156 0.689063 0.780469 0.688281
0 0.734375 0.705469 0.747656 0.713281 0.784375 0.721875 0.8101559999999999 0.724219 0.810937 0.729687 0.817187 0.740625 0.828125 0.750781 0.8585940000000001 0.764844 0.8726559999999999 0.7671870000000001 0.878906 0.771875 0.890625 0.772656 0.89375 0.767969 0.894531 0.763281 0.890625 0.754688 0.8695309999999999 0.735938 0.85 0.739063 0.839844 0.732031 0.8195309999999999 0.722656 0.8054690000000001 0.708594 0.767969 0.692188 0.752344 0.689063 0.738281 0.689844 0.732812 0.691406 0.730469 0.694531 0.730469 0.699219 0.734375 0.705469
0 0.629687 0.639062 0.638281 0.64375 0.650781 0.64375 0.653906 0.654687 0.667188 0.666406 0.680469 0.671875 0.686719 0.672656 0.690625 0.671094 0.692969 0.666406 0.692187 0.660938 0.667188 0.640625 0.658594 0.635937 0.650781 0.636719 0.638281 0.626563 0.632812 0.625781 0.622656 0.61875 0.615625 0.616406 0.6125 0.61875 0.61875 0.629688 0.629687 0.639062
0 0.639062 0.574219 0.663281 0.590625 0.682031 0.597656 0.694531 0.597656 0.696875 0.596094 0.696094 0.591406 0.670312 0.571094 0.665625 0.570312 0.648438 0.561719 0.642188 0.560937 0.633594 0.564063 0.633594 0.56875 0.639062 0.574219
0 0.521875 0.15625 0.5375 0.18984399999999998 0.555469 0.211719 0.578125 0.226562 0.582812 0.23203100000000002 0.588281 0.252344 0.594531 0.264062 0.609375 0.285937 0.619531 0.29609399999999997 0.621094 0.29375 0.619531 0.279687 0.608594 0.25625 0.603125 0.234375 0.584375 0.226562 0.584375 0.22109399999999998 0.58125 0.217969 0.58125 0.203906 0.583594 0.20078100000000002 0.580469 0.20078100000000002 0.577344 0.196875 0.566406 0.171875 0.542969 0.134375 0.530469 0.120313 0.521875 0.113281 0.517188 0.11171899999999998 0.515625 0.124219 0.521875 0.15625
0 0.291406 0 0.295312 0.015625 0.305469 0.036719 0.309375 0.064844 0.31328100000000003 0.075 0.32031200000000004 0.084375 0.325781 0.0875 0.330469 0.0875 0.332031 0.085156 0.332031 0.07421900000000001 0.334375 0.073438 0.341406 0.075781 0.346094 0.07421900000000001 0.34843799999999997 0.069531 0.34843799999999997 0.060937 0.334375 0.027344 0.32890600000000003 0 0.291406 0
0 0.16015600000000002 0.432813 0.157031 0.423438 0.15625 0.404687 0.170313 0.34296899999999997 0.16875 0.338281 0.1625 0.335156 0.15390600000000002 0.338281 0.149219 0.3375 0.145313 0.341406 0.134375 0.35859399999999997 0.129688 0.369531 0.128125 0.378125 0.12890600000000002 0.395312 0.135937 0.415625 0.14296899999999998 0.428125 0.157031 0.4375 0.16015600000000002 0.43671899999999997 0.16015600000000002 0.432813
0 0.061719 0.6875 0.076563 0.671094 0.094531 0.642969 0.095312 0.636719 0.09375 0.634375 0.086719 0.634375 0.078125 0.639062 0.060156 0.654687 0.045312000000000005 0.678125 0.045312000000000005 0.685156 0.047656 0.688281 0.057031 0.689844 0.061719 0.6875
0 0.22265600000000002 0.901563 0.228906 0.894531 0.23125 0.878906 0.23125 0.854687 0.233594 0.839844 0.232813 0.8296870000000001 0.235156 0.797656 0.233594 0.79375 0.228906 0.790625 0.219531 0.794531 0.219531 0.800781 0.21640600000000002 0.8109379999999999 0.20625 0.8296870000000001 0.203125 0.8507809999999999 0.203906 0.870312 0.208594 0.884375 0.215625 0.8921870000000001 0.21640600000000002 0.8976559999999999 0.219531 0.9007809999999999 0.219531 0.9054690000000001 0.221875 0.9046879999999999 0.22265600000000002 0.901563
0 0.15390600000000002 0.9046879999999999 0.180469 0.9117190000000001 0.211719 0.9132809999999999 0.215625 0.9085940000000001 0.21484399999999998 0.898438 0.210938 0.89375 0.203125 0.890625 0.190625 0.8890629999999999 0.186719 0.886719 0.159375 0.8851559999999999 0.151562 0.8875 0.14843800000000001 0.890625 0.146875 0.8960940000000001 0.147656 0.9007809999999999 0.15390600000000002 0.9046879999999999
2 0.5457029999999999 0.461719 0.5457029999999999 0.454688 0.539453 0.44375 0.521875 0.42304700000000006 0.509766 0.416406 0.509375 0.40898399999999996 0.49570299999999995 0.409375 0.49570299999999995 0.441406 0.5035160000000001 0.442187 0.511328 0.458594 0.525391 0.473437 0.525781 0.47929700000000003 0.553125 0.47929700000000003 0.553516 0.464063 0.5457029999999999 0.461719
1 0.923828 0.000781 0.917188 0.0058590000000000005 0.8835940000000001 0.012109 0.883203 0.022656000000000003 0.967187 0.023047 0.9675779999999999 0.015625 0.9789059999999999 0.007422 0.984375 0.007422 0.9847659999999999 0.000781 0.923828 0.000781
1 0.08164099999999999 0.277344 0.08007800000000001 0.265625 0.071094 0.265234 0.070703 0.310156 0.089063 0.310547 0.091016 0.295312 0.08164099999999999 0.277344
2 0.658203 0.305469 0.6550779999999999 0.29375 0.65 0.290234 0.633203 0.292188 0.633203 0.338281 0.641016 0.340625 0.642969 0.354297 0.65625 0.354297 0.656641 0.346875 0.666016 0.34296899999999997 0.666016 0.307813 0.658203 0.305469
1 0.15390600000000002 0.801172 0.131641 0.778906 0.117578 0.758594 0.117578 0.754688 0.11132800000000001 0.750781 0.109375 0.740234 0.09570300000000001 0.740625 0.09570300000000001 0.786719 0.103125 0.787109 0.108594 0.794922 0.120313 0.801172 0.132031 0.8136720000000001 0.147266 0.821875 0.142187 0.8292970000000001 0.123438 0.8386720000000001 0.11132800000000001 0.840625 0.11484399999999999 0.8449220000000001 0.137891 0.8453120000000001 0.141406 0.8917970000000001 0.158203 0.8914059999999999 0.16445300000000002 0.853125 0.18007800000000002 0.8140620000000001 0.15390600000000002 0.801172
2 0.308594 0.43867200000000006 0.30468799999999996 0.43242200000000003 0.278125 0.41210899999999995 0.260156 0.404297 0.25781200000000004 0.396484 0.239453 0.396875 0.239453 0.427344 0.246875 0.42773399999999995 0.257031 0.43867200000000006 0.27343799999999996 0.446484 0.275781 0.45429700000000006 0.315625 0.45429700000000006 0.31601599999999996 0.439063 0.308594 0.43867200000000006
1 0.814453 1 0.8210940000000001 0.9933590000000001 0.8285159999999999 0.9929690000000001 0.8285159999999999 0.984375 0.8191409999999999 0.980469 0.809766 0.960938 0.8066409999999999 0.9601559999999999 0.8066409999999999 0.953125 0.800781 0.9527340000000001 0.800391 0.9617190000000001 0.797266 0.965625 0.797266 0.9835940000000001 0.790625 0.9933590000000001 0.783203 0.99375 0.783203 1 0.814453 1
2 0.135156 0.433984 0.134766 0.428125 0.132031 0.42773399999999995 0.13125 0.433984 0.11132800000000001 0.440625 0.114453 0.446094 0.109766 0.448438 0.101953 0.471094 0.09570300000000001 0.471875 0.096094 0.504297 0.11132800000000001 0.503906 0.11132800000000001 0.496875 0.131641 0.46093799999999996 0.139844 0.451172 0.15390600000000002 0.44335899999999995 0.159375 0.44335899999999995 0.15976600000000002 0.439063 0.135156 0.433984
1 0.052344 0.6199220000000001 0.05 0.616797 0.032031 0.616797 0.017969 0.623047 0.011328000000000001 0.628125 0.009375 0.633984 0.0019529999999999999 0.634375 0.0019529999999999999 0.653906 0.01875 0.654297 0.019141 0.648438 0.027344 0.640234 0.047656 0.6261720000000001 0.059375 0.623047 0.059766 0.620312 0.052344 0.6199220000000001
1 0 0.710547 0.084375 0.710547 0.084766 0.701562 0.046875 0.685547 0 0.685547 0 0.710547
1 0.347656 0.8964840000000001 0.346875 0.904297 0.322656 0.918359 0.30625 0.9371090000000001 0.30039099999999996 0.939063 0.30039099999999996 0.9476559999999999 0.31875 0.9480470000000001 0.319141 0.940625 0.322656 0.9371090000000001 0.34375 0.933984 0.356641 0.9226559999999999 0.366406 0.9058590000000001 0.372266 0.9054690000000001 0.372266 0.896875 0.347656 0.8964840000000001
1 0.541406 0.8027340000000001 0.539062 0.810547 0.507031 0.826172 0.49531200000000003 0.8371090000000001 0.475781 0.8371090000000001 0.467187 0.8339840000000001 0.45234399999999997 0.835547 0.45195299999999994 0.847656 0.526563 0.848047 0.527344 0.840234 0.545312 0.832422 0.560156 0.8136720000000001 0.5660160000000001 0.8132809999999999 0.5660160000000001 0.803125 0.541406 0.8027340000000001
1 0.745703 0.000781 0.746094 0.0058590000000000005 0.763281 0.008984 0.776563 0.007422 0.799219 0.030858999999999998 0.8375 0.052734 0.839844 0.060547 0.8753909999999999 0.060156 0.8753909999999999 0.051562 0.851562 0.024609 0.815625 0.0058590000000000005 0.8070309999999999 0.0042970000000000005 0.805078 0.000781 0.745703 0.000781
1 0.586719 0.9542970000000001 0.565625 0.9683590000000001 0.539844 0.9636720000000001 0.539453 0.9679690000000001 0.545312 0.9683590000000001 0.5503910000000001 0.978125 0.547266 0.9976559999999999 0.559375 0.998047 0.564844 0.9839840000000001 0.573438 0.9855470000000001 0.579688 0.982422 0.594141 0.9664059999999999 0.595703 0.95625 0.586719 0.9542970000000001
2 0.045703 0.430469 0.036328 0.40625 0.027344 0.404297 0.026952999999999998 0.441406 0.032812999999999995 0.44179700000000005 0.037891 0.446875 0.038280999999999996 0.45429700000000006 0.053515999999999994 0.45390600000000003 0.053515999999999994 0.432813 0.045703 0.430469
1 0.7394529999999999 0.029687 0.7394529999999999 0.042969 0.745703 0.04375 0.745313 0.048047 0.7394529999999999 0.048437999999999995 0.739844 0.073047 0.7535160000000001 0.072656 0.758203 0.04375 0.766016 0.041406 0.766016 0.029687 0.7394529999999999 0.029687
0 0.24726599999999999 0.182813 0.242188 0.180859 0.233594 0.18398399999999998 0.210156 0.17929699999999998 0.20351599999999997 0.171094 0.203125 0.165234 0.20039099999999999 0.165625 0.201953 0.18515600000000002 0.189453 0.1875 0.189453 0.20703100000000002 0.212891 0.21406299999999998 0.205078 0.23281200000000002 0.205078 0.249219 0.20976599999999998 0.254687 0.213281 0.273047 0.22695300000000002 0.272656 0.23164099999999999 0.225 0.23476599999999997 0.21718700000000002 0.251953 0.203906 0.251953 0.190625 0.24726599999999999 0.182813
1 0.180469 0.023047 0.16796899999999998 0.018359 0.16406199999999999 0.008984 0.151953 0.009375 0.15234399999999998 0.027733999999999998 0.157812 0.027733999999999998 0.172656 0.037108999999999996 0.19570300000000002 0.045312000000000005 0.19101600000000002 0.067969 0.186328 0.07656199999999999 0.186719 0.09179699999999999 0.198828 0.091406 0.20039099999999999 0.078125 0.21132800000000002 0.045312000000000005 0.21640600000000002 0.038672 0.222266 0.038280999999999996 0.222266 0.025 0.180469 0.023047
1 0 0.229297 0.056641 0.228906 0.056641 0.22031299999999998 0.042578 0.202344 0.041016000000000004 0.184375 0.036328 0.178906 0.035937000000000004 0.171484 0.031641 0.171875 0.025391000000000004 0.211719 0.020313 0.215234 0 0.21835900000000003 0 0.229297
2 0.702344 0.7761720000000001 0.679688 0.749609 0.659375 0.732422 0.649219 0.7292970000000001 0.648438 0.721484 0.620703 0.721875 0.620703 0.735156 0.645312 0.741797 0.651953 0.748437 0.656641 0.760156 0.678516 0.778125 0.678906 0.785547 0.709375 0.785547 0.709766 0.776562 0.702344 0.7761720000000001
2 0.364453 0.370313 0.348828 0.353906 0.344141 0.340625 0.333594 0.34023400000000004 0.333203 0.383594 0.340625 0.383984 0.349219 0.394922 0.37031200000000003 0.40898399999999996 0.371094 0.41679700000000003 0.389062 0.41679700000000003 0.389453 0.40625 0.364453 0.370313
1 0.950391 0.403125 0.950391 0.410156 0.9441409999999999 0.41875 0.939453 0.439844 0.926562 0.44804700000000003 0.9148440000000001 0.44804700000000003 0.910937 0.44335899999999995 0.902344 0.44335899999999995 0.902344 0.46054700000000004 0.940625 0.46054700000000004 0.941406 0.45273399999999997 0.9519529999999999 0.449219 0.9582029999999999 0.441406 0.9582029999999999 0.403125 0.950391 0.403125
1 0.7082029999999999 0.140625 0.7082029999999999 0.146094 0.695703 0.160937 0.695312 0.177734 0.686719 0.177734 0.665625 0.191797 0.65625 0.18398399999999998 0.646094 0.18398399999999998 0.6457029999999999 0.203906 0.692187 0.204297 0.692969 0.198047 0.715625 0.191797 0.7175779999999999 0.184375 0.711328 0.17578100000000002 0.709766 0.165625 0.721094 0.149609 0.728516 0.149219 0.728516 0.140625 0.7082029999999999 0.140625
1 0.941406 0.6886720000000001 0.9375 0.6824220000000001 0.9164059999999999 0.6824220000000001 0.9113279999999999 0.65625 0.904687 0.646484 0.9007809999999999 0.646484 0.898828 0.685156 0.889062 0.6996089999999999 0.883203 0.7 0.883203 0.710156 0.923438 0.710547 0.9273440000000001 0.701172 0.9398440000000001 0.691797 0.946875 0.691797 0.9472659999999999 0.689063 0.941406 0.6886720000000001
1 0.48359399999999997 0.9386720000000001 0.46914100000000003 0.9210940000000001 0.456641 0.9007809999999999 0.451562 0.8839840000000001 0.444531 0.8839840000000001 0.44218799999999997 0.8917970000000001 0.42070299999999994 0.895312 0.42070299999999994 0.9070309999999999 0.439453 0.909375 0.44257799999999997 0.9289059999999999 0.46445299999999995 0.948438 0.464844 0.9542970000000001 0.490625 0.9542970000000001 0.491016 0.939063 0.48359399999999997 0.9386720000000001
1 0.11484399999999999 0.888672 0.11132800000000001 0.8851559999999999 0.110937 0.871484 0.10078100000000001 0.871484 0.10039100000000001 0.8804690000000001 0.096875 0.882422 0.069531 0.8808590000000001 0.027344 0.8902340000000001 0.026952999999999998 0.910156 0.101562 0.910547 0.10390600000000001 0.902734 0.12226600000000001 0.8960940000000001 0.12226600000000001 0.8890629999999999 0.11484399999999999 0.888672
1 0.650781 0.399609 0.635938 0.379297 0.621094 0.37148400000000004 0.596875 0.351172 0.577344 0.341797 0.575 0.333984 0.558203 0.334375 0.558203 0.36015600000000003 0.565625 0.360547 0.5675779999999999 0.366406 0.580469 0.379297 0.607031 0.394922 0.616406 0.398047 0.634375 0.396484 0.637891 0.408594 0.6457029999999999 0.417188 0.646094 0.42304700000000006 0.684375 0.42304700000000006 0.684766 0.415625 0.650781 0.399609
1 0.291406 0.198047 0.286328 0.192969 0.26914099999999996 0.16406199999999999 0.25468799999999997 0.149609 0.23203100000000002 0.135547 0.22968700000000003 0.127734 0.214453 0.128125 0.214453 0.15859399999999998 0.220312 0.158984 0.227344 0.16835899999999998 0.266016 0.192187 0.281641 0.226562 0.285156 0.24179699999999998 0.297266 0.241406 0.297266 0.198438 0.291406 0.198047
0 0.147656 0.315625 0.173437 0.339063 0.189062 0.35 0.20546899999999998 0.357812 0.21406200000000003 0.357812 0.220312 0.360938 0.244531 0.360938 0.28906200000000004 0.350781 0.29765600000000003 0.346094 0.295312 0.34296899999999997 0.288281 0.340625 0.252344 0.34296899999999997 0.242188 0.342187 0.232813 0.345313 0.221875 0.34375 0.20625 0.33125 0.185938 0.310156 0.16875 0.296875 0.157812 0.291406 0.13828100000000002 0.286719 0.13671899999999998 0.28906200000000004 0.140625 0.30468799999999996 0.147656 0.315625
0 0.201563 0.98125 0.21484399999999998 0.9585940000000001 0.22343799999999997 0.9320309999999999 0.22343799999999997 0.91875 0.22109399999999998 0.915625 0.217969 0.9164059999999999 0.21484399999999998 0.9203129999999999 0.2125 0.9203129999999999 0.20546899999999998 0.9273440000000001 0.19531199999999999 0.94375 0.19140600000000002 0.953125 0.190625 0.96875 0.184375 0.9875 0.18515600000000002 0.992188 0.18984399999999998 0.992188 0.201563 0.98125
0 0.7125 0.282813 0.710156 0.279687 0.710156 0.272656 0.704688 0.251563 0.700781 0.22343700000000002 0.697656 0.21718700000000002 0.69375 0.21718700000000002 0.691406 0.22031299999999998 0.689844 0.23046899999999998 0.689063 0.253125 0.686719 0.255469 0.690625 0.267969 0.685156 0.283594 0.701562 0.291406 0.710938 0.288281 0.7125 0.282813
0 0.319531 0.125 0.321094 0.139062 0.32734399999999997 0.139062 0.32890600000000003 0.126563 0.330469 0.125781 0.359375 0.17578100000000002 0.376563 0.196875 0.388281 0.20468799999999998 0.392969 0.20468799999999998 0.38984399999999997 0.184375 0.38281200000000004 0.16796899999999998 0.38125 0.159375 0.35625 0.120313 0.34843799999999997 0.103125 0.338281 0.09375 0.325781 0.092969 0.32343700000000003 0.098437 0.319531 0.125
0 0.757031 0.73125 0.764062 0.726562 0.778125 0.728125 0.798438 0.727344 0.804688 0.725781 0.8125 0.720313 0.810937 0.71875 0.776563 0.71875 0.749219 0.713281 0.747656 0.721094 0.751563 0.729687 0.757031 0.73125
0 0.9445309999999999 0.213281 0.945312 0.20625 0.9476559999999999 0.20546899999999998 0.9476559999999999 0.2 0.9429690000000001 0.197656 0.9398440000000001 0.202344 0.934375 0.196875 0.9375 0.194531 0.9375 0.1875 0.9320309999999999 0.189063 0.9320309999999999 0.19531199999999999 0.9273440000000001 0.19531199999999999 0.914062 0.18984399999999998 0.9007809999999999 0.18984399999999998 0.878125 0.198438 0.875 0.20078100000000002 0.8742190000000001 0.20546899999999998 0.8929690000000001 0.210156 0.9445309999999999 0.213281
0 0.592187 0.555469 0.614062 0.560156 0.630469 0.560156 0.63125 0.55625 0.629687 0.553125 0.622656 0.547656 0.607812 0.544531 0.585156 0.544531 0.585938 0.55 0.592187 0.555469
0 0.64375 0.720313 0.686719 0.703906 0.692969 0.7 0.697656 0.7 0.705469 0.69375 0.709375 0.685937 0.707031 0.682031 0.707031 0.677344 0.705469 0.675 0.700781 0.677344 0.696875 0.66875 0.689063 0.673438 0.674219 0.673438 0.671875 0.677344 0.672656 0.68125 0.669531 0.683594 0.648438 0.688281 0.642188 0.6875 0.623437 0.7125 0.623437 0.720313 0.625781 0.721875 0.64375 0.720313
3 0.294531 0.654687 0.309375 0.658594 0.29765600000000003 0.66875 0.298438 0.671875 0.302344 0.673438 0.325 0.671094 0.3375 0.666406 0.34843799999999997 0.664844 0.353906 0.661719 0.36015600000000003 0.653125 0.364844 0.650781 0.371875 0.650781 0.399219 0.659375 0.40546899999999997 0.658594 0.40546899999999997 0.653906 0.403125 0.651562 0.392969 0.647656 0.377344 0.6375 0.369531 0.6375 0.364844 0.634375 0.357812 0.608594 0.353906 0.601562 0.349219 0.603906 0.349219 0.623437 0.34453100000000003 0.63125 0.324219 0.630469 0.310937 0.632031 0.29218700000000003 0.639844 0.288281 0.64375 0.289844 0.650781 0.294531 0.654687
0 0.082812 0.588281 0.08203099999999999 0.594531 0.085156 0.614844 0.091406 0.625781 0.096094 0.628906 0.096875 0.614063 0.092969 0.592187 0.088281 0.583594 0.084375 0.579688 0.080469 0.579688 0.079687 0.585156 0.082812 0.588281
0 0.27343799999999996 0.315625 0.285156 0.32890600000000003 0.289844 0.332031 0.295312 0.332812 0.314063 0.32031200000000004 0.314844 0.317969 0.296875 0.3 0.28906200000000004 0.29609399999999997 0.267188 0.275 0.264062 0.27343799999999996 0.261719 0.275 0.264062 0.298438 0.27343799999999996 0.315625
0 0.310156 0.23125 0.335156 0.246875 0.352344 0.252344 0.3625 0.252344 0.363281 0.24765600000000002 0.360938 0.240625 0.33593799999999996 0.21640600000000002 0.314844 0.20546899999999998 0.310156 0.20625 0.303125 0.211719 0.303906 0.225781 0.310156 0.23125
0 1 0.640625 0.9945309999999999 0.642969 0.9773440000000001 0.657813 0.967187 0.677344 0.9664059999999999 0.689844 0.975 0.689844 1 0.674219 1 0.640625