1 0.6375 0.459766 0.620703 0.459375 0.620703 0.428906 0.632812 0.426953 0.634766 0.410156 0.638281 0.4066409999999999 0.646875 0.4066409999999999 0.647266 0.402344 0.642188 0.395703 0.632031 0.392578 0.628125 0.387891 0.621094 0.387891 0.620703 0.382031 0.642188 0.381641 0.654687 0.386328 0.667578 0.370312 0.667969 0.364453 0.7 0.364453 0.700391 0.373437 0.683594 0.383203 0.670703 0.397656 0.667578 0.415625 0.648828 0.44375 0.637891 0.45390600000000003 0.6375 0.459766
1 0.884375 0.9597659999999999 0.876953 0.959375 0.876953 0.925781 0.885938 0.923828 0.894141 0.915625 0.894141 0.896094 0.90625 0.8957029999999999 0.908203 0.9125 0.9160160000000002 0.9148440000000001 0.9160160000000002 0.923438 0.908203 0.9242190000000001 0.898828 0.942187 0.8847660000000002 0.9523439999999999 0.884375 0.9597659999999999
1 0.9992189999999999 0.894141 0.9820309999999999 0.8972659999999999 0.964453 0.890625 0.964844 0.876953 0.9992189999999999 0.876953
1 0.873437 0.359766 0.8644529999999999 0.359375 0.8644529999999999 0.311719 0.871875 0.311328 0.8738279999999999 0.307812 0.8753910000000001 0.283594 0.890625 0.283203 0.8910160000000001 0.310937 0.885156 0.311328 0.8816409999999999 0.315625 0.885156 0.320703 0.8910160000000001 0.321094 0.8910160000000001 0.33125 0.8847660000000002 0.332031 0.8800779999999999 0.345313 0.8738279999999999 0.352344 0.873437 0.359766
1 0.889062 0.4847659999999999 0.8726559999999999 0.4847659999999999 0.872266 0.477344 0.86875 0.473828 0.851562 0.46601599999999993 0.833594 0.46757799999999994 0.8332029999999999 0.45234399999999997 0.854688 0.45039099999999993 0.864062 0.4535159999999999 0.872266 0.440625 0.8726559999999999 0.43320299999999995 0.896875 0.43320299999999995 0.8972659999999999 0.45625 0.8898439999999999 0.456641 0.883203 0.464844 0.883203 0.470313 0.8894529999999999 0.477344 0.889062 0.4847659999999999
1 0.764062 0.659766 0.751953 0.659375 0.751953 0.633594 0.759375 0.633203 0.764453 0.628125 0.764453 0.608594 0.775 0.608203 0.776953 0.623437 0.784766 0.625781 0.784766 0.6375 0.778906 0.637891 0.775 0.645703 0.764453 0.652344 0.764062 0.659766
2 0.528125 0.40351599999999993 0.517969 0.40351599999999993 0.517578 0.396094 0.508203 0.39375 0.508594 0.333203 0.525391 0.333594 0.525391 0.364063 0.528906 0.369141 0.534766 0.369531 0.534766 0.396875 0.528906 0.397266 0.528125 0.40351599999999993
2 0.810937 0.747266 0.796094 0.744141 0.782813 0.730078 0.776953 0.729688 0.777344 0.708203 0.798438 0.708203 0.800781 0.716016 0.8125 0.723828 0.816406 0.730078 0.8222660000000002 0.730469 0.8222660000000002 0.745313 0.810937 0.747266
1 0.421875 0.4847659999999999 0.41445300000000007 0.484375 0.412891 0.46953100000000003 0.4066409999999999 0.459375 0.4066409999999999 0.45234399999999997 0.41601600000000005 0.439844 0.398828 0.423438 0.396875 0.41757799999999995 0.389453 0.41718700000000003 0.389844 0.40195299999999995 0.403125 0.40195299999999995 0.40351599999999993 0.409375 0.42265600000000003 0.43007800000000007 0.439844 0.442578 0.44726600000000005 0.442969 0.446875 0.45039099999999993 0.430469 0.45039099999999993 0.425391 0.45390600000000003 0.421875 0.4847659999999999
1 0.971875 0.266016 0.9691410000000001 0.265625 0.96875 0.259766 0.9523439999999999 0.256641 0.9398440000000001 0.250391 0.928125 0.237891 0.9207029999999999 0.2375 0.9210939999999999 0.214453 0.93125 0.214453 0.933594 0.222266 0.9539060000000001 0.236328 0.975 0.236328 0.981641 0.239844 0.9832029999999999 0.253125 0.979688 0.258203 0.972266 0.260156 0.971875 0.266016
0 0.575 0.771094 0.566406 0.767188 0.554688 0.764844 0.542188 0.764844 0.497656 0.772656 0.490625 0.775781 0.49375 0.779687 0.507812 0.783594 0.549219 0.789062 0.557813 0.786719 0.571094 0.779687 0.575 0.775
0 0.605469 0.757812 0.605469 0.764844 0.609375 0.778906 0.614844 0.784375 0.63125 0.783594 0.660937 0.775781 0.66875 0.771875 0.671875 0.767969 0.671094 0.763281 0.648438 0.755469 0.621094 0.753125 0.608594 0.753906
0 0.1625 0.770312 0.157812 0.779687 0.157031 0.796094 0.165625 0.824219 0.178125 0.842187 0.1875 0.85 0.20078100000000002 0.8570309999999999 0.196875 0.863281 0.196875 0.875 0.20625 0.8773440000000001 0.213281 0.871875 0.220312 0.8617190000000001 0.215625 0.853906 0.21406200000000003 0.845313 0.2 0.8257809999999999 0.177344 0.782031 0.166406 0.770312
0 0.403906 0.304688 0.398438 0.300781 0.391406 0.300781 0.3875 0.303125 0.38125 0.310937 0.382031 0.321094 0.386719 0.321875 0.398438 0.310937 0.403906 0.310156
0 0.807813 0.29375 0.804688 0.289844 0.796875 0.286719 0.785937 0.285938 0.764062 0.288281 0.746875 0.295312 0.739062 0.296094 0.733594 0.303125 0.725 0.323437 0.729688 0.323437 0.740625 0.319531 0.759375 0.310156 0.798438 0.303125 0.8054690000000001 0.3
0 0.61875 0.497656 0.614844 0.50625 0.6125 0.528125 0.617188 0.574219 0.630469 0.589844 0.635938 0.590625 0.639062 0.589844 0.640625 0.586719 0.632812 0.575 0.630469 0.566406 0.629687 0.552344 0.622656 0.525781 0.623437 0.497656
0 1 0.700781 0.9875 0.705469 0.975 0.719531 0.972656 0.724219 0.971875 0.732812 0.973437 0.739844 0.9835939999999999 0.741406 1 0.732812
0 0.696875 0.727344 0.698438 0.730469 0.705469 0.734375 0.719531 0.7375 0.735156 0.738281 0.74375 0.736719 0.746875 0.733594 0.742188 0.727344 0.728906 0.724219 0.707031 0.723437
1 0.896875 0.867578 0.8894529999999999 0.867188 0.8894529999999999 0.8132810000000001 0.896875 0.8128910000000001 0.9160160000000002 0.798438 0.909766 0.790625 0.909766 0.775781 0.914453 0.758594 0.926562 0.758203 0.9222660000000001 0.784375 0.925391 0.79375 0.934766 0.797656 0.934766 0.81875 0.925391 0.822656 0.9113279999999999 0.85 0.896875 0.867578
1 0.5 0.716016 0.477344 0.716016 0.47695300000000007 0.705469 0.496875 0.705078 0.523438 0.698828 0.526953 0.695312 0.525391 0.677344 0.5375 0.676953 0.539453 0.689063 0.542578 0.695312 0.551953 0.702344 0.551953 0.70625 0.548438 0.709766 0.532031 0.709766 0.5 0.716016
1 0.279687 0.705078 0.270703 0.704688 0.270703 0.677344 0.276562 0.676953 0.286328 0.66875 0.291406 0.651953 0.301563 0.651953 0.300391 0.679688 0.286328 0.692969 0.279687 0.705078
1 0.581641 0.9992189999999999 0.575391 0.989062 0.575391 0.974219 0.560937 0.9628910000000002 0.551953 0.960938 0.552344 0.945703 0.565625 0.945703 0.567969 0.9535160000000001 0.59375 0.966016 0.598828 0.9710940000000001 0.598828 0.985938 0.602344 0.992578 0.609766 0.9929690000000001 0.609766 0.9992189999999999
0 1 0.367969 0.99375 0.369531 0.9820309999999999 0.380469 0.9773440000000001 0.389062 0.9710940000000001 0.410156 0.9625 0.407813 0.928125 0.391406 0.9226560000000001 0.390625 0.91875 0.392188 0.9210939999999999 0.399219 0.940625 0.415625 0.9460940000000001 0.423438 0.9398440000000001 0.430469 0.9226560000000001 0.442969 0.921875 0.44843700000000003 0.932813 0.447656 0.946875 0.440625 0.95625 0.433594 0.963281 0.43281200000000003 0.9914059999999999 0.45625 0.99375 0.471094 0.995313 0.470313 0.996094 0.46406200000000003 1 0.4625
0 0.43125 0.778125 0.428906 0.784375 0.432031 0.794531 0.440625 0.800781 0.470313 0.8445310000000001 0.48125 0.855469 0.492969 0.8625 0.508594 0.860938 0.510938 0.85625 0.510938 0.849219 0.504687 0.8375 0.46875 0.801562 0.450781 0.785937 0.439844 0.778125
0 0.390625 0.340625 0.392188 0.349219 0.414844 0.378906 0.43828100000000003 0.396875 0.442969 0.403906 0.45234399999999997 0.404687 0.451562 0.4 0.446875 0.398438 0.446875 0.396094 0.439063 0.388281 0.43281200000000003 0.376563 0.417969 0.360938 0.396094 0.341406