0 0.607812 0.8507809999999999 0.599219 0.859375 0.582812 0.8976559999999999 0.580469 0.9070310000000001 0.580469 0.920312 0.589844 0.935937 0.589844 0.940625 0.585938 0.946875 0.578906 0.953125 0.575781 0.9601559999999999 0.571875 0.9773440000000001 0.570312 1 0.613281 1 0.617969 0.958594 0.615625 0.939063 0.610938 0.927344 0.6125 0.9132809999999999 0.6125 0.8726559999999999 0.610156 0.855469
3 0.416406 0.389062 0.41093799999999997 0.385937 0.403906 0.392969 0.396875 0.409375 0.392969 0.413281 0.372656 0.414844 0.360156 0.41875 0.338281 0.43125 0.315625 0.451562 0.313281 0.457031 0.314063 0.472656 0.316406 0.477344 0.313281 0.48906299999999997 0.314063 0.49375 0.326562 0.492969 0.346875 0.48125 0.364844 0.475781 0.366406 0.480469 0.369531 0.48125 0.382031 0.470313 0.395313 0.454688 0.408594 0.433594 0.4125 0.43125 0.423438 0.408594 0.423438 0.400781
1 0.146875 0.22968700000000003 0.142187 0.23203100000000002 0.141406 0.264062 0.146094 0.278125 0.15625 0.291406 0.15 0.294531 0.142187 0.304688 0.139844 0.313281 0.138281 0.314063 0.141406 0.319531 0.144531 0.317969 0.149219 0.308594 0.160156 0.297656 0.170313 0.294531 0.171875 0.292187 0.171094 0.286719 0.166406 0.280469 0.153906 0.253906
0 0.166406 0.091406 0.160938 0.092969 0.157031 0.096875 0.155469 0.110156 0.15 0.11640599999999998 0.141406 0.115625 0.133594 0.126562 0.130469 0.136719 0.129688 0.157031 0.133594 0.172656 0.134375 0.184375 0.125 0.195312 0.121094 0.203125 0.11875 0.225781 0.121094 0.24765600000000002 0.127344 0.260156 0.134375 0.267969 0.141406 0.264062 0.144531 0.25 0.146875 0.248438 0.146875 0.232813 0.150781 0.20625 0.145313 0.19375 0.145313 0.182031 0.150781 0.172656 0.157031 0.142187 0.170313 0.108594 0.169531 0.097656
0 0.059375 0.379688 0.054688 0.3875 0.053905999999999996 0.416406 0.060156 0.425781 0.069531 0.43125 0.072656 0.435156 0.060937 0.44843700000000003 0.057813 0.4625 0.058594 0.484375 0.061719 0.496875 0.06875 0.508594 0.077344 0.516406 0.085156 0.517188 0.088281 0.510938 0.089063 0.500781 0.086719 0.4875 0.085156 0.44531200000000004 0.082812 0.433594 0.088281 0.428125 0.089063 0.42265600000000003 0.080469 0.40703100000000003 0.067187 0.390625 0.060937 0.379688
0 0.234375 0.345313 0.235937 0.359375 0.24609399999999998 0.360938 0.251563 0.366406 0.257031 0.364844 0.261719 0.367969 0.270313 0.367188 0.280469 0.371094 0.3 0.370312 0.303125 0.366406 0.304688 0.377344 0.323437 0.389844 0.353125 0.396875 0.369531 0.396875 0.371094 0.388281 0.369531 0.379688 0.364844 0.376563 0.327344 0.3625 0.3125 0.359375 0.30625 0.364844 0.302344 0.364844 0.297656 0.357812 0.288281 0.349219 0.260937 0.341406 0.242969 0.341406
2 0.225 0.45625 0.22109399999999998 0.46406200000000003 0.21640600000000002 0.467187 0.208594 0.47968700000000003 0.203125 0.49218799999999996 0.203906 0.503125 0.208594 0.508594 0.2125 0.507812 0.217188 0.503125 0.220312 0.47968700000000003 0.225 0.47656200000000004 0.228125 0.463281 0.228125 0.458594
1 0.151562 0.571875 0.149219 0.571875 0.148438 0.576562 0.157031 0.5875 0.145313 0.59375 0.132812 0.60625 0.121875 0.625 0.120313 0.639062 0.123438 0.651563 0.126562 0.655469 0.13125 0.654687 0.136719 0.646875 0.144531 0.639844 0.152344 0.625 0.1625 0.611719 0.163281 0.599219 0.167969 0.590625 0.171094 0.588281 0.165625 0.579688 0.155469 0.577344
0 0.060156 0.692187 0.05625 0.700781 0.055469000000000004 0.719531 0.060156 0.727344 0.0625 0.742969 0.070391 0.750625 0.059297 0.747031 0.044453 0.739609 0.054766 0.751172 0.075 0.7625 0.071875 0.772656 0.071875 0.783594 0.077344 0.800781 0.085156 0.802344 0.088281 0.8 0.088281 0.786719 0.083594 0.739062 0.076563 0.723437 0.076563 0.715625 0.071875 0.702344 0.064844 0.692187
1 0.23203100000000002 0.820312 0.226562 0.8257809999999999 0.227344 0.829688 0.225781 0.833594 0.225781 0.84375 0.228906 0.853906 0.23671899999999998 0.8617190000000001 0.246875 0.867188 0.2625 0.8679690000000001 0.267969 0.865625 0.269531 0.867188 0.26875 0.8773440000000001 0.272656 0.8882809999999999 0.282813 0.900781 0.2875 0.902344 0.285938 0.8929690000000001 0.282031 0.8882809999999999 0.278906 0.880469 0.279687 0.876563 0.276562 0.8726559999999999 0.278125 0.870313 0.277344 0.860938 0.28125 0.853906 0.278906 0.8507809999999999 0.273438 0.855469 0.271094 0.855469 0.267188 0.851562 0.260937 0.85 0.252344 0.8445310000000001 0.249219 0.840625 0.250781 0.8257809999999999 0.23828100000000002 0.8195309999999999
1 0.28125 0.661719 0.28125 0.667969 0.285938 0.682813 0.294531 0.69375 0.305469 0.702344 0.320312 0.709375 0.336719 0.711719 0.36875 0.710156 0.371875 0.7125 0.376563 0.724219 0.382812 0.729688 0.40507799999999994 0.734844 0.393516 0.725391 0.385937 0.717187 0.378125 0.709375 0.378125 0.701562 0.380469 0.696875 0.367969 0.688281 0.360938 0.6875 0.307812 0.664062 0.2875 0.660156
2 0.43671899999999997 0.760156 0.43125 0.761719 0.425781 0.780469 0.425 0.791406 0.428125 0.792188 0.43828100000000003 0.771094 0.440625 0.763281
2 0.283594 0.42656299999999997 0.275 0.425 0.253906 0.43125 0.24765600000000002 0.435937 0.24375 0.435937 0.23906299999999997 0.442969 0.23906299999999997 0.451562 0.248438 0.451562 0.280469 0.43125
2 0.310156 0.46796899999999997 0.301563 0.46406200000000003 0.283594 0.46406200000000003 0.269531 0.466406 0.242969 0.478906 0.233594 0.490625 0.235937 0.492969 0.244531 0.49218799999999996 0.286719 0.48125 0.310156 0.471094
0 0.424219 0.264844 0.41093799999999997 0.264844 0.395313 0.270313 0.392188 0.274219 0.392188 0.280469 0.39375 0.282813 0.392188 0.285156 0.376563 0.284375 0.364844 0.285938 0.349219 0.290625 0.33125 0.300781 0.310937 0.319531 0.296094 0.349219 0.295312 0.355469 0.3 0.357031 0.3625 0.324219 0.392188 0.3 0.398438 0.288281 0.416406 0.277344 0.425 0.267969
2 0.378125 0.310156 0.383594 0.316406 0.410156 0.33125 0.415625 0.332813 0.42265600000000003 0.33125 0.421875 0.325781 0.392188 0.307812 0.384375 0.305469
0 0.41093799999999997 0.213281 0.4058590000000001 0.22078100000000003 0.400781 0.228125 0.400781 0.233594 0.40703100000000003 0.240625 0.408594 0.24531200000000003 0.407813 0.252344 0.402344 0.25625 0.395313 0.257812 0.374219 0.257812 0.34375 0.253906 0.326562 0.257812 0.305469 0.258594 0.297656 0.25625 0.301563 0.251563 0.320312 0.239844 0.323437 0.23671899999999998 0.322656 0.23203100000000002 0.324219 0.228125 0.333594 0.221875 0.348438 0.219531 0.389062 0.225781 0.39375 0.221875 0.4 0.2125 0.416953 0.20023399999999997 0.422891 0.198359
2 0.308594 0.258594 0.305469 0.261719 0.30625 0.271094 0.317969 0.286719 0.320312 0.286719 0.321875 0.285156 0.321875 0.279687 0.314844 0.258594
0 0.303906 0.15 0.300781 0.157812 0.301563 0.164062 0.30625 0.174219 0.317188 0.185938 0.314063 0.1875 0.30625 0.185156 0.289844 0.184375 0.284375 0.188281 0.285156 0.190625 0.307031 0.203125 0.326562 0.20703100000000002 0.347656 0.20781299999999997 0.349219 0.209375 0.346875 0.217188 0.349219 0.219531 0.389062 0.225 0.386719 0.220312 0.358594 0.203125 0.357812 0.192969 0.350781 0.176563 0.332813 0.155469 0.319531 0.148438 0.310156 0.147656
0 0.45234399999999997 0.277344 0.451562 0.279687 0.45390600000000003 0.285156 0.466406 0.301563 0.489844 0.321875 0.496094 0.322656 0.496094 0.325781 0.492969 0.329688 0.49375 0.338281 0.507031 0.358594 0.527344 0.373437 0.550781 0.383594 0.555469 0.382812 0.555469 0.378906 0.54375 0.357812 0.517969 0.325781 0.510156 0.320312 0.49921899999999997 0.319531 0.490625 0.303906 0.486719 0.3 0.47656200000000004 0.29375 0.45625 0.277344
0 0.43281200000000003 0.174219 0.43671899999999997 0.176563 0.44531200000000004 0.177344 0.486719 0.176563 0.505469 0.180469 0.514062 0.180469 0.516406 0.178906 0.516406 0.173437 0.517969 0.171875 0.528125 0.16875 0.546094 0.16875 0.548438 0.165625 0.536719 0.160938 0.523438 0.160938 0.517188 0.164062 0.513281 0.16875 0.498437 0.161719 0.474219 0.158594 0.466406 0.160938 0.446875 0.161719 0.442969 0.163281
0 0.65 0.192969 0.642188 0.191406 0.625781 0.209375 0.625781 0.2125 0.622656 0.217188 0.58125 0.21484399999999998 0.535156 0.22265600000000002 0.516406 0.23125 0.514062 0.235156 0.514062 0.240625 0.523438 0.24375 0.54375 0.244531 0.632031 0.232813 0.635156 0.228906 0.632812 0.22109399999999998 0.639844 0.208594 0.650781 0.197656
0 0.614844 0.553125 0.608594 0.557031 0.6 0.570312 0.582812 0.607031 0.578906 0.611719 0.576562 0.619531 0.575 0.639062 0.579688 0.654687 0.5875 0.661719 0.590625 0.6625 0.597656 0.672656 0.6 0.692187 0.596094 0.7 0.592969 0.715625 0.59375 0.741406 0.602344 0.767188 0.615625 0.782031 0.619531 0.779687 0.621875 0.764844 0.620313 0.719531 0.615625 0.699219 0.60625 0.686719 0.604688 0.674219 0.611719 0.664062 0.615625 0.654687 0.617188 0.582812 0.619531 0.55625
1 0.617969 0.782813 0.61875 0.785156 0.627344 0.785156 0.638281 0.788281 0.670312 0.7875 0.680469 0.782813 0.682813 0.782813 0.686719 0.7875 0.695312 0.7875 0.69375 0.782813 0.685937 0.779687 0.690625 0.776563 0.692969 0.769531 0.682813 0.767188 0.622656 0.767188
0 0.4375 0.86875 0.42109399999999997 0.8625 0.413281 0.8570309999999999 0.4125 0.853125 0.416406 0.845313 0.416406 0.840625 0.396875 0.8414059999999999 0.3375 0.867188 0.314844 0.885156 0.330469 0.8898439999999999 0.344531 0.8898439999999999 0.364063 0.885156 0.377344 0.8773440000000001 0.408594 0.8773440000000001 0.4125 0.871875 0.43281200000000003 0.8726559999999999
3 0.40703100000000003 0.342969 0.407813 0.366406 0.413281 0.384375 0.425 0.403125 0.439844 0.416406 0.42656299999999997 0.43828100000000003 0.425 0.44843700000000003 0.433594 0.454688 0.44375 0.455469 0.458594 0.451562 0.46093799999999996 0.455469 0.463281 0.475 0.46875 0.486719 0.471094 0.488281 0.47343799999999997 0.482812 0.475781 0.45781299999999997 0.482812 0.451562 0.486719 0.44531200000000004 0.486719 0.440625 0.48906299999999997 0.43671899999999997 0.500781 0.428125 0.503125 0.424219 0.503125 0.420312 0.507812 0.415625 0.508594 0.411719 0.505469 0.407813 0.497656 0.403906 0.474219 0.403906 0.442969 0.369531 0.425781 0.357812 0.4125 0.342969
1 0.709375 0.8125 0.699219 0.838281 0.698438 0.8460940000000001 0.703906 0.85 0.704688 0.855469 0.701562 0.8679690000000001 0.695312 0.880469 0.696094 0.904687 0.697656 0.904687 0.705469 0.882812 0.709375 0.853125 0.717187 0.846875 0.721875 0.83125 0.721094 0.822656
0 0.853125 0.910937 0.849219 0.917188 0.851172 0.931719 0.85375 0.942422 0.853906 0.951562 0.857812 0.959375 0.8625 0.9460940000000001 0.862813 0.934766 0.864844 0.927344
1 0.8882809999999999 0.742188 0.884375 0.741406 0.8773440000000001 0.74375 0.857812 0.755469 0.8445310000000001 0.767969 0.8367190000000001 0.782031 0.821875 0.784375 0.80625 0.790625 0.776563 0.810937 0.746875 0.8429689999999999 0.742188 0.853125 0.742188 0.8617190000000001 0.75 0.8617190000000001 0.767188 0.8570309999999999 0.783594 0.85 0.8195309999999999 0.825 0.833594 0.8117189999999999 0.8429689999999999 0.799219 0.854688 0.798438 0.865625 0.791406 0.878125 0.775 0.885938 0.755469
1 0.8507809999999999 0.661719 0.853125 0.667969 0.871875 0.682813 0.8835940000000001 0.686719 0.904687 0.686719 0.910937 0.701562 0.939063 0.726562 0.94375 0.728906 0.945312 0.717187 0.948438 0.7125 0.9523439999999999 0.710938 0.9523439999999999 0.708594 0.921875 0.68125 0.909375 0.675 0.900781 0.678906 0.855469 0.661719
0 0.8367190000000001 0.710156 0.835938 0.704688 0.807813 0.703906 0.772656 0.698438 0.766406 0.696094 0.742969 0.696094 0.734375 0.692969 0.728125 0.692969 0.728125 0.700781 0.722656 0.705469 0.703906 0.702344 0.674219 0.704688 0.627344 0.698438 0.617969 0.700781 0.61875 0.70625 0.625 0.713281 0.636719 0.719531 0.65 0.723437 0.683594 0.728906 0.689063 0.724219 0.709375 0.717969 0.7125 0.715625 0.715625 0.717187 0.725781 0.715625 0.730469 0.722656 0.742969 0.729688 0.771875 0.734375 0.8 0.732812 0.8132810000000001 0.726562 0.821875 0.720313 0.8289060000000001 0.717969
0 0.764844 0.554688 0.760938 0.55625 0.754687 0.575 0.75625 0.588281 0.7625 0.596875 0.748437 0.602344 0.735938 0.613281 0.73125 0.614844 0.732031 0.621094 0.735938 0.622656 0.739844 0.627344 0.738281 0.646094 0.735938 0.648438 0.708594 0.647656 0.704688 0.653906 0.703125 0.661719 0.704688 0.664844 0.721094 0.667969 0.734375 0.6625 0.75625 0.64375 0.765625 0.629687 0.771094 0.614844 0.770312 0.6 0.772656 0.596875 0.777344 0.580469 0.771875 0.569531 0.771875 0.560156
1 0.570312 0.507031 0.56875 0.509375 0.567969 0.524219 0.56875 0.530469 0.574219 0.540625 0.586719 0.554688 0.602344 0.566406 0.604688 0.565625 0.610938 0.557031 0.616406 0.554688 0.61875 0.557813 0.617188 0.563281 0.617969 0.575781 0.621094 0.578125 0.628906 0.579688 0.63125 0.582031 0.632031 0.591406 0.638281 0.600781 0.642188 0.613281 0.65 0.619531 0.65625 0.619531 0.657813 0.614844 0.652344 0.6 0.650781 0.585156 0.636719 0.575781 0.635938 0.567969 0.632812 0.560156 0.625781 0.553125 0.621875 0.546094 0.60625 0.530469 0.588281 0.521875 0.572656 0.50625
0 0.8726559999999999 0.55625 0.876563 0.564844 0.8882809999999999 0.578125 0.9 0.586719 0.9148440000000001 0.594531 0.921875 0.596875 0.9398440000000001 0.595313 0.946875 0.589063 0.9539060000000001 0.6 0.9523439999999999 0.616406 0.953125 0.630469 0.9554690000000001 0.630469 0.959375 0.622656 0.9601559999999999 0.610156 0.958594 0.603125 0.9625 0.603906 0.974219 0.6125 0.99375 0.621094 1 0.621875 1 0.582812 0.964844 0.567187 0.9539060000000001 0.564063 0.939063 0.564063 0.940625 0.575781 0.9382810000000001 0.576562 0.910937 0.564063 0.894531 0.560937 0.878125 0.554688
2 0.93125 0.470313 0.9289059999999999 0.46875 0.917969 0.46796899999999997 0.896094 0.474219 0.890625 0.474219 0.8757810000000001 0.478906 0.873437 0.482031 0.8742189999999999 0.486719 0.8976559999999999 0.4875 0.9226560000000001 0.477344
2 0.978906 0.49375 0.974219 0.49375 0.9617190000000001 0.504687 0.941406 0.527344 0.9367189999999999 0.538281 0.9367189999999999 0.548438 0.941406 0.559375 0.947656 0.560156 0.9539060000000001 0.553906 0.9617190000000001 0.535156 0.9773440000000001 0.505469
0 0.638281 0.350781 0.6375 0.366406 0.639062 0.382812 0.648438 0.40625 0.654687 0.415625 0.665625 0.42656299999999997 0.68125 0.435156 0.689844 0.43671899999999997 0.692969 0.439063 0.682813 0.450781 0.680469 0.46406200000000003 0.682813 0.484375 0.689063 0.497656 0.69375 0.496875 0.696094 0.449219 0.699219 0.444531 0.703125 0.441406 0.709375 0.439844 0.709375 0.43828100000000003 0.703906 0.43281200000000003 0.703125 0.427344 0.692187 0.40703100000000003 0.672656 0.379688 0.645312 0.351562
2 0.73125 0.532813 0.714844 0.53125 0.70625 0.533594 0.695312 0.539062 0.685156 0.548438 0.682813 0.553125 0.685937 0.553906 0.705469 0.548438 0.726562 0.5375
0 0.735938 0.296094 0.732812 0.307812 0.733594 0.326562 0.742188 0.357031 0.750781 0.372656 0.755469 0.377344 0.763281 0.379688 0.772656 0.379688 0.772656 0.384375 0.7625 0.392969 0.755469 0.407813 0.752344 0.424219 0.752344 0.433594 0.757812 0.463281 0.7625 0.475781 0.766406 0.482031 0.773438 0.482031 0.788281 0.477344 0.792188 0.472656 0.789844 0.434375 0.783594 0.395313 0.776563 0.378906 0.776563 0.367969 0.769531 0.357031 0.748437 0.307812 0.742188 0.300781 0.741406 0.297656
2 0.782813 0.35 0.78125 0.357031 0.792188 0.375 0.796094 0.376563 0.807031 0.375781 0.8101559999999999 0.370312 0.808594 0.364063 0.799219 0.361719 0.786719 0.350781
1 0.9226560000000001 0.261719 0.9195309999999999 0.260937 0.916406 0.2625 0.889062 0.290625 0.871875 0.317969 0.873437 0.323437 0.870313 0.327344 0.870313 0.339062 0.873437 0.339844 0.8773440000000001 0.338281 0.889062 0.321875 0.9070310000000001 0.305469 0.911719 0.295312 0.916406 0.289844 0.925781 0.267969
0 0.808594 0.170313 0.807813 0.174219 0.821875 0.19375 0.8367190000000001 0.209375 0.884375 0.242969 0.904687 0.24375 0.9148440000000001 0.240625 0.921875 0.241406 0.9242190000000001 0.24531200000000003 0.926562 0.264062 0.934375 0.283594 0.957812 0.314844 0.9625 0.316406 0.978125 0.327344 0.98125 0.325 0.980469 0.317188 0.9757809999999999 0.307031 0.96875 0.279687 0.9617190000000001 0.267188 0.953125 0.258594 0.9367189999999999 0.24765600000000002 0.932031 0.2375 0.920312 0.227344 0.9148440000000001 0.217188 0.896875 0.20078100000000002 0.849219 0.178125 0.823438 0.170313 0.8117189999999999 0.16875
0 0.578906 0.161719 0.578906 0.166406 0.58125 0.167969 0.596094 0.171094 0.608594 0.178125 0.630469 0.184375 0.669531 0.199219 0.692187 0.20078100000000002 0.705469 0.196875 0.709375 0.201563 0.710938 0.209375 0.727344 0.221875 0.736719 0.226562 0.7625 0.234375 0.775781 0.244531 0.783594 0.24609399999999998 0.7875 0.242969 0.786719 0.235937 0.775 0.22343799999999997 0.772656 0.217188 0.741406 0.189844 0.728906 0.183594 0.721094 0.183594 0.7125 0.188281 0.709375 0.188281 0.703125 0.175781 0.690625 0.1625 0.66875 0.149219 0.653906 0.147656 0.642188 0.140625 0.638281 0.135156 0.622656 0.135156 0.603125 0.141406 0.591406 0.153125
0 0.75625 0.047656 0.752344 0.045312 0.738281 0.047656 0.73125 0.050781 0.711719 0.054688 0.695312 0.0625 0.678125 0.076563 0.671875 0.086719 0.670312 0.097656 0.665625 0.10234400000000002 0.647656 0.107813 0.64375 0.11171899999999998 0.635156 0.11484399999999999 0.621875 0.114062 0.621094 0.11953100000000001 0.617188 0.124219 0.599219 0.134375 0.592187 0.142969 0.598437 0.14375 0.604688 0.139063 0.610938 0.139063 0.624219 0.134375 0.639062 0.132812 0.646875 0.125781 0.658594 0.123438 0.667188 0.11796900000000002 0.674219 0.115625 0.686719 0.115625 0.70625 0.108594 0.719531 0.097656
2 0.6 0.05 0.600781 0.054688 0.617969 0.067187 0.634375 0.073438 0.639844 0.071875 0.641406 0.06875 0.640625 0.063281 0.603906 0.049219
2 0.614844 0.009375 0.610938 0.008594 0.607031 0.011719 0.607812 0.017188 0.602344 0.026561999999999995 0.596875 0.041406 0.596875 0.05 0.599219 0.052344 0.617188 0.022656 0.621094 0.01875 0.621094 0.015625
2 0.44375 0 0.44375 0.00625 0.447656 0.014844 0.45234399999999997 0.01875 0.458594 0.029687 0.46796899999999997 0.038281 0.48125 0.04375 0.49218799999999996 0.042969 0.49375 0.044531 0.491406 0.052344 0.492969 0.061719 0.497656 0.06875 0.503125 0.06875 0.49921899999999997 0.053125 0.5 0.036719 0.496094 0.032813 0.4875 0.030469000000000003 0.478125 0.023438 0.454688 0
1 0.699219 0 0.688281 0 0.690625 0.007031 0.704688 0.025 0.694531 0.04375 0.692187 0.055469000000000004 0.692969 0.064062 0.71875 0.052344 0.721875 0.032031 0.721094 0.026561999999999995 0.707812 0.014063 0.700781 0.005469
1 0.907813 0 0.907813 0.010937 0.909375 0.014063 0.921875 0.023438 0.9351559999999999 0.038281 0.9539060000000001 0.048438 0.96875 0.063281 0.974219 0.065625 0.978906 0.064844 0.980469 0.060937 0.978906 0.039844 0.9695310000000001 0.014063 0.9617190000000001 0
2 0.640625 0.389844 0.639062 0.388281 0.627344 0.388281 0.625 0.391406 0.616406 0.395313 0.611719 0.403906 0.599219 0.415625 0.595313 0.424219 0.604688 0.424219 0.620313 0.416406 0.639062 0.403906 0.642969 0.398438