0 0.41093799999999997 0.528906 0.409375 0.5375 0.41875 0.546875 0.43125 0.553906 0.43828100000000003 0.554688 0.44843700000000003 0.564844 0.453125 0.566406 0.460156 0.576562 0.47835900000000003 0.583594 0.460156 0.567969 0.46093799999999996 0.558594 0.451562 0.529687 0.44531200000000004 0.519531 0.434375 0.519531 0.43125 0.521094 0.43125 0.525781 0.419531 0.525781
2 0.864844 0.738281 0.865625 0.744531 0.8742189999999999 0.755469 0.882812 0.771094 0.890625 0.779687 0.896875 0.779687 0.885938 0.758594 0.8773440000000001 0.746094 0.869531 0.739062
0 0.8375 0.567969 0.8375 0.573438 0.842187 0.580469 0.8429689999999999 0.592969 0.855469 0.632812 0.857812 0.635156 0.859375 0.646875 0.865625 0.655469 0.920312 0.660937 0.941406 0.660937 0.946875 0.658594 0.9445309999999999 0.65625 0.915625 0.646875 0.895312 0.642969 0.895312 0.638281 0.901563 0.625781 0.900781 0.621094 0.89375 0.627344 0.8835940000000001 0.641406 0.8742189999999999 0.644531 0.873437 0.642188 0.880469 0.627344 0.879687 0.615625 0.875 0.6 0.867188 0.5875 0.8585939999999999 0.578906
0 0.603906 0.544531 0.600781 0.547656 0.597656 0.555469 0.591406 0.589844 0.5875 0.602344 0.586719 0.61875 0.589844 0.634375 0.582812 0.6375 0.579688 0.642969 0.583594 0.650781 0.599219 0.657813 0.602344 0.660937 0.607812 0.69375 0.611719 0.696094 0.61875 0.6625 0.63125 0.658594 0.646875 0.658594 0.646875 0.653125 0.640625 0.644531 0.630469 0.636719 0.605469 0.634375 0.6 0.63125 0.608594 0.625781 0.614844 0.617188 0.619531 0.605469 0.621875 0.592187 0.617969 0.560156 0.611719 0.548438 0.607812 0.544531
1 0.544531 0.55 0.54375 0.561719 0.546094 0.564844 0.546094 0.572656 0.544531 0.578125 0.540625 0.582812 0.540625 0.585938 0.542969 0.588281 0.542969 0.595313 0.539844 0.599219 0.539844 0.605469 0.565625 0.654687 0.571875 0.663281 0.576562 0.663281 0.578125 0.658594 0.578125 0.639062 0.575781 0.621094 0.565625 0.600781 0.55625 0.596094 0.552344 0.591406 0.553125 0.571875 0.550781 0.567969 0.549219 0.553906
0 0.642969 0.432031 0.640625 0.435156 0.636719 0.449219 0.628906 0.454688 0.613281 0.475 0.609375 0.4875 0.610156 0.503125 0.61875 0.507031 0.625 0.527344 0.634375 0.545312 0.638281 0.548438 0.640625 0.546094 0.644531 0.529687 0.642969 0.517188 0.635156 0.50625 0.625781 0.502344 0.63125 0.5 0.642188 0.486719 0.644531 0.475781 0.64375 0.463281 0.645312 0.455469 0.645312 0.435156
0 0.663281 0.319531 0.653906 0.321875 0.649219 0.327344 0.642969 0.340625 0.639844 0.353906 0.634375 0.359375 0.625 0.375 0.624219 0.38125 0.615625 0.4 0.614062 0.411719 0.614844 0.42265600000000003 0.619531 0.423438 0.634375 0.4125 0.638281 0.40625 0.640625 0.389062 0.646094 0.383594 0.657031 0.361719 0.664062 0.339844 0.666406 0.325
0 0.799219 0.42265600000000003 0.791406 0.417969 0.775 0.41718700000000003 0.75625 0.423438 0.744531 0.435156 0.732812 0.432031 0.728125 0.43281200000000003 0.71875 0.439844 0.716406 0.442969 0.716406 0.44843700000000003 0.7 0.461719 0.700781 0.467187 0.705469 0.467187 0.725781 0.46093799999999996 0.735938 0.45625 0.748437 0.446094 0.764062 0.446094 0.775 0.442969 0.785937 0.4375 0.797656 0.428125
0 0.675781 0.333594 0.675781 0.341406 0.680469 0.346094 0.685156 0.357812 0.716406 0.385937 0.721094 0.386719 0.732031 0.383594 0.739844 0.390625 0.771094 0.396875 0.797656 0.407813 0.803125 0.408594 0.8039059999999999 0.403125 0.798438 0.392969 0.794531 0.388281 0.782813 0.38125 0.769531 0.375781 0.746875 0.374219 0.739844 0.377344 0.736719 0.376563 0.728125 0.3625 0.725 0.351562 0.714844 0.340625 0.69375 0.329688 0.680469 0.330469
0 0.896094 0.40703100000000003 0.89375 0.410156 0.89375 0.416406 0.9 0.434375 0.9210939999999999 0.470313 0.925781 0.482812 0.932813 0.494531 0.93125 0.503125 0.93125 0.525 0.928125 0.542188 0.9289059999999999 0.547656 0.932813 0.549219 0.94375 0.529687 0.948438 0.514844 0.949219 0.503906 0.94375 0.490625 0.949219 0.482031 0.9523439999999999 0.458594 0.945312 0.451562 0.9382810000000001 0.433594 0.916406 0.415625
0 0.959375 0.303906 0.953125 0.310937 0.946875 0.314063 0.9289059999999999 0.344531 0.927344 0.353906 0.932031 0.353125 0.933594 0.358594 0.928125 0.375781 0.928125 0.38125 0.932031 0.382031 0.941406 0.379688 0.95625 0.364844 0.95625 0.357031 0.951562 0.354687 0.942969 0.353906 0.941406 0.35 0.9507809999999999 0.342187 0.959375 0.325 0.9617190000000001 0.314844 0.9617190000000001 0.307031
0 0.557031 0.9195309999999999 0.548438 0.91875 0.533594 0.923438 0.521094 0.9351559999999999 0.514844 0.9304690000000001 0.500781 0.934375 0.494531 0.9398440000000001 0.47343799999999997 0.947656 0.44531200000000004 0.964063 0.44218799999999997 0.9710940000000001 0.446875 0.974219 0.45234399999999997 0.974219 0.50625 0.964844 0.514062 0.967187 0.521094 0.959375 0.522656 0.951562 0.529687 0.947656 0.547656 0.929688 0.555469 0.9242190000000001
0 0.310156 0.8375 0.307812 0.8414059999999999 0.303906 0.86875 0.305469 0.896875 0.317188 0.9210939999999999 0.323437 0.925781 0.332031 0.9132809999999999 0.334375 0.896875 0.333594 0.886719 0.329688 0.871875 0.314844 0.842187
0 0.371875 0.8773440000000001 0.364063 0.889062 0.358594 0.9039059999999999 0.351562 0.939063 0.351562 0.954688 0.354687 0.965625 0.360156 0.975 0.3625 0.976562 0.369531 0.976562 0.373437 0.978906 0.378906 1 0.398438 1 0.396875 0.9875 0.389844 0.978125 0.385156 0.978125 0.379688 0.975 0.385156 0.96875 0.389062 0.957812 0.389062 0.915625 0.380469 0.884375 0.376563 0.878125
0 0.49921899999999997 0.4125 0.496094 0.41875 0.49921899999999997 0.425 0.513281 0.434375 0.525 0.44531200000000004 0.529687 0.446875 0.53125 0.442969 0.515625 0.416406 0.507031 0.41093799999999997
0 0.497656 0.016406 0.497656 0.028905999999999998 0.507031 0.060156 0.519531 0.086719 0.530469 0.10390600000000001 0.534375 0.104688 0.538281 0.10234400000000002 0.541406 0.096094 0.541406 0.078906 0.538281 0.06875 0.523438 0.048438 0.517969 0.0375 0.505469 0.026561999999999995
0 0.096875 0.052344 0.085156 0.051562 0.076563 0.05625 0.071094 0.063281 0.064062 0.077344 0.060937 0.078125 0.050781 0.075 0.0375 0.075 0.021875 0.078906 0.010156 0.084375 0 0.092969 0 0.114062 0.003125 0.114062 0.033594 0.099219 0.052344 0.095312 0.064844 0.096094 0.067969 0.094531 0.092188 0.066406 0.096875 0.057031
2 0.11171899999999998 0.015625 0.10625 0.021094 0.104688 0.034375 0.10703100000000002 0.044531 0.110937 0.041406 0.114062 0.017188
0 0.157031 0.039062 0.157812 0.040625 0.166406 0.040625 0.186719 0.034375 0.198437 0.027344 0.20703100000000002 0.014844 0.22343799999999997 0.015625 0.228906 0.0125 0.240625 0.010156 0.249219 0.00625 0.252344 0 0.185938 0 0.188281 0.005469 0.170313 0.015625 0.1625 0.023438 0.157812 0.030469000000000003
1 0.280469 0.0875 0.278125 0.0875 0.277344 0.094531 0.278906 0.10703100000000002 0.266406 0.105469 0.25625 0.108594 0.232813 0.12265600000000002 0.228906 0.126562 0.228125 0.13125 0.244531 0.128125 0.272656 0.11796900000000002 0.280469 0.117188 0.283594 0.11953100000000001 0.285938 0.109375
0 0.31875 0.06875 0.320312 0.076563 0.328906 0.085156 0.345313 0.095312 0.357031 0.099219 0.364844 0.099219 0.372656 0.110937 0.3875 0.125 0.403125 0.132812 0.408594 0.133594 0.41093799999999997 0.13125 0.407813 0.11953100000000001 0.395313 0.098437 0.397656 0.096094 0.413281 0.090625 0.415625 0.0875 0.4125 0.084375 0.396875 0.079687 0.380469 0.078906 0.365625 0.08125 0.357812 0.072656 0.344531 0.066406 0.324219 0.065625
0 0.328125 0.041406 0.327344 0.046094 0.329688 0.050781 0.342187 0.053905999999999996 0.360938 0.0625 0.374219 0.066406 0.38125 0.067187 0.385156 0.065625 0.3875 0.071875 0.389844 0.073438 0.428125 0.079687 0.42593800000000004 0.067422 0.421172 0.058672 0.404922 0.055313 0.414609 0.051562 0.434609 0.042812 0.410156 0.046094 0.400781 0.047656 0.392188 0.052344 0.385156 0.0625 0.382031 0.053125 0.374219 0.039844 0.366406 0.0375 0.364063 0.035156 0.3375 0.034375
0 0.349219 0.15 0.344531 0.150781 0.3375 0.167969 0.333594 0.172656 0.327344 0.1875 0.325781 0.197656 0.322656 0.201563 0.314063 0.196875 0.308594 0.203125 0.298438 0.202344 0.261719 0.21875 0.24375 0.23828100000000002 0.242969 0.24531200000000003 0.258594 0.242188 0.298438 0.227344 0.314063 0.217188 0.314063 0.20781299999999997 0.317188 0.204687 0.323437 0.20781299999999997 0.328125 0.20781299999999997 0.3375 0.203125 0.346094 0.194531 0.344531 0.176563 0.35 0.154688
0 0.13125 0.171875 0.126562 0.176563 0.115625 0.21406200000000003 0.113281 0.23125 0.121484 0.259766 0.106484 0.267813 0.125859 0.266016 0.132891 0.278203 0.11875 0.284375 0.11640599999999998 0.3 0.10703100000000002 0.332031 0.105469 0.364844 0.10703100000000002 0.36875 0.110937 0.370312 0.11875 0.364844 0.124219 0.355469 0.135937 0.327344 0.14375 0.303125 0.14375 0.286719 0.139844 0.279687 0.138281 0.266406 0.135937 0.261719 0.139063 0.226562 0.138281 0.196094 0.135156 0.180469
0 0.044531 0.360156 0.042188 0.3625 0.044531 0.373437 0.057813 0.390625 0.067187 0.40703100000000003 0.082031 0.419531 0.076563 0.421875 0.074219 0.425781 0.073438 0.43281200000000003 0.075781 0.444531 0.084375 0.460156 0.091406 0.467187 0.094531 0.467187 0.096094 0.464844 0.095312 0.43125 0.09375 0.423438 0.090625 0.419531 0.09375 0.410156 0.091406 0.396875 0.080469 0.378906 0.067187 0.366406 0.055469000000000004 0.360156
1 0 0.520312 0 0.542969 0.014063 0.550781 0.021094 0.550781 0.021094 0.54375 0.017969 0.534375 0.017969 0.521094 0.010156 0.525781
1 0.267969 0.514844 0.264062 0.508594 0.257031 0.505469 0.253906 0.508594 0.246875 0.507031 0.220312 0.516406 0.20625 0.529687 0.197656 0.532031 0.185156 0.530469 0.182031 0.533594 0.190625 0.539062 0.2 0.539062 0.208594 0.535937 0.21484399999999998 0.539062 0.225 0.539062 0.264844 0.523438 0.267188 0.521094
2 0.192188 0.4625 0.189844 0.467187 0.189844 0.484375 0.192969 0.492969 0.20078100000000002 0.50625 0.20703100000000002 0.509375 0.21406200000000003 0.516406 0.21640600000000002 0.510938 0.21640600000000002 0.501563 0.208594 0.497656 0.198437 0.46953100000000003 0.194531 0.4625
0 0.203125 0.450781 0.20078100000000002 0.45781299999999997 0.202344 0.46406200000000003 0.208594 0.471094 0.213281 0.472656 0.22968700000000003 0.489844 0.235937 0.5 0.24375 0.497656 0.259375 0.501563 0.282031 0.501563 0.284375 0.497656 0.267188 0.49218799999999996 0.24765600000000002 0.491406 0.24375 0.492969 0.242188 0.486719 0.244531 0.48359399999999997 0.248438 0.48359399999999997 0.249219 0.482031 0.217188 0.455469 0.210938 0.45390600000000003 0.20546899999999998 0.45
3 0.782813 0.864844 0.775 0.863281 0.767969 0.8664059999999999 0.751563 0.879687 0.74375 0.882812 0.735938 0.890625 0.729688 0.901563 0.717969 0.915625 0.711719 0.939063 0.714063 0.970313 0.698438 0.9929690000000001 0.697656 1 0.760938 1 0.757812 0.9695310000000001 0.752344 0.960938 0.741406 0.951562 0.751563 0.949219 0.78875 0.973672 0.776641 0.953438 0.764453 0.944688 0.784375 0.923438 0.789062 0.90625 0.789844 0.8742189999999999 0.788281 0.86875
0 0.152344 0.414844 0.153125 0.420312 0.15625 0.423438 0.171094 0.432031 0.183594 0.433594 0.20078100000000002 0.43281200000000003 0.20781299999999997 0.441406 0.228906 0.449219 0.24531200000000003 0.450781 0.252344 0.45 0.255469 0.447656 0.254688 0.44375 0.25 0.439063 0.23906299999999997 0.43281200000000003 0.217188 0.42656299999999997 0.20546899999999998 0.42656299999999997 0.189844 0.40703100000000003 0.1875 0.408594 0.166406 0.408594 0.153906 0.411719
0 0.310156 0.511719 0.308594 0.513281 0.307031 0.524219 0.309375 0.545312 0.323437 0.59375 0.33125 0.605469 0.328125 0.621875 0.321094 0.636719 0.323437 0.636719 0.329688 0.628906 0.340625 0.634375 0.361719 0.660937 0.367188 0.671094 0.382031 0.690625 0.386719 0.701562 0.392969 0.703125 0.394531 0.7 0.394531 0.669531 0.390625 0.65 0.382031 0.632812 0.367969 0.619531 0.353906 0.614844 0.345313 0.615625 0.341406 0.61875 0.3375 0.61875 0.339062 0.6125 0.346094 0.607812 0.342187 0.6 0.346094 0.578906 0.34375 0.557031 0.338281 0.542188 0.323437 0.520312 0.314844 0.513281
1 0.338281 0.735938 0.33125 0.735938 0.314844 0.741406 0.307031 0.746094 0.296094 0.748437 0.290625 0.753125 0.286719 0.753906 0.277344 0.766406 0.278125 0.772656 0.280469 0.774219 0.289062 0.774219 0.298438 0.770312 0.302344 0.771875 0.314063 0.771875 0.314063 0.760156
0 0.132812 0.83125 0.166406 0.832031 0.167969 0.8304690000000001 0.184375 0.8304690000000001 0.20781299999999997 0.821875 0.217188 0.820312 0.219531 0.817969 0.217969 0.815625 0.210156 0.8132810000000001 0.173437 0.8117189999999999 0.164062 0.815625 0.157812 0.825 0.153906 0.822656 0.142187 0.8273439999999999 0.134375 0.8273439999999999
0 0.096172 0.640547 0.079687 0.663281 0.075781 0.669531 0.0625 0.673438 0.060156 0.680469 0.052344 0.682813 0.048438 0.685937 0.048438 0.691406 0.045312 0.697656 0.042969 0.695312 0.034766 0.695156 0.022891 0.697734 0.011797 0.701641 0 0.709219 0 0.742188 0.015625 0.735938 0.027344 0.728125 0.034375 0.726562 0.042188 0.726562 0.044531 0.728906 0.044531 0.732031 0.041406 0.736719 0.045312 0.739844 0.049219 0.735938 0.055469000000000004 0.723437 0.05625 0.717187 0.060937 0.710938 0.0625 0.704688 0.067187 0.701562 0.0875 0.677344 0.091094 0.662188
0 0.009375 0.8367190000000001 0.0039060000000000006 0.8445310000000001 0.002344 0.8523440000000001 0 0.853125 0 0.8875 0.002344 0.8882809999999999 0.003125 0.8992190000000001 0.002344 0.9242190000000001 0.0125 0.939063 0.021875 0.946875 0.024219 0.945312 0.024219 0.939063 0.01875 0.9210939999999999 0.017188 0.902344 0.021875 0.894531 0.023438 0.886719 0.022656 0.865625 0.016406 0.8414059999999999 0.014063 0.8375
1 0.064844 0.892188 0.064062 0.903125 0.05625 0.911719 0.05 0.932813 0.050781 0.94375 0.055469000000000004 0.942969 0.060156 0.932813 0.067187 0.925781 0.075781 0.9085940000000001 0.076563 0.9039059999999999
0 0.169531 0.832812 0.165625 0.839844 0.163281 0.859375 0.163281 0.8757810000000001 0.165625 0.885938 0.182031 0.9039059999999999 0.189844 0.907813 0.185156 0.9195309999999999 0.185938 0.9242190000000001 0.203125 0.9398440000000001 0.228906 0.9695310000000001 0.232813 0.970313 0.234375 0.965625 0.233594 0.946875 0.221875 0.920312 0.209375 0.9085940000000001 0.189844 0.9070310000000001 0.191406 0.901563 0.195312 0.8976559999999999 0.197656 0.8875 0.195312 0.8679690000000001 0.185156 0.846875 0.174219 0.833594
0 0.139063 0.734375 0.134375 0.738281 0.129688 0.767188 0.130469 0.779687 0.134375 0.792969 0.142969 0.80625 0.125 0.8195309999999999 0.115625 0.833594 0.115625 0.8460940000000001 0.12265600000000002 0.853125 0.127344 0.853125 0.128125 0.848437 0.125781 0.842187 0.130469 0.838281 0.146094 0.83125 0.154688 0.8304690000000001 0.152344 0.8257809999999999 0.157812 0.8148440000000001 0.163281 0.810937 0.161719 0.8054690000000001 0.152344 0.796094 0.148438 0.761719
0 0.148438 0.9226560000000001 0.139844 0.91875 0.135937 0.91875 0.139063 0.9242190000000001 0.132812 0.934375 0.128125 0.9367189999999999 0.121875 0.9367189999999999 0.11640599999999998 0.940625 0.090625 0.949219 0.071094 0.963281 0.060156 0.9757809999999999 0.058594 0.9820309999999999 0.066406 0.9835939999999999 0.076563 0.98125 0.117188 0.965625 0.13125 0.945312 0.134375 0.945312 0.138281 0.9507809999999999 0.142969 0.948438
0 0.227344 0.8726559999999999 0.23125 0.889062 0.249219 0.9132809999999999 0.260937 0.917969 0.267969 0.9242190000000001 0.278906 0.928125 0.29375 0.9304690000000001 0.305469 0.929688 0.30625 0.927344 0.300781 0.9195309999999999 0.291406 0.910937 0.279687 0.9039059999999999 0.267188 0.90625 0.263281 0.911719 0.260156 0.907813 0.260156 0.9039059999999999 0.254688 0.892188 0.25625 0.8882809999999999 0.252344 0.889062 0.241406 0.8757810000000001 0.234375 0.871875
0 1 0.203125 0.9851560000000001 0.203906 0.9625 0.213281 0.951562 0.22968700000000003 0.9460940000000001 0.22109399999999998 0.9367189999999999 0.21406200000000003 0.929688 0.2125 0.907813 0.21406200000000003 0.879687 0.225781 0.869531 0.234375 0.8679690000000001 0.240625 0.8726559999999999 0.248438 0.885156 0.249219 0.926562 0.23906299999999997 0.94375 0.2375 0.95 0.232813 0.964844 0.235937 0.9835939999999999 0.235156 1 0.228906
0 0.94375 0.051562 0.940625 0.066406 0.942187 0.080469 0.926562 0.097656 0.920312 0.108594 0.915625 0.130469 0.915625 0.138281 0.920312 0.134375 0.927344 0.11796900000000002 0.933594 0.110156 0.940625 0.096094 0.9460940000000001 0.090625 0.949219 0.082812 0.95625 0.075781 0.959375 0.067187 0.963281 0.064844 0.9625 0.0625 0.9554690000000001 0.060156 0.9523439999999999 0.05625
0 0.725781 0 0.722656 0.028125 0.728125 0.05 0.733594 0.05625 0.739062 0.067969 0.751563 0.083594 0.759375 0.089844 0.764062 0.090625 0.767188 0.082031 0.767188 0.073438 0.761719 0.05625 0.755469 0.049219 0.747656 0.048438 0.744531 0.046094 0.750781 0.019531 0.751563 0
0 0.415625 0.78125 0.415625 0.789062 0.424219 0.807031 0.43125 0.833594 0.434375 0.839844 0.434375 0.847656 0.43125 0.8523440000000001 0.42968799999999996 0.867188 0.43125 0.88125 0.434375 0.884375 0.435156 0.890625 0.447656 0.896094 0.459375 0.885156 0.484375 0.90625 0.48906299999999997 0.9132809999999999 0.496094 0.9125 0.486719 0.892188 0.478906 0.885156 0.471094 0.88125 0.458594 0.8835940000000001 0.458594 0.880469 0.46406200000000003 0.8726559999999999 0.465625 0.865625 0.46406200000000003 0.8429689999999999 0.458594 0.825 0.439844 0.796875 0.424219 0.782031 0.420312 0.780469
0 0.527344 0.8289060000000001 0.526563 0.834375 0.542969 0.865625 0.55 0.892188 0.553125 0.896875 0.561719 0.900781 0.55625 0.9054689999999999 0.555469 0.9085940000000001 0.560156 0.909375 0.574219 0.91875 0.598437 0.929688 0.610938 0.940625 0.615625 0.942969 0.624219 0.942969 0.625781 0.940625 0.624219 0.934375 0.615625 0.91875 0.609375 0.911719 0.592969 0.8992190000000001 0.584375 0.896875 0.570312 0.896875 0.56875 0.895312 0.560937 0.860938 0.558594 0.8570309999999999 0.557031 0.845313 0.549219 0.8304690000000001 0.542188 0.826562
0 0.549219 0.678906 0.544531 0.678906 0.540625 0.682031 0.516406 0.725 0.502344 0.739062 0.497656 0.746094 0.49531200000000003 0.757031 0.49218799999999996 0.760156 0.490625 0.76875 0.486719 0.777344 0.484375 0.777344 0.482812 0.773438 0.478906 0.775 0.478125 0.779687 0.48125 0.779687 0.48125 0.783594 0.47656200000000004 0.789062 0.471094 0.801562 0.467187 0.803125 0.463281 0.809375 0.46093799999999996 0.8257809999999999 0.463281 0.839844 0.470313 0.839844 0.478906 0.833594 0.48515600000000003 0.823438 0.486719 0.8117189999999999 0.514844 0.782031 0.521094 0.779687 0.530469 0.767969 0.552344 0.75625 0.567187 0.744531 0.563281 0.742188 0.552344 0.74375 0.548438 0.746875 0.545312 0.745313 0.553906 0.713281 0.553125 0.686719
0 0.9710940000000001 0.8273439999999999 0.96875 0.8289060000000001 0.9625 0.840625 0.945312 0.8898439999999999 0.945312 0.895312 0.946875 0.898438 0.9523439999999999 0.900781 0.9539060000000001 0.907813 0.9507809999999999 0.934375 0.95 0.960938 0.951562 0.9664059999999999 0.9554690000000001 0.96875 0.958594 0.975 0.963281 0.975 0.975 0.9460940000000001 0.9773440000000001 0.932813 0.9773440000000001 0.91875 0.9710940000000001 0.902344 0.964063 0.896094 0.971875 0.8882809999999999 0.98125 0.8726559999999999 0.9875 0.853906 0.985938 0.847656 0.990625 0.8445310000000001 0.9914059999999999 0.840625 0.990625 0.8351559999999999 0.978906 0.832031
0 0.9867190000000001 0.669531 0.982812 0.665625 0.978125 0.665625 0.934375 0.678125 0.916406 0.685937 0.9 0.703125 0.889062 0.704688 0.8742189999999999 0.7125 0.853906 0.711719 0.829688 0.717187 0.8125 0.727344 0.804688 0.736719 0.808594 0.739062 0.853125 0.734375 0.879687 0.735156 0.8929690000000001 0.726562 0.91875 0.726562 0.959375 0.719531 0.9617190000000001 0.717969 0.9617190000000001 0.715625 0.958594 0.7125 0.9601559999999999 0.709375 0.971875 0.697656 0.985938 0.677344