2 0.717187 0.528125 0.711719 0.529687 0.7 0.553906 0.70625 0.553125 0.713281 0.546094 0.716406 0.5375
2 0.08125 0.10390600000000001 0.084375 0.10625 0.099219 0.10078099999999998 0.125781 0.097656 0.146875 0.092188 0.146875 0.0875 0.132031 0.083594 0.101562 0.085156 0.089844 0.090625
0 0.240625 0.039062 0.234375 0.039844 0.23125 0.04375 0.23125 0.059375 0.225 0.0875 0.225 0.107813 0.227344 0.109375 0.228906 0.11484399999999999 0.217969 0.15 0.220312 0.15625 0.232813 0.146094 0.23828100000000002 0.132812 0.239844 0.124219 0.23906299999999997 0.1125 0.241406 0.109375 0.24765600000000002 0.107813 0.254297 0.10109399999999999 0.24375 0.103125 0.239844 0.105469 0.23828100000000002 0.103125 0.24531200000000003 0.089063 0.249219 0.060937 0.246875 0.048438
2 0.213281 0.124219 0.211719 0.130469 0.20546899999999998 0.138281 0.198437 0.153125 0.196094 0.165625 0.197656 0.170313 0.196094 0.174219 0.201563 0.176563 0.20703100000000002 0.153906 0.21484399999999998 0.139063 0.215625 0.128906
2 0.485938 0.864844 0.485938 0.869531 0.502344 0.892188 0.517969 0.9070310000000001 0.525781 0.8976559999999999 0.521875 0.880469 0.514844 0.880469 0.490625 0.865625
2 0.734375 0.9132809999999999 0.738281 0.915625 0.765625 0.917188 0.773438 0.9125 0.775781 0.907813 0.735156 0.9085940000000001
1 0.367969 0.771875 0.360156 0.773438 0.336719 0.799219 0.314063 0.814063 0.313281 0.81875 0.315625 0.822656 0.314063 0.8273439999999999 0.308594 0.829688 0.310156 0.8367190000000001 0.317188 0.8367190000000001 0.31875 0.8351559999999999 0.320312 0.821875 0.330469 0.821875 0.346094 0.8132810000000001 0.357031 0.799219 0.36875 0.775781
1 0.409375 0.704688 0.397656 0.70625 0.385937 0.713281 0.364844 0.729688 0.348438 0.739062 0.332813 0.753906 0.321875 0.761719 0.309375 0.767188 0.309375 0.771875 0.325 0.771875 0.338281 0.764844 0.365625 0.75625 0.38125 0.746875 0.40546899999999997 0.721875 0.410156 0.7125
1 0.128906 0.590625 0.130469 0.603125 0.136719 0.615625 0.144531 0.639844 0.145313 0.654687 0.160156 0.657031 0.208594 0.646875 0.204687 0.642969 0.191406 0.642969 0.154688 0.648438 0.153906 0.646875 0.158594 0.641406 0.160156 0.636719 0.158594 0.622656 0.154688 0.614844 0.135937 0.591406 0.132812 0.589063
2 0.35 0.03125 0.345313 0.0375 0.346875 0.052344 0.345313 0.079687 0.35 0.080469 0.352344 0.077344 0.35625 0.051562 0.354687 0.044531 0.35625 0.036719
2 0.639062 0.732812 0.636719 0.735156 0.6375 0.763281 0.635938 0.773438 0.630469 0.7875 0.629687 0.796875 0.626563 0.802344 0.630469 0.804688 0.635156 0.803125 0.6375 0.799219 0.6375 0.79375 0.642969 0.780469 0.645312 0.767188 0.645312 0.75 0.642188 0.735938
1 0.082031 0.75625 0.085156 0.759375 0.096094 0.759375 0.138281 0.753125 0.145313 0.750781 0.152344 0.744531 0.192188 0.750781 0.199219 0.75 0.201563 0.747656 0.19375 0.742188 0.165625 0.739062 0.158594 0.735938 0.146875 0.7375 0.14375 0.735156 0.138281 0.734375 0.1125 0.739844 0.085156 0.753125
2 0.11953100000000001 0.671094 0.11484399999999999 0.677344 0.1125 0.6875 0.114062 0.697656 0.114062 0.724219 0.109375 0.735156 0.110156 0.7375 0.113281 0.7375 0.121094 0.732031 0.125 0.719531 0.125 0.703906 0.12265600000000002 0.69375 0.121875 0.677344
2 0.039844 0.724219 0.039062 0.73125 0.041406 0.741406 0.050781 0.759375 0.059375 0.765625 0.066406 0.763281 0.069531 0.760156 0.065625 0.749219 0.044531 0.725781
2 0.057031 0.935937 0.05 0.9375 0.035937 0.949219 0.028905999999999998 0.949219 0.024219 0.954688 0.014063 0.959375 0 0.960938 0 0.9679689999999999 0.016406 0.970313 0.036719 0.964844 0.046875 0.9554690000000001 0.058594 0.9398440000000001
2 0.2 0.751563 0.196875 0.755469 0.195312 0.771875 0.20078100000000002 0.791406 0.20546899999999998 0.796875 0.210938 0.792969 0.2125 0.776563 0.203125 0.753125
2 0.228906 0.923438 0.21640600000000002 0.921875 0.21484399999999998 0.925 0.20546899999999998 0.974219 0.208594 0.989844 0.20703100000000002 1 0.213281 1 0.217188 0.9835939999999999 0.217969 0.965625 0.228906 0.9367189999999999
1 0.360938 0.588281 0.35625 0.588281 0.353906 0.591406 0.342969 0.638281 0.335156 0.655469 0.323437 0.66875 0.323437 0.672656 0.325781 0.675781 0.338281 0.6625 0.342187 0.6625 0.351562 0.657031 0.374219 0.657031 0.376563 0.655469 0.376563 0.653906 0.364844 0.647656 0.35625 0.646094 0.361719 0.636719 0.364063 0.624219 0.3625 0.591406
1 0.22109399999999998 0.558594 0.22265600000000002 0.569531 0.22968700000000003 0.579688 0.25 0.591406 0.251563 0.59375 0.264062 0.592187 0.264062 0.5875 0.260156 0.583594 0.246875 0.575781 0.240625 0.56875 0.23671899999999998 0.56875 0.23046899999999998 0.559375 0.225 0.557031
2 0.319531 0.4625 0.310156 0.453125 0.302344 0.451562 0.2875 0.45625 0.282031 0.4625 0.28125 0.46796899999999997 0.284375 0.46875 0.299219 0.463281 0.308594 0.46406200000000003 0.31875 0.46796899999999997
1 0.18125 0.43281200000000003 0.180469 0.435937 0.185938 0.45234399999999997 0.196875 0.47343799999999997 0.20078100000000002 0.485938 0.204687 0.491406 0.208594 0.504687 0.210938 0.50625 0.216953 0.512031 0.218203 0.518047 0.220078 0.528594 0.22406200000000004 0.537188 0.229844 0.540391 0.227891 0.530859 0.226016 0.521328 0.225 0.518437 0.224219 0.5125 0.21484399999999998 0.503125 0.22109399999999998 0.490625 0.22109399999999998 0.466406 0.21406200000000003 0.45625 0.210938 0.44843700000000003 0.192188 0.435156 0.186719 0.43281200000000003
1 0.011953 0.389531 0.010391 0.394766 0.0039060000000000006 0.400781 0.010937 0.403906 0.023438 0.403906 0.04375 0.408594 0.074063 0.41601600000000005 0.064844 0.40351599999999993 0.049219 0.394531 0.029687 0.389844 0.018125 0.393125 0.017969 0.385937 0.016406 0.38125 0.016563 0.366563
2 0.067969 0.441406 0.061719 0.446875 0.061719 0.451562 0.083594 0.474219 0.085938 0.474219 0.0875 0.471875 0.086719 0.467187 0.078125 0.450781 0.071094 0.44218799999999997
2 0.076563 0.31875 0.069531 0.320312 0.048438 0.341406 0.040625 0.353906 0.040625 0.3625 0.045312 0.364063 0.051562 0.361719 0.060156 0.344531 0.076563 0.324219
2 0.107813 0.357031 0.088281 0.358594 0.070312 0.367969 0.069531 0.370312 0.076563 0.373437 0.080469 0.370312 0.090625 0.367969 0.094531 0.364844 0.10234400000000002 0.3625
0 0.119453 0.355 0.111484 0.359922 0.10554700000000002 0.362109 0.10351599999999998 0.364141 0.096875 0.366719 0.0925 0.36875 0.0825 0.371875 0.070703 0.375469 0.066641 0.374375 0.058594 0.375312 0.052344 0.372656 0.046094 0.376563 0.046094 0.380469 0.050781 0.385156 0.060937 0.3875 0.064062 0.389844 0.080469 0.390625 0.0875 0.383594 0.103125 0.382812 0.1125 0.378125 0.114922 0.373125
0 0.225 0.333594 0.21484399999999998 0.339844 0.201563 0.360156 0.198437 0.36875 0.199219 0.378906 0.196094 0.392188 0.197656 0.395313 0.201563 0.396094 0.208594 0.392188 0.217969 0.379688 0.217969 0.372656 0.21484399999999998 0.370312 0.21484399999999998 0.367969 0.22109399999999998 0.359375 0.227344 0.346094 0.228125 0.335938
2 0.294531 0.34375 0.296094 0.35 0.302344 0.354687 0.313281 0.35 0.319141 0.346328 0.3 0.346875
1 0.164844 0.264062 0.165625 0.267969 0.167969 0.269531 0.19375 0.267969 0.232813 0.258594 0.240625 0.250781 0.24609399999999998 0.251563 0.24765600000000002 0.25 0.250781 0.254688 0.260156 0.255469 0.278125 0.253125 0.283594 0.253906 0.292187 0.250781 0.300781 0.25 0.304688 0.248438 0.304688 0.246875 0.301563 0.24375 0.292187 0.240625 0.260937 0.239844 0.252344 0.241406 0.24531200000000003 0.24609399999999998 0.23671899999999998 0.24765600000000002 0.23203100000000002 0.239844 0.22343799999999997 0.235937 0.208594 0.235937 0.1875 0.24375 0.176563 0.249219 0.169531 0.255469 0.165625 0.255469
1 0.055469000000000004 0.228125 0.05625 0.23125 0.060937 0.23125 0.061719 0.228125 0.064844 0.225781 0.075 0.225781 0.0875 0.228125 0.097656 0.233594 0.104688 0.233594 0.107813 0.22968700000000003 0.104688 0.217188 0.098437 0.21406200000000003 0.073438 0.21484399999999998 0.064062 0.219531
2 0.192188 0.18125 0.192969 0.185938 0.202344 0.196094 0.208594 0.198437 0.215625 0.204687 0.22265600000000002 0.203906 0.224219 0.196875 0.217969 0.188281 0.203906 0.18125
1 0.035156 0 0.027344 0.008594 0.014844 0.029687 0.0125 0.039062 0.0125 0.05 0.020313 0.083594 0.029687 0.092969 0.042188 0.09375 0.042969 0.0875 0.0375 0.073438 0.034375 0.070312 0.029687 0.070312 0.028125 0.06875 0.035937 0.051562 0.038281 0.028905999999999998 0.041406 0.017969 0.041406 0
2 0.128125 0 0.128906 0.00625 0.132031 0.010937 0.136719 0.027344 0.135937 0.033594 0.1375 0.034375 0.138281 0.039062 0.142969 0.040625 0.145313 0.0375 0.144531 0.028905999999999998 0.146094 0.024219 0.146094 0.011719 0.142969 0
2 0.271875 0.021094 0.246875 0.022656 0.221875 0.028905999999999998 0.20625 0.036719 0.202344 0.040625 0.202344 0.042969 0.213281 0.050781 0.22265600000000002 0.044531 0.23906299999999997 0.039844 0.271875 0.026561999999999995
2 0.940625 0.646094 0.9375 0.646094 0.9351559999999999 0.648438 0.9289059999999999 0.660937 0.926562 0.686719 0.923438 0.692969 0.925 0.694531 0.932813 0.69375 0.934375 0.690625 0.935937 0.669531
2 0.585156 0.622656 0.589844 0.636719 0.600781 0.651563 0.605469 0.654687 0.611719 0.655469 0.615625 0.651563 0.615625 0.644531 0.607812 0.632812 0.590625 0.622656
2 0.375781 0.465625 0.376563 0.46796899999999997 0.397656 0.467187 0.42265600000000003 0.471094 0.42968799999999996 0.471094 0.434375 0.467187 0.43281200000000003 0.465625 0.410156 0.46093799999999996 0.389062 0.460156 0.385937 0.45781299999999997 0.380469 0.458594
1 0.333594 0.38125 0.3375 0.383594 0.352344 0.386719 0.382031 0.388281 0.389844 0.3875 0.400781 0.383594 0.409375 0.383594 0.41875 0.377344 0.42109399999999997 0.372656 0.415625 0.372656 0.408594 0.375781 0.400781 0.375781 0.389844 0.371875 0.361719 0.371875 0.341406 0.375781 0.335156 0.378125