0 0.413281 0.323437 0.40703100000000003 0.321875 0.396875 0.325 0.320312 0.364063 0.307031 0.372656 0.296094 0.383594 0.29375 0.388281 0.294531 0.392969 0.302344 0.394531 0.31875 0.392969 0.332031 0.388281 0.364844 0.371875 0.373437 0.369531 0.380469 0.3625 0.396875 0.353125 0.409375 0.342969 0.413281 0.335938
0 0.8507809999999999 0.003125 0.8507809999999999 0.009375 0.8585939999999999 0.03125 0.8679690000000001 0.04375 0.873437 0.045312 0.8773440000000001 0.041406 0.8773440000000001 0.036719 0.8742189999999999 0.029687 0.853906 0.003125
0 0.310156 0.152344 0.310937 0.172656 0.319531 0.203125 0.329688 0.22109399999999998 0.333594 0.225 0.339062 0.225781 0.350781 0.21875 0.353906 0.209375 0.353125 0.20078100000000002 0.346094 0.188281 0.3375 0.178906 0.330469 0.164844 0.317969 0.153906
0 0.158594 0.108594 0.151562 0.109375 0.13125 0.130469 0.13125 0.135156 0.125781 0.152344 0.126562 0.157031 0.14375 0.147656 0.153906 0.139063 0.163281 0.124219 0.164062 0.115625
2 0.170313 0.201953 0.144531 0.20039100000000004 0.134375 0.194141 0.121094 0.192578 0.120703 0.183594 0.171875 0.183203 0.176953 0.196875 0.170313 0.201953
1 0.509375 0.666016 0.503516 0.665625 0.503516 0.652344 0.49570299999999995 0.65 0.49570299999999995 0.627344 0.526563 0.626953 0.526953 0.634375 0.517578 0.641406 0.517578 0.648438 0.509766 0.660156 0.509375 0.666016
2 0.376563 0.159766 0.357031 0.159766 0.356641 0.153906 0.353125 0.151953 0.328906 0.150391 0.314063 0.144141 0.302344 0.144141 0.301953 0.130469 0.314063 0.128516 0.316406 0.120703 0.346875 0.120703 0.349219 0.128516 0.359375 0.130078 0.377344 0.144141 0.384766 0.144531 0.384766 0.151562 0.378906 0.151953 0.376563 0.159766
1 0.560937 0.503516 0.54375 0.49882799999999994 0.496094 0.49726599999999993 0.49257800000000007 0.488281 0.473828 0.47343799999999997 0.456641 0.450781 0.451562 0.44570300000000007 0.44570300000000007 0.44531200000000004 0.44570300000000007 0.433594 0.475 0.43320299999999995 0.475391 0.440625 0.49726599999999993 0.457031 0.505078 0.46953100000000003 0.508594 0.486328 0.53125 0.48320299999999994 0.554688 0.487891 0.563281 0.49414100000000005 0.572266 0.494531 0.571875 0.500391 0.560937 0.503516
1 0.18125 0.459766 0.153906 0.459766 0.153516 0.45390600000000003 0.144141 0.44843700000000003 0.148828 0.439844 0.131641 0.420312 0.12226600000000001 0.402344 0.114453 0.4 0.11484399999999999 0.376953 0.137891 0.377344 0.137891 0.382812 0.161328 0.414844 0.167969 0.43476599999999993 0.190625 0.43164100000000005 0.203906 0.425391 0.228516 0.425781 0.228125 0.43320299999999995 0.22265600000000002 0.43320299999999995 0.20781299999999997 0.442578 0.183594 0.45195299999999994 0.18125 0.459766
2 0.771875 0.634766 0.764453 0.634375 0.764453 0.621094 0.772266 0.61875 0.773828 0.609375 0.772266 0.586719 0.764453 0.584375 0.764844 0.564453 0.775391 0.564844 0.775391 0.571875 0.781641 0.577344 0.789453 0.592969 0.789453 0.614062 0.779687 0.626953 0.772266 0.627344 0.771875 0.634766
1 0.064062 0.047266 0.053905999999999996 0.047266 0.053515999999999994 0.039844 0.040625 0.031641 0.014844 0.025391000000000004 0.014452999999999999 0.002344 0.039062 0.0019530000000000003 0.039453 0.010937 0.036328 0.015625 0.046875 0.020703 0.06132800000000001 0.033594 0.064453 0.038281 0.064062 0.047266
1 0.222266 0 0.222266 0.020313 0.214453 0.021094 0.210938 0.041016 0.20078100000000002 0.041016 0.197266 0.027344 0.189453 0.025 0.189453 0
1 0.523438 0.159766 0.517969 0.159766 0.515625 0.151953 0.501563 0.141016 0.49570299999999995 0.140625 0.496094 0.10820300000000001 0.50625 0.10820300000000001 0.506641 0.115625 0.516016 0.13125 0.522656 0.137891 0.534766 0.141406 0.534766 0.148438 0.527344 0.148828 0.523828 0.152344 0.523438 0.159766
1 0.028125 0.637891 0.002344 0.637891 0.0019530000000000003 0.617969 0.020313 0.616016 0.022656 0.608203 0.053125 0.608203 0.053515999999999994 0.615625 0.050391 0.620313 0.028125 0.637891
2 0.434375 0.091016 0.419531 0.091016 0.41445300000000007 0.071094 0.408203 0.070312 0.408594 0.033203 0.42070299999999994 0.033594 0.4222659999999999 0.053125 0.428516 0.067187 0.43476599999999993 0.067969 0.434375 0.091016
1 0.329688 0.44726600000000005 0.316406 0.44726600000000005 0.314063 0.439453 0.303125 0.43320299999999995 0.296094 0.43320299999999995 0.295703 0.42109399999999997 0.310937 0.41914099999999993 0.351562 0.40351599999999993 0.353906 0.395703 0.370312 0.395703 0.370703 0.404687 0.364063 0.411328 0.325391 0.433594 0.330078 0.43828100000000003 0.329688 0.44726600000000005
1 0.396875 0.053515999999999994 0.364844 0.053515999999999994 0.3625 0.045703 0.352344 0.044141 0.342187 0.037891 0.333594 0.037891 0.333203 0.021094 0.371875 0.020703 0.374219 0.028515999999999996 0.384375 0.034766 0.391406 0.044141 0.397266 0.044531 0.396875 0.053515999999999994
2 0.292187 0.222266 0.284766 0.221875 0.278516 0.189844 0.270703 0.1875 0.271094 0.151953 0.285938 0.151953 0.286328 0.159375 0.294141 0.169531 0.297266 0.18125 0.303516 0.182031 0.303516 0.185938 0.297656 0.186328 0.295703 0.191406 0.292187 0.222266
1 0.44531200000000004 0.359766 0.43671899999999997 0.359766 0.43476599999999993 0.349219 0.426953 0.348438 0.426953 0.321094 0.446875 0.320703 0.46406200000000003 0.314453 0.490625 0.301953 0.505078 0.2875 0.508594 0.276953 0.526563 0.276953 0.526953 0.285938 0.523828 0.292187 0.49218799999999996 0.323828 0.478125 0.331641 0.444141 0.336719 0.44531200000000004 0.359766
1 0.642188 0.21132800000000002 0.633203 0.210938 0.633203 0.188281 0.641016 0.1875 0.650391 0.165625 0.650391 0.152344 0.645703 0.146875 0.645703 0.139844 0.671875 0.139453 0.674219 0.147266 0.695312 0.150391 0.695703 0.154688 0.689063 0.158203 0.667578 0.158594 0.667578 0.173437 0.642188 0.21132800000000002
1 0.478125 0.616016 0.466406 0.616016 0.46406200000000003 0.608203 0.45390600000000003 0.606641 0.43828100000000003 0.598828 0.395313 0.564453 0.383594 0.562891 0.383203 0.546094 0.391016 0.54375 0.392578 0.533594 0.40039100000000005 0.533594 0.400781 0.553516 0.415625 0.555078 0.45 0.573828 0.4691409999999999 0.594531 0.470703 0.601562 0.47851600000000005 0.603906 0.478125 0.616016
1 0.053125 0.337891 0.041406 0.336328 0.025391000000000004 0.31875 0.009766 0.294531 0.0019530000000000003 0.29375 0.0019530000000000003 0.252344 0.009375 0.251953 0.011328 0.246875 0.016406 0.195703 0.028515999999999996 0.196094 0.036328 0.241406 0.034766 0.267188 0.030078 0.279687 0.022266 0.285156 0.020703 0.290625 0.030078 0.299219 0.045703 0.328125 0.053515999999999994 0.330469 0.053125 0.337891
1 0.067187 0.909766 0.05820299999999999 0.909375 0.05820299999999999 0.8882809999999999 0.066016 0.885938 0.075391 0.8664059999999999 0.071875 0.861328 0.05820299999999999 0.859375 0.05820299999999999 0.8460940000000001 0.067187 0.845703 0.067969 0.8535160000000002 0.078125 0.8535160000000002 0.080469 0.845703 0.10625 0.845703 0.104688 0.856641 0.086328 0.864844 0.087891 0.884375 0.075 0.9003910000000002 0.067578 0.9039059999999999 0.067187 0.909766
1 0.196875 0.553516 0.153906 0.553516 0.151562 0.545703 0.132031 0.536328 0.120313 0.523828 0.089844 0.525391 0.046094 0.511328 0.035937 0.505078 0.027344 0.505078 0.026952999999999998 0.489844 0.032813 0.489453 0.033594 0.48320299999999994 0.08125 0.48320299999999994 0.083594 0.491016 0.095312 0.49414100000000005 0.11953100000000001 0.511328 0.142187 0.516016 0.150781 0.522266 0.1625 0.525391 0.186719 0.542578 0.196875 0.544141 0.196875 0.553516
1 0.746875 0.772266 0.732031 0.772266 0.731641 0.766406 0.702344 0.744141 0.684375 0.720703 0.676953 0.720313 0.676953 0.708594 0.7125 0.708203 0.712891 0.715625 0.708203 0.721875 0.741406 0.758203 0.747266 0.758594 0.746875 0.772266
0 0.900781 0.569531 0.9 0.572656 0.911719 0.586719 0.9125 0.592187 0.925 0.602344 0.9398440000000001 0.625781 0.947656 0.630469 0.949219 0.625 0.954688 0.619531 0.954688 0.609375 0.949219 0.597656 0.925781 0.578125 0.909375 0.570312
0 0.9625 0.750781 0.9617190000000001 0.758594 0.964063 0.767969 0.964844 0.785937 0.960938 0.8304690000000001 0.960938 0.851562 0.963281 0.855469 0.9710940000000001 0.851562 0.982812 0.838281 0.9875 0.8195309999999999 0.988281 0.802344 0.9820309999999999 0.76875 0.978125 0.761719 0.967187 0.751563
0 0.578906 0.814063 0.585156 0.826562 0.595313 0.834375 0.639062 0.876563 0.642188 0.885156 0.653906 0.9 0.655469 0.9 0.657031 0.896094 0.653125 0.892188 0.65 0.8835940000000001 0.658594 0.880469 0.692187 0.902344 0.700781 0.902344 0.700781 0.896875 0.689844 0.876563 0.660937 0.848437 0.635938 0.83125 0.607812 0.8148440000000001
0 0.564063 0.8125 0.5625 0.814063 0.5625 0.821875 0.567969 0.834375 0.6125 0.9 0.614844 0.909375 0.617969 0.910156 0.620313 0.9132809999999999 0.625 0.927344 0.670312 0.972656 0.678906 0.984375 0.683594 0.9875 0.691406 1 0.720313 1 0.71875 0.984375 0.703906 0.9625 0.675 0.933594 0.635156 0.907813 0.635938 0.8992190000000001 0.632031 0.8929690000000001 0.630469 0.8773440000000001 0.622656 0.8625 0.576562 0.815625
0 0.594531 0.630469 0.594531 0.642969 0.60625 0.678906 0.617188 0.729688 0.621094 0.7375 0.629687 0.742969 0.639844 0.753906 0.639844 0.760156 0.628906 0.757812 0.621875 0.758594 0.624219 0.772656 0.646875 0.799219 0.671094 0.8445310000000001 0.675781 0.8585939999999999 0.692187 0.8820309999999999 0.697656 0.882812 0.704688 0.860938 0.704688 0.85 0.700781 0.832031 0.683594 0.799219 0.659375 0.771094 0.658594 0.767969 0.65625 0.767188 0.654687 0.759375 0.651563 0.757031 0.64375 0.742969 0.635156 0.734375 0.628125 0.732031 0.635156 0.711719 0.633594 0.6875 0.628125 0.671875 0.621094 0.658594 0.608594 0.642188
0 0.604688 0.629687 0.603906 0.632031 0.607812 0.639062 0.627344 0.6625 0.630469 0.673438 0.633594 0.677344 0.646875 0.6875 0.653906 0.695312 0.658594 0.695312 0.663281 0.689063 0.664844 0.68125 0.65625 0.664062 0.632031 0.640625 0.615625 0.63125 0.607812 0.628906
0 0.621875 0.510156 0.619531 0.5125 0.621875 0.521875 0.652344 0.552344 0.673438 0.580469 0.696094 0.632031 0.696094 0.657031 0.697656 0.660156 0.703125 0.655469 0.704688 0.649219 0.7125 0.639062 0.7125 0.621094 0.717187 0.621094 0.723437 0.624219 0.730469 0.63125 0.734375 0.632031 0.739062 0.627344 0.735156 0.622656 0.734375 0.614844 0.717969 0.589063 0.701562 0.569531 0.690625 0.560156 0.686719 0.551562 0.677344 0.539844 0.653906 0.523438 0.633594 0.513281
0 0.857812 0.520312 0.854688 0.516406 0.8523440000000001 0.516406 0.835938 0.5375 0.814063 0.554688 0.802344 0.559375 0.783594 0.557813 0.776563 0.560156 0.774219 0.563281 0.775781 0.567969 0.785156 0.575 0.802344 0.578906 0.8148440000000001 0.578906 0.826562 0.572656 0.8445310000000001 0.558594 0.851562 0.549219 0.8570309999999999 0.535937
0 0.689063 0.48906299999999997 0.69375 0.5 0.7 0.507031 0.705469 0.51875 0.70625 0.524219 0.7125 0.535937 0.715625 0.546875 0.719531 0.548438 0.725 0.547656 0.728125 0.542188 0.728125 0.527344 0.719531 0.507812 0.701562 0.48906299999999997 0.694531 0.4875
0 0.557031 0.520312 0.558594 0.525781 0.564844 0.532813 0.578125 0.539844 0.5875 0.542188 0.607812 0.540625 0.620313 0.533594 0.617188 0.528906 0.580469 0.524219 0.561719 0.516406 0.557813 0.517188
0 0.528906 0.224219 0.528906 0.22968700000000003 0.534375 0.23828100000000002 0.54375 0.271875 0.549219 0.282031 0.553906 0.300781 0.564063 0.322656 0.569531 0.341406 0.571875 0.345313 0.580469 0.346875 0.590625 0.335156 0.59375 0.326562 0.592969 0.307031 0.584375 0.278906 0.576562 0.264844 0.565625 0.251563 0.541406 0.22968700000000003
0 0.194531 0.488281 0.19375 0.48515600000000003 0.185938 0.47968700000000003 0.160938 0.47968700000000003 0.135156 0.485938 0.10390600000000001 0.497656 0.103125 0.502344 0.11796900000000002 0.511719 0.127344 0.5125 0.138281 0.510156 0.148438 0.510156 0.185938 0.500781 0.192188 0.496094
0 0.307031 0.482031 0.30625 0.4875 0.346875 0.527344 0.361719 0.545312 0.369531 0.557031 0.375 0.557031 0.38125 0.548438 0.382031 0.5375 0.375781 0.525 0.351562 0.497656 0.341406 0.490625 0.325 0.48359399999999997
0 0.360156 0.78125 0.357031 0.784375 0.353906 0.792969 0.353906 0.8101559999999999 0.348438 0.840625 0.348438 0.849219 0.358594 0.86875 0.364844 0.876563 0.367188 0.876563 0.371094 0.8726559999999999 0.376563 0.854688 0.378906 0.809375 0.376563 0.797656 0.373437 0.791406 0.364844 0.782031
0 0.217969 0.911719 0.21875 0.917188 0.22968700000000003 0.9382810000000001 0.24375 0.957812 0.254688 0.9679689999999999 0.269531 0.976562 0.275781 0.976562 0.2875 0.96875 0.2875 0.9617190000000001 0.28125 0.9523439999999999 0.241406 0.916406 0.233594 0.9125
0 0.428125 0.9445309999999999 0.423438 0.942969 0.421875 0.9460940000000001 0.420312 0.970313 0.414844 0.9914059999999999 0.4125 0.9929690000000001 0.392969 0.9929690000000001 0.391406 0.994531 0.39375 1 0.43671899999999997 1 0.435156 0.99375 0.4375 0.984375 0.435937 0.970313
0 0.321094 0.710156 0.31875 0.690625 0.314063 0.678906 0.309375 0.678906 0.269531 0.696094 0.250781 0.696094 0.23203100000000002 0.701562 0.22343799999999997 0.708594 0.221875 0.7125 0.210938 0.703125 0.177344 0.696875 0.153906 0.696875 0.138281 0.700781 0.132812 0.704688 0.135156 0.708594 0.141406 0.710938 0.153906 0.7125 0.175 0.720313 0.196875 0.725 0.213281 0.721875 0.221875 0.713281 0.224219 0.713281 0.23671899999999998 0.724219 0.250781 0.728906 0.269531 0.728125 0.286719 0.725 0.302344 0.720313 0.317969 0.713281
0 0.20546899999999998 0.6 0.202344 0.600781 0.185938 0.615625 0.160938 0.630469 0.151562 0.640625 0.151562 0.649219 0.160938 0.652344 0.174219 0.65 0.183594 0.646875 0.196094 0.639062 0.204687 0.630469 0.210156 0.619531 0.210156 0.608594
0 0.09375 0.42656299999999997 0.090625 0.425781 0.074219 0.434375 0.061719 0.444531 0.029687 0.463281 0.010937 0.47656200000000004 0 0.48125 0 0.49531200000000003 0.009375 0.5 0.017188 0.5 0.045312 0.484375 0.086719 0.451562 0.092188 0.44375 0.092188 0.439063 0.094531 0.435937
0 0.124219 0.244531 0.123438 0.248438 0.126562 0.252344 0.135156 0.254688 0.153906 0.265625 0.185938 0.280469 0.228125 0.295312 0.23828100000000002 0.295312 0.240625 0.292187 0.235156 0.282813 0.217969 0.266406 0.178125 0.242188 0.169531 0.242188 0.160938 0.24609399999999998 0.149219 0.248438 0.142187 0.248438 0.139844 0.24609399999999998 0.128906 0.242969
0 0.203125 0.2875 0.203125 0.292187 0.211719 0.307031 0.23203100000000002 0.329688 0.23906299999999997 0.335156 0.24765600000000002 0.3375 0.252344 0.335938 0.276562 0.364844 0.284375 0.36875 0.291406 0.36875 0.291406 0.360156 0.279687 0.342969 0.269531 0.339844 0.264062 0.332031 0.260156 0.329688 0.252344 0.33125 0.250781 0.323437 0.242969 0.31875 0.240625 0.3125 0.235937 0.310156 0.235937 0.30625 0.23203100000000002 0.302344 0.233594 0.298438 0.228906 0.3 0.225781 0.296094 0.21640600000000002 0.290625
0 0.371875 0.709375 0.36875 0.711719 0.369531 0.716406 0.365625 0.720313 0.364844 0.734375 0.366406 0.735938 0.364844 0.746094 0.36875 0.774219 0.372656 0.777344 0.377344 0.777344 0.4 0.765625 0.40703100000000003 0.759375 0.409375 0.754687 0.40546899999999997 0.74375 0.395313 0.728125 0.38125 0.713281
0 0.616406 0.496094 0.617969 0.503906 0.621094 0.507031 0.63125 0.510938 0.639844 0.510156 0.657813 0.503125 0.657031 0.498437 0.653125 0.49531200000000003 0.629687 0.488281 0.619531 0.490625
0 0.25 0.142187 0.24531200000000003 0.139063 0.23203100000000002 0.138281 0.228125 0.139844 0.198437 0.173437 0.151562 0.219531 0.144531 0.23125 0.142969 0.23828100000000002 0.14375 0.244531 0.146875 0.246875 0.154688 0.246875 0.177344 0.240625 0.20078100000000002 0.225781 0.217188 0.20546899999999998 0.235156 0.1875 0.24609399999999998 0.171875 0.251563 0.160156
0 0.364063 0.046094 0.358594 0.045312 0.348438 0.05 0.334375 0.063281 0.303125 0.101562 0.280469 0.125 0.275781 0.134375 0.275781 0.14375 0.290625 0.146875 0.298438 0.144531 0.324219 0.125781 0.34375 0.104688 0.352344 0.092969 0.363281 0.067969
0 0.357031 0.083594 0.357031 0.089063 0.3625 0.091406 0.407813 0.098437 0.41718700000000003 0.096094 0.415625 0.091406 0.410156 0.0875 0.385156 0.076563 0.364844 0.073438 0.360938 0.076563
0 0.678906 0.067969 0.674219 0.067969 0.672656 0.091406 0.670312 0.098437 0.661719 0.114062 0.648438 0.127344 0.646875 0.135156 0.649219 0.136719 0.660156 0.135937 0.671094 0.128906 0.680469 0.117188 0.6875 0.104688 0.690625 0.096094 0.689844 0.08125 0.686719 0.075
0 0.794531 0.096875 0.792188 0.101562 0.792188 0.11640599999999998 0.795312 0.13125 0.814063 0.174219 0.81875 0.180469 0.822656 0.18125 0.8304690000000001 0.172656 0.829688 0.153906 0.814063 0.124219 0.8 0.104688 0.799219 0.10078099999999998
0 0.0875 0.177344 0.085938 0.179688 0.085938 0.185938 0.096094 0.21875 0.10078099999999998 0.226562 0.10703100000000002 0.23203100000000002 0.11171899999999998 0.23125 0.11484399999999999 0.22265600000000002 0.114062 0.2125 0.104688 0.20078100000000002 0.10390600000000001 0.196875 0.099219 0.192969 0.092188 0.180469
0 0.033594 0.340625 0.025 0.34375 0.0125 0.357031 0.009375 0.394531 0.028125 0.366406 0.029687 0.357812 0.033594 0.35
0 0.5875 0.285938 0.592187 0.304688 0.595313 0.308594 0.609375 0.311719 0.64375 0.314063 0.652344 0.317188 0.658594 0.317188 0.6625 0.315625 0.664062 0.3125 0.660937 0.295312 0.644531 0.285938 0.619531 0.280469 0.6 0.28125 0.591406 0.282813
0 0.283594 0.425 0.278906 0.420312 0.271094 0.420312 0.227344 0.428125 0.217969 0.435156 0.215625 0.439063 0.21640600000000002 0.44375 0.228906 0.446875 0.249219 0.446875 0.260156 0.444531 0.282813 0.435937
0 0.097656 0.078125 0.089063 0.078906 0.055469000000000004 0.103125 0.064062 0.11640599999999998 0.071094 0.115625 0.086719 0.10234400000000002 0.09375 0.09375 0.098437 0.084375
0 0.614062 0.109375 0.611719 0.10703100000000002 0.602344 0.10703100000000002 0.569531 0.11640599999999998 0.55625 0.117188 0.553125 0.11875 0.552344 0.127344 0.554688 0.13125 0.560937 0.132031 0.592187 0.126562 0.608594 0.11953100000000001 0.614062 0.11484399999999999
0 0.902344 0.071875 0.902344 0.078906 0.915625 0.109375 0.9242190000000001 0.124219 0.932813 0.127344 0.932813 0.101562 0.925781 0.08125 0.917188 0.06875 0.911719 0.067187
0 1 0.048438 0.9976559999999999 0.048438 0.9976559999999999 0.051562 0.990625 0.064062 0.975 0.10078099999999998 0.972656 0.109375 0.974219 0.114062 0.982812 0.110156 1 0.09375
0 0.823438 0.179688 0.821875 0.182031 0.839063 0.21406200000000003 0.847656 0.225 0.849219 0.23125 0.853125 0.235937 0.8570309999999999 0.235937 0.86875 0.244531 0.871875 0.244531 0.8625 0.226562 0.853906 0.215625 0.845313 0.196875 0.8375 0.192188 0.8304690000000001 0.185156 0.8273439999999999 0.178906
0 0.784375 0.278906 0.75 0.279687 0.707031 0.288281 0.68125 0.300781 0.670312 0.310156 0.670312 0.314844 0.704688 0.315625 0.73125 0.310156 0.771875 0.292969 0.784375 0.283594
0 0.603125 0.372656 0.605469 0.375781 0.60625 0.385156 0.6125 0.39375 0.614844 0.400781 0.629687 0.423438 0.65 0.461719 0.655469 0.466406 0.657031 0.46406200000000003 0.657813 0.446875 0.646094 0.411719 0.635156 0.394531 0.625 0.383594 0.613281 0.375781 0.611719 0.372656
0 0.8101559999999999 0.336719 0.807813 0.346875 0.8148440000000001 0.392188 0.8148440000000001 0.41718700000000003 0.8101559999999999 0.435156 0.8101559999999999 0.441406 0.8132810000000001 0.446094 0.817969 0.446875 0.820312 0.449219 0.8429689999999999 0.5 0.849219 0.509375 0.853906 0.510156 0.853906 0.500781 0.8445310000000001 0.466406 0.834375 0.451562 0.822656 0.44531200000000004 0.823438 0.440625 0.832812 0.430469 0.839063 0.40546899999999997 0.839063 0.385937 0.8375 0.378906 0.828125 0.35625 0.815625 0.338281
0 0.707812 0.6 0.707812 0.610938 0.713281 0.620313 0.722656 0.625 0.739062 0.639844 0.759375 0.654687 0.763281 0.65625 0.767969 0.654687 0.752344 0.630469 0.728906 0.60625 0.725 0.604688 0.721094 0.605469 0.717969 0.601562
0 0.753906 0.873437 0.752344 0.878906 0.751563 0.9125 0.748437 0.9195309999999999 0.75 0.928125 0.767969 0.942187 0.784375 0.951562 0.795312 0.953125 0.796094 0.9507809999999999 0.776563 0.941406 0.771875 0.935937 0.76875 0.935937 0.763281 0.928125 0.773438 0.9125 0.769531 0.89375 0.764062 0.882812 0.75625 0.8726559999999999
0 0.623437 0.798438 0.61875 0.797656 0.609375 0.8 0.597656 0.80625 0.591406 0.804688 0.591406 0.8117189999999999 0.604688 0.8132810000000001 0.610938 0.816406 0.614844 0.815625 0.615625 0.810937 0.622656 0.803125
0 0.219531 0.607812 0.217969 0.6125 0.22343799999999997 0.624219 0.225 0.635156 0.221875 0.65625 0.226562 0.657813 0.22968700000000003 0.655469 0.23203100000000002 0.646094 0.232813 0.630469 0.23046899999999998 0.620313 0.225 0.610156
0 0.449219 0.733594 0.446875 0.732812 0.439063 0.735938 0.4125 0.753906 0.392969 0.769531 0.372656 0.778906 0.374219 0.783594 0.382812 0.7875 0.379688 0.791406 0.380469 0.795312 0.385156 0.800781 0.389844 0.803125 0.399219 0.803125 0.396875 0.798438 0.391406 0.796875 0.388281 0.792188 0.382812 0.790625 0.403125 0.7875 0.425781 0.773438 0.442969 0.749219 0.447656 0.748437 0.45 0.738281
0 0.199219 0.485938 0.202344 0.490625 0.208594 0.494531 0.233594 0.503125 0.250781 0.503125 0.261719 0.498437 0.265625 0.498437 0.267188 0.49375 0.261719 0.492969 0.253125 0.484375 0.246875 0.484375 0.23906299999999997 0.4875 0.217188 0.4875 0.202344 0.484375