1 0.606641 0.758594 0.604688 0.7464839999999999 0.570703 0.746875 0.570703 0.761719 0.576562 0.7621089999999999 0.585156 0.768359 0.596875 0.7667970000000001 0.601953 0.771875 0.602344 0.779297 0.61875 0.779297 0.619141 0.770313 0.606641 0.758594
0 0.646094 0.332812 0.657031 0.33125 0.671094 0.324219 0.68125 0.3125 0.6875 0.298438 0.678906 0.29765600000000003 0.673438 0.3 0.66875 0.305469 0.661719 0.307813 0.65 0.31875 0.642188 0.321875 0.628906 0.336719 0.625 0.338281 0.639062 0.336719 0.646094 0.332812
0 0.746094 0 0.745313 0.0023439999999999997 0.7125 0.014062 0.689844 0.03125 0.686719 0.036719 0.6875 0.040625 0.70625 0.039844000000000004 0.721094 0.032031 0.760156 0.0023439999999999997 0.760156 0 0.746094 0
0 0.845313 0.5125 0.8898440000000001 0.513281 0.9226559999999999 0.5125 0.925 0.509375 0.921875 0.505469 0.903125 0.498437 0.8851559999999999 0.495313 0.85625 0.495313 0.8304690000000001 0.503125 0.820312 0.503906 0.814063 0.507031 0.8125 0.510156 0.835938 0.508594 0.845313 0.5125
0 0.051562 0.49375 0.060156 0.503125 0.067969 0.5 0.08125 0.498437 0.095312 0.508594 0.10078100000000001 0.50625 0.09765599999999999 0.501563 0.086719 0.496094 0.085938 0.489844 0.053905999999999996 0.479688 0.042187999999999996 0.471875 0.025781 0.467187 0.022656000000000003 0.470313 0.035156 0.484375 0.051562 0.49375
0 0.225 0.321875 0.228906 0.31875 0.228906 0.314063 0.226562 0.310156 0.23671899999999998 0.303125 0.239844 0.29765600000000003 0.24609399999999998 0.274219 0.24531200000000003 0.210938 0.24375 0.202344 0.240625 0.198438 0.23671899999999998 0.202344 0.232813 0.2125 0.22109399999999998 0.25625 0.21640600000000002 0.267188 0.21406200000000003 0.29609399999999997 0.217188 0.303125 0.221875 0.307031 0.219531 0.317969 0.220312 0.32734399999999997 0.225 0.326562 0.225 0.321875
0 0.36875 0.607812 0.373437 0.607812 0.376563 0.610938 0.378125 0.616406 0.38984399999999997 0.635156 0.39531299999999997 0.639844 0.403125 0.640625 0.410156 0.648438 0.411719 0.653125 0.416406 0.65 0.424219 0.652344 0.459375 0.669531 0.464844 0.675 0.464844 0.678906 0.46875 0.685156 0.485938 0.679688 0.489844 0.674219 0.4875 0.665625 0.46953100000000003 0.647656 0.446094 0.632812 0.41875 0.621875 0.409375 0.621875 0.389062 0.596094 0.376563 0.596094 0.37031200000000003 0.599219 0.367969 0.603125 0.36875 0.607812
0 0.411719 0.346875 0.41875 0.37578100000000003 0.42109399999999997 0.41875 0.423438 0.427344 0.428125 0.428906 0.432031 0.424219 0.435937 0.4125 0.439063 0.408594 0.439844 0.38125 0.44218799999999997 0.36015600000000003 0.444531 0.353125 0.44218799999999997 0.345313 0.43671899999999997 0.3375 0.428125 0.334375 0.421875 0.334375 0.413281 0.339844 0.411719 0.346875
0 0.510938 0.228906 0.516406 0.22343700000000002 0.517188 0.22031299999999998 0.510156 0.21718700000000002 0.507812 0.2125 0.523438 0.203125 0.528125 0.185937 0.528906 0.165625 0.525 0.146094 0.517969 0.13281199999999999 0.509375 0.133594 0.503906 0.142188 0.502344 0.15234399999999998 0.497656 0.15625 0.49375 0.15390600000000002 0.494531 0.178125 0.490625 0.194531 0.48906299999999997 0.213281 0.49218799999999996 0.225 0.49921899999999997 0.22968799999999998 0.501563 0.23593799999999998 0.507812 0.235156 0.510938 0.228906
0 0.578125 0.054688 0.621875 0.054688 0.650781 0.057031 0.661719 0.053125 0.664844 0.049219 0.664844 0.044531 0.659375 0.042969 0.652344 0.032031 0.642188 0.025 0.630469 0.022656000000000003 0.614844 0.022656000000000003 0.599219 0.026562999999999996 0.585156 0.032812999999999995 0.564063 0.047656 0.564063 0.05 0.567969 0.053125 0.578125 0.054688
0 0.935937 0.0875 0.959375 0.06406300000000001 0.9664059999999999 0.053125 0.975 0.033594 0.980469 0.014844 0.9789059999999999 0.011719 0.964063 0.020312 0.9304690000000001 0.051562 0.915625 0.078125 0.915625 0.085156 0.9117190000000001 0.09218699999999999 0.9164059999999999 0.09375 0.935937 0.0875
0 0.760156 0.535156 0.784375 0.529687 0.800781 0.522656 0.8039059999999999 0.515625 0.810937 0.509375 0.808594 0.50625 0.794531 0.498437 0.782813 0.49921899999999997 0.757031 0.516406 0.745313 0.529687 0.745313 0.534375 0.746875 0.535938 0.760156 0.535156
0 0.533594 0.553906 0.551562 0.539844 0.586719 0.516406 0.60625 0.496875 0.6125 0.486719 0.614062 0.477344 0.610938 0.46953100000000003 0.598437 0.4625 0.592969 0.463281 0.586719 0.46796899999999997 0.548438 0.507812 0.535937 0.524219 0.522656 0.548438 0.522656 0.555469 0.526563 0.557031 0.533594 0.553906
0 0.494531 0.8109379999999999 0.49921899999999997 0.8117190000000001 0.510938 0.8226559999999999 0.517969 0.824219 0.521094 0.8226559999999999 0.53125 0.8054690000000001 0.536719 0.8023440000000001 0.551562 0.783594 0.553125 0.778906 0.549219 0.776562 0.541406 0.777344 0.517188 0.792187 0.505469 0.8039059999999999 0.501563 0.8023440000000001 0.498437 0.7984370000000001 0.494531 0.797656 0.490625 0.792969 0.475 0.782031 0.466406 0.778906 0.465625 0.783594 0.475 0.7953129999999999 0.494531 0.8109379999999999
0 0.1875 0.6 0.202344 0.603906 0.225781 0.607812 0.242188 0.607812 0.25781200000000004 0.603906 0.255469 0.599219 0.24531200000000003 0.595313 0.244531 0.592187 0.242969 0.59375 0.228125 0.592187 0.196875 0.579688 0.17968800000000001 0.582813 0.176563 0.5875 0.180469 0.596094 0.1875 0.6
0 0.296875 0.610938 0.314063 0.615625 0.31718799999999997 0.611719 0.31328100000000003 0.598438 0.308594 0.595313 0.28203100000000003 0.586719 0.267969 0.5875 0.265625 0.590625 0.27656200000000003 0.601562 0.296875 0.610938
0 0.071094 0.41875 0.071875 0.385938 0.069531 0.372656 0.061719 0.364844 0.061719 0.353125 0.05625 0.35 0.050781 0.35156200000000004 0.040625 0.365625 0.038280999999999996 0.372656 0.038280999999999996 0.38984399999999997 0.041406 0.408594 0.04375 0.413281 0.052344 0.423438 0.057031 0.425781 0.064844 0.425 0.071094 0.41875
1 0.8882809999999999 0.040234 0.8875 0.048047 0.8804690000000001 0.049609 0.8507809999999999 0.069922 0.834375 0.093359 0.8257809999999999 0.093359 0.8195309999999999 0.096484 0.814063 0.104297 0.808594 0.104297 0.808203 0.121094 0.81875 0.121484 0.834375 0.113672 0.8347659999999999 0.12890600000000002 0.845313 0.129297 0.845703 0.098437 0.8648440000000001 0.07460900000000001 0.879687 0.065234 0.8898440000000001 0.054297 0.8972659999999999 0.053905999999999996 0.8972659999999999 0.040625 0.8882809999999999 0.040234
1 0.280078 0.671875 0.280078 0.678906 0.266016 0.696875 0.25351599999999996 0.724219 0.24531200000000003 0.7355470000000001 0.239453 0.735938 0.239844 0.8230470000000001 0.251953 0.8226559999999999 0.25351599999999996 0.801563 0.248828 0.791406 0.250391 0.7671870000000001 0.267578 0.755469 0.28476599999999996 0.722656 0.291016 0.698437 0.297266 0.697656 0.297266 0.671875 0.280078 0.671875
1 0.34726599999999996 0.538281 0.344141 0.515625 0.330078 0.496094 0.330078 0.489062 0.336328 0.480469 0.336328 0.471875 0.323828 0.435937 0.303125 0.41054700000000005 0.289844 0.41210899999999995 0.289453 0.46953100000000003 0.295312 0.46992200000000006 0.30039099999999996 0.482031 0.31601599999999996 0.495313 0.320703 0.504688 0.320703 0.516406 0.333203 0.542187 0.333203 0.547656 0.353125 0.5480470000000001 0.353516 0.539062 0.34726599999999996 0.538281
1 0.42968799999999996 0.127734 0.411719 0.127734 0.41093799999999997 0.133984 0.38984399999999997 0.13710899999999998 0.386328 0.135156 0.38593700000000003 0.127734 0.34453100000000003 0.127734 0.34375 0.133984 0.314453 0.145312 0.314453 0.16015600000000002 0.38281200000000004 0.160547 0.383203 0.154687 0.388281 0.149609 0.43125 0.143359 0.43320299999999995 0.135938 0.42968799999999996 0.127734
1 0.34453100000000003 0.223047 0.328125 0.235547 0.321875 0.232422 0.301953 0.23281200000000002 0.301953 0.24609399999999998 0.309375 0.246484 0.314453 0.253125 0.314844 0.273047 0.325391 0.272656 0.326953 0.251563 0.347656 0.232422 0.353516 0.23203100000000002 0.353516 0.22343700000000002 0.34453100000000003 0.223047
1 0.727344 0.402734 0.725 0.41054700000000005 0.694531 0.42460899999999996 0.68125 0.43710899999999997 0.640625 0.46367200000000003 0.627344 0.466797 0.626953 0.474219 0.632812 0.47460899999999995 0.634766 0.478906 0.626953 0.48125 0.626953 0.491406 0.645312 0.49179700000000004 0.6457029999999999 0.485938 0.650781 0.480859 0.664062 0.480859 0.680469 0.47148399999999996 0.685937 0.47148399999999996 0.719141 0.442969 0.736328 0.42109399999999997 0.7394529999999999 0.4125 0.747266 0.410156 0.747266 0.403125 0.727344 0.402734
1 0.826562 0.313672 0.805078 0.303906 0.804688 0.287109 0.797266 0.28906200000000004 0.782813 0.30898400000000004 0.776953 0.309375 0.776953 0.321094 0.79375 0.321484 0.796094 0.329297 0.834375 0.329297 0.8347659999999999 0.321875 0.826562 0.313672
1 0.32890600000000003 0.294922 0.307031 0.310547 0.295312 0.323047 0.289453 0.323438 0.289844 0.366797 0.305078 0.366406 0.305078 0.346875 0.330078 0.32734399999999997 0.341406 0.30898400000000004 0.34726599999999996 0.308594 0.34726599999999996 0.295312 0.32890600000000003 0.294922
1 0.478906 0.515234 0.47343799999999997 0.507422 0.45820299999999997 0.497656 0.46445299999999995 0.486719 0.46445299999999995 0.475 0.46132799999999996 0.467187 0.457031 0.465234 0.45351600000000003 0.470313 0.45351600000000003 0.477344 0.44570299999999996 0.479688 0.44570299999999996 0.511719 0.454688 0.513672 0.46445299999999995 0.523438 0.464844 0.529297 0.484375 0.529297 0.48476600000000003 0.515625 0.478906 0.515234
2 0.40546899999999997 0.533984 0.404687 0.540234 0.39140600000000003 0.544922 0.369531 0.5636720000000001 0.359766 0.576562 0.359766 0.580469 0.351953 0.582813 0.351953 0.597656 0.390625 0.598047 0.408203 0.55625 0.41601600000000005 0.553906 0.41601600000000005 0.534375 0.40546899999999997 0.533984
1 0.370703 0.361719 0.355078 0.33125 0.346094 0.329297 0.345703 0.36015600000000003 0.353516 0.360938 0.356641 0.372656 0.378125 0.373047 0.37851599999999996 0.364062 0.370703 0.361719
1 0.24609399999999998 0.105859 0.237891 0.114062 0.228516 0.129687 0.221875 0.149609 0.20078100000000002 0.149609 0.194531 0.15273399999999998 0.172266 0.171875 0.157812 0.191797 0.151953 0.192187 0.15234399999999998 0.21054699999999998 0.171875 0.21054699999999998 0.172266 0.20468799999999998 0.182031 0.19492199999999998 0.209375 0.180859 0.233203 0.161719 0.233203 0.15 0.250391 0.121094 0.251953 0.10781199999999999 0.24609399999999998 0.105859
2 0.285156 0.305859 0.25468799999999997 0.280859 0.239453 0.279687 0.239453 0.300781 0.246875 0.301172 0.259375 0.30898400000000004 0.261719 0.316797 0.290625 0.316797 0.291016 0.30625 0.285156 0.305859
1 0.457031 0.196484 0.454688 0.204297 0.441406 0.207422 0.42656299999999997 0.21835900000000003 0.414844 0.219922 0.41445299999999996 0.235156 0.451562 0.235547 0.45390600000000003 0.22773400000000002 0.467187 0.22617199999999998 0.487891 0.21484399999999998 0.48945299999999997 0.196875 0.457031 0.196484
1 0.307031 0.840234 0.30468799999999996 0.8496090000000001 0.29609399999999997 0.851172 0.29218700000000003 0.857422 0.281641 0.864063 0.281641 0.8726559999999999 0.303125 0.873047 0.305078 0.864063 0.316406 0.8527340000000001 0.322266 0.8523440000000001 0.322266 0.840625 0.307031 0.840234
2 0.425391 0.28906200000000004 0.40507799999999994 0.254687 0.39843799999999996 0.248047 0.38984399999999997 0.248047 0.389453 0.272656 0.397266 0.275 0.412891 0.316406 0.42968799999999996 0.316797 0.43007799999999996 0.307813 0.425391 0.28906200000000004
1 0.230078 0.000781 0.221875 0.019922000000000002 0.209375 0.013672 0.20078100000000002 0.013672 0.184375 0.023047 0.177344 0.023047 0.176953 0.035156 0.198437 0.035547 0.20078100000000002 0.027733999999999998 0.210938 0.027733999999999998 0.213281 0.035547 0.234375 0.035547 0.23476599999999997 0.025 0.245703 0.000781 0.230078 0.000781
1 0.703516 0.572656 0.7019529999999999 0.564063 0.6925779999999999 0.558594 0.692187 0.552734 0.6707029999999999 0.553125 0.6707029999999999 0.564844 0.687891 0.571875 0.691406 0.591797 0.709375 0.591797 0.709766 0.573437 0.703516 0.572656
0 0 0.8230470000000001 0.011328000000000001 0.8226559999999999 0.011328000000000001 0.817188 0.017578 0.808594 0.034766000000000005 0.761719 0.036328 0.7515620000000001 0.033202999999999996 0.746875 0.053515999999999994 0.725781 0.06132800000000001 0.710156 0.06445300000000001 0.696094 0.064062 0.665234 0.056641 0.665625 0.055078 0.674219 0.045703 0.684375 0.031641 0.715625 0.028516000000000003 0.732031 0.015625 0.743359 0.008594000000000001 0.7449220000000001 0.0035159999999999996 0.757031 0 0.758984 0 0.8230470000000001
1 0.8351559999999999 0.799609 0.830078 0.785938 0.8175779999999999 0.76875 0.808203 0.7671870000000001 0.808203 0.794531 0.814063 0.794922 0.8175779999999999 0.801563 0.816016 0.8148440000000001 0.808203 0.817188 0.808594 0.8292970000000001 0.829688 0.8292970000000001 0.830078 0.821875 0.851562 0.810547 0.8535159999999999 0.803125 0.8351559999999999 0.799609
1 0.264453 0.000781 0.264453 0.019531 0.271875 0.019922000000000002 0.281641 0.029687 0.286719 0.041797 0.309375 0.041797 0.309766 0.034375 0.31328100000000003 0.030858999999999998 0.334766 0.025781 0.334375 0.019922000000000002 0.32890600000000003 0.019922000000000002 0.32343700000000003 0.015234000000000001 0.314844 0.015234000000000001 0.309375 0.019922000000000002 0.303906 0.018359 0.291016 0.000781 0.264453 0.000781
1 0.409766 0.8351559999999999 0.412891 0.81875 0.40195299999999995 0.7875 0.384375 0.7667970000000001 0.377344 0.7667970000000001 0.376953 0.797656 0.384766 0.8 0.391016 0.820312 0.39414099999999996 0.847656 0.41718700000000003 0.848047 0.41757799999999995 0.839062 0.409766 0.8351559999999999
1 0.702344 0.9152340000000001 0.680078 0.8914059999999999 0.6863279999999999 0.8851559999999999 0.685937 0.871484 0.681641 0.871875 0.679688 0.8808590000000001 0.675781 0.8808590000000001 0.671875 0.8855470000000001 0.664453 0.885938 0.664453 0.9601559999999999 0.6707029999999999 0.960938 0.671094 0.966797 0.683203 0.9664059999999999 0.6863279999999999 0.932813 0.6910160000000001 0.91875 0.709375 0.918359 0.709766 0.915625 0.702344 0.9152340000000001
2 0.433594 0.077734 0.43320299999999995 0.083594 0.41132799999999997 0.103125 0.40351600000000004 0.11484399999999999 0.395703 0.117188 0.395703 0.135156 0.43125 0.135547 0.43164100000000005 0.128125 0.43789100000000003 0.124219 0.44570299999999996 0.10781199999999999 0.45351600000000003 0.105469 0.45351600000000003 0.078125 0.433594 0.077734
2 0.728906 0.301172 0.722656 0.296484 0.716016 0.289844 0.715625 0.283984 0.695703 0.284375 0.695703 0.299219 0.707812 0.302734 0.7175779999999999 0.3125 0.728516 0.326562 0.730469 0.335547 0.741016 0.335156 0.741016 0.303125 0.728906 0.301172
1 0.047656 0.151172 0.045703 0.140625 0.037891 0.13671899999999998 0.036328 0.115625 0.023828 0.089063 0.015625 0.07929699999999999 0.008594000000000001 0.07929699999999999 0.008203 0.11953100000000001 0.016016 0.121875 0.017578 0.132031 0.028516000000000003 0.145312 0.028516000000000003 0.149219 0.017578 0.16875 0.017578 0.23203100000000002 0.008203 0.234375 0.008594000000000001 0.248047 0.031641 0.24765600000000002 0.041016000000000004 0.22265600000000002 0.045703 0.184375 0.047656 0.180859 0.053515999999999994 0.180469 0.053515999999999994 0.151563 0.047656 0.151172
1 0.628906 0.17929699999999998 0.628125 0.171484 0.560156 0.171484 0.559766 0.177344 0.550781 0.180859 0.546875 0.187109 0.521094 0.191797 0.5207029999999999 0.203906 0.554688 0.204297 0.555078 0.198438 0.558594 0.196484 0.620313 0.193359 0.633594 0.187109 0.640625 0.187109 0.641016 0.182813 0.628906 0.17929699999999998
1 0 0.360547 0.042187999999999996 0.360547 0.042969 0.352734 0.058594 0.344922 0.065625 0.344922 0.06601599999999999 0.3375 0.050781 0.335547 0.025781 0.348047 0.014063 0.338672 0 0.337109 0 0.360547
2 0.572656 0.23398400000000003 0.559375 0.21835900000000003 0.547656 0.21210900000000002 0.540625 0.204297 0.533594 0.20273400000000003 0.532813 0.196484 0.517969 0.196484 0.515625 0.204297 0.508203 0.20468799999999998 0.508594 0.219922 0.517188 0.219922 0.554688 0.238672 0.558594 0.248047 0.578125 0.248047 0.578516 0.234375 0.572656 0.23398400000000003
1 0.688281 0.9011720000000001 0.680078 0.8914059999999999 0.6863279999999999 0.8851559999999999 0.685937 0.871484 0.681641 0.871875 0.679688 0.8808590000000001 0.675781 0.8808590000000001 0.671875 0.8855470000000001 0.664453 0.885938 0.664453 0.9601559999999999 0.6707029999999999 0.960938 0.671094 0.966797 0.681641 0.9664059999999999 0.6863279999999999 0.93125 0.689453 0.91875 0.697266 0.9164059999999999 0.697266 0.901563 0.688281 0.9011720000000001
1 0.271094 0.07460900000000001 0.253125 0.049609 0.245703 0.05 0.245703 0.072656 0.251563 0.073047 0.259766 0.07968800000000001 0.26640600000000003 0.104297 0.290625 0.104297 0.291016 0.082812 0.271094 0.07460900000000001
2 0.21484399999999998 0.273047 0.192188 0.251172 0.164844 0.240234 0.16406199999999999 0.23398400000000003 0.120703 0.234375 0.120703 0.255469 0.13125 0.257422 0.173437 0.283984 0.17421899999999998 0.291797 0.221875 0.291797 0.222266 0.27343799999999996 0.21484399999999998 0.273047
1 0.719531 0.7464839999999999 0.719141 0.753906 0.709375 0.763672 0.703125 0.768359 0.696094 0.768359 0.695703 0.785156 0.723437 0.785547 0.725391 0.773438 0.734766 0.769531 0.734766 0.746875 0.719531 0.7464839999999999