1 0.497656 0.672656 0.502344 0.671094 0.510937 0.660156 0.514062 0.648438 0.514062 0.621875 0.50625 0.594531 0.501563 0.594531 0.496094 0.619531 0.497656 0.672656
1 0.73125 0.65 0.732031 0.663281 0.735156 0.657813 0.775781 0.627344 0.772656 0.61875 0.764844 0.6125 0.759375 0.613281 0.739063 0.633594 0.73125 0.65
1 0.752344 0.9460940000000001 0.749219 0.95 0.7515620000000001 0.957812 0.75625 0.960938 0.780469 0.965625 0.7984370000000001 0.965625 0.824219 0.959375 0.823437 0.954688 0.796094 0.9460940000000001 0.752344 0.9460940000000001
1 0.782031 0.75 0.78125 0.788281 0.7828120000000001 0.814063 0.788281 0.814063 0.792969 0.809375 0.799219 0.8 0.804688 0.783594 0.8070309999999999 0.767969 0.8054690000000001 0.722656 0.803125 0.7125 0.799219 0.705469 0.792187 0.710938 0.788281 0.717969 0.782031 0.75
1 0.885938 0.446094 0.878125 0.47343799999999997 0.8757809999999999 0.498437 0.871875 0.517969 0.8804690000000001 0.527344 0.8851559999999999 0.525781 0.890625 0.520312 0.901563 0.504687 0.9117190000000001 0.47656200000000004 0.914062 0.451562 0.9132809999999999 0.4375 0.9085940000000001 0.41406200000000004 0.9054690000000001 0.409375 0.9007809999999999 0.41093799999999997 0.8976559999999999 0.415625 0.885938 0.446094
1 1 0.25625 0.9945309999999999 0.258594 0.9859370000000001 0.267188 0.96875 0.289844 0.967187 0.3 0.96875 0.30156299999999997 0.975 0.300781 1 0.286719 1 0.25625
1 0.289844 0.8695309999999999 0.284375 0.8695309999999999 0.27343799999999996 0.8726559999999999 0.267188 0.876563 0.260938 0.8851559999999999 0.253125 0.8882809999999999 0.24765600000000002 0.886719 0.240625 0.8929690000000001 0.24375 0.8992190000000001 0.24843700000000002 0.8992190000000001 0.253906 0.896875 0.2625 0.896875 0.28203100000000003 0.8929690000000001 0.28906200000000004 0.889062 0.295312 0.882812 0.302344 0.88125 0.302344 0.876563 0.299219 0.8742190000000001 0.295312 0.8742190000000001 0.289844 0.8695309999999999
1 0.228125 0.665625 0.210156 0.669531 0.210156 0.674219 0.21406299999999998 0.678125 0.244531 0.683594 0.25625 0.682813 0.253125 0.669531 0.24843700000000002 0.665625 0.228125 0.665625
1 0.197656 0.621094 0.197656 0.625781 0.19921899999999998 0.627344 0.209375 0.625781 0.2125 0.621875 0.217969 0.592187 0.21718700000000002 0.582812 0.2125 0.585156 0.203906 0.600781 0.197656 0.621094
1 0.539844 0.9445309999999999 0.524219 0.945312 0.502344 0.960938 0.47656200000000004 0.9632809999999999 0.475781 0.9679690000000001 0.482031 0.9710940000000001 0.489844 0.9695309999999999 0.494531 0.972656 0.503906 0.965625 0.528125 0.9632809999999999 0.55 0.9585940000000001 0.553125 0.95625 0.551563 0.949219 0.547656 0.9460940000000001 0.539844 0.9445309999999999
1 0.565625 0.35625 0.585156 0.357031 0.591406 0.353906 0.590625 0.34843799999999997 0.577344 0.33906200000000003 0.558594 0.333594 0.536719 0.335156 0.528125 0.339844 0.525781 0.346094 0.534375 0.35 0.565625 0.35625
1 0.771094 0.35 0.745312 0.361719 0.747656 0.364844 0.775781 0.365625 0.801563 0.3625 0.834375 0.353125 0.8375 0.35 0.8375 0.345313 0.8070309999999999 0.34375 0.786719 0.346094 0.771094 0.35
1 0.45390600000000003 0.085938 0.442187 0.108594 0.439844 0.12734399999999998 0.435937 0.141406 0.435156 0.18125 0.432031 0.182812 0.41875 0.182812 0.408594 0.1875 0.403125 0.184375 0.396875 0.18984399999999998 0.392188 0.190625 0.39375 0.196094 0.404687 0.196094 0.432813 0.188281 0.44375 0.18984399999999998 0.450781 0.178906 0.457031 0.17421899999999998 0.461719 0.15390600000000002 0.470313 0.129688 0.474219 0.101562 0.477344 0.09765599999999999 0.47656200000000004 0.092188 0.482031 0.07421900000000001 0.482031 0.067187 0.478906 0.0625 0.46953100000000003 0.065625 0.464844 0.070312 0.45390600000000003 0.085938
1 0.490625 0.10390600000000001 0.503125 0.11640600000000001 0.5125 0.132031 0.51875 0.13671899999999998 0.520313 0.135156 0.520313 0.128125 0.5125 0.103125 0.501563 0.085938 0.490625 0.075 0.482031 0.069531 0.479688 0.079687 0.479688 0.088281 0.490625 0.10390600000000001
1 0.23960900000000002 0.252656 0.24531299999999998 0.245859 0.24992200000000003 0.234687 0.25375000000000003 0.224453 0.262656 0.20867200000000002 0.264297 0.196016 0.256406 0.206719 0.24960900000000003 0.22179700000000002 0.24609399999999998 0.23203100000000002 0.242188 0.239844 0.23671899999999998 0.24375 0.219531 0.235937 0.1875 0.227344 0.177344 0.227344 0.161719 0.23203100000000002 0.139062 0.242969 0.1375 0.248438 0.192266 0.253594 0.22031299999999998 0.25468799999999997 0.23960900000000002 0.252656
1 0.035156 0.219531 0.025 0.241406 0.019531 0.267188 0.021093999999999998 0.27031299999999997 0.025781 0.269531 0.03125 0.26484399999999997 0.055469000000000004 0.228125 0.06406300000000001 0.198437 0.063281 0.194531 0.060156 0.194531 0.055469000000000004 0.197656 0.035156 0.219531
1 0 0.26484399999999997 0.0023439999999999997 0.26484399999999997 0.016406 0.241406 0.035156 0.215625 0.04375 0.19921899999999998 0.044531 0.192188 0.040625 0.19140600000000002 0.028905999999999998 0.197656 0.013281000000000001 0.209375 0.004687 0.217969 0.0023439999999999997 0.22265600000000002 0 0.22343799999999997 0 0.26484399999999997
1 0.39140600000000003 0.607812 0.37578100000000003 0.625781 0.370313 0.628125 0.364062 0.6355470000000001 0.339141 0.616953 0.360938 0.642969 0.365625 0.655469 0.370313 0.657813 0.377344 0.655469 0.392188 0.639844 0.408594 0.627344 0.428906 0.607031 0.435156 0.596875 0.435937 0.591406 0.427344 0.591406 0.416406 0.594531 0.39140600000000003 0.607812