0 1 0.43125 0.99375 0.43125 0.976562 0.44375 0.9625 0.458594 0.963281 0.463281 0.974219 0.467187 0.978125 0.471875 0.96875 0.48359399999999997 0.945312 0.5 0.942187 0.517188 0.94375 0.547656 0.933594 0.547656 0.925 0.55 0.910937 0.564063 0.907813 0.569531 0.907813 0.573438 0.9125 0.573438 0.917969 0.570312 0.925781 0.56875 0.935937 0.563281 0.941406 0.557031 0.94375 0.55 0.949219 0.552344 0.957031 0.551562 0.971875 0.535937 0.988281 0.514062 0.996094 0.496094 0.9976559999999999 0.4875 1 0.486719
1 0.121875 0.199219 0.11953100000000001 0.20078100000000002 0.113281 0.21406200000000003 0.109375 0.23203100000000002 0.1125 0.254688 0.11875 0.270313 0.132031 0.282813 0.146094 0.290625 0.139063 0.292969 0.135937 0.296094 0.127344 0.310156 0.12265600000000002 0.321875 0.123438 0.335156 0.132031 0.35 0.14375 0.360938 0.151562 0.364844 0.154688 0.363281 0.154688 0.353906 0.158594 0.336719 0.15625 0.314844 0.148438 0.29375 0.155469 0.289062 0.15625 0.278906 0.152344 0.259375 0.149219 0.254688 0.142187 0.23046899999999998 0.132812 0.211719 0.127344 0.204687 0.127344 0.20078100000000002
0 0.454688 0.255469 0.45 0.253125 0.415625 0.253125 0.407813 0.254688 0.4 0.258594 0.394531 0.264062 0.392188 0.270313 0.392188 0.285156 0.390625 0.286719 0.382812 0.285156 0.353906 0.286719 0.340625 0.290625 0.325781 0.298438 0.296875 0.33125 0.290625 0.353906 0.290625 0.371094 0.295312 0.373437 0.303125 0.367969 0.320312 0.3625 0.346094 0.349219 0.36875 0.329688 0.385156 0.310156 0.395313 0.294531 0.409375 0.292187 0.428125 0.283594 0.45390600000000003 0.260156
0 0.513281 0.16875 0.509375 0.164062 0.49921899999999997 0.157812 0.478906 0.15625 0.47656200000000004 0.153906 0.44218799999999997 0.157812 0.42265600000000003 0.169531 0.403906 0.189062 0.398438 0.199219 0.396875 0.22265600000000002 0.395313 0.224219 0.389062 0.221875 0.373437 0.22265600000000002 0.357812 0.219531 0.332031 0.220312 0.314844 0.22343799999999997 0.297656 0.23125 0.278125 0.250781 0.275 0.251563 0.275 0.253906 0.278125 0.25625 0.278906 0.260156 0.282031 0.261719 0.289062 0.2625 0.289844 0.264062 0.294531 0.2625 0.298438 0.264844 0.30625 0.264062 0.307031 0.260937 0.3125 0.264062 0.317969 0.264062 0.322656 0.260937 0.332813 0.260937 0.3375 0.258594 0.35 0.257031 0.372656 0.257031 0.374219 0.259375 0.380469 0.260937 0.396875 0.260156 0.398438 0.25625 0.407813 0.252344 0.40546899999999997 0.248438 0.40703100000000003 0.24609399999999998 0.40703100000000003 0.235937 0.402344 0.23125 0.423438 0.21484399999999998 0.43125 0.204687 0.449219 0.188281 0.458594 0.185938 0.46796899999999997 0.185938 0.486719 0.180469 0.508594 0.178125 0.514844 0.174219
0 0.6625 0.11484399999999999 0.657031 0.114062 0.653906 0.11640599999999998 0.648438 0.11484399999999999 0.646875 0.117188 0.638281 0.11796900000000002 0.635156 0.121094 0.627344 0.11875 0.614844 0.120313 0.574219 0.133594 0.561719 0.141406 0.552344 0.150781 0.540625 0.173437 0.542188 0.178125 0.548438 0.182031 0.5625 0.182812 0.6 0.175 0.607031 0.165625 0.627344 0.148438 0.644531 0.127344 0.657031 0.123438
0 0.64375 0.15625 0.640625 0.164062 0.642969 0.175 0.650781 0.185156 0.660937 0.192188 0.671094 0.196094 0.673438 0.202344 0.69375 0.203906 0.716406 0.196094 0.71875 0.21406200000000003 0.725781 0.22343799999999997 0.735938 0.232813 0.746875 0.23828100000000002 0.761719 0.242188 0.778125 0.249219 0.795312 0.251563 0.808594 0.257031 0.8148440000000001 0.257812 0.817969 0.251563 0.8039059999999999 0.22343799999999997 0.786719 0.202344 0.783594 0.201563 0.780469 0.197656 0.766406 0.188281 0.752344 0.182031 0.740625 0.18125 0.732031 0.182031 0.720313 0.191406 0.717187 0.192188 0.707812 0.177344 0.696875 0.167969 0.663281 0.153125 0.65 0.153125
0 0.409375 0 0.410156 0.007812000000000001 0.42109399999999997 0.03125 0.428906 0.039062 0.441406 0.046875 0.45390600000000003 0.052344 0.459375 0.052344 0.461719 0.054688 0.457031 0.066406 0.45781299999999997 0.077344 0.46796899999999997 0.099219 0.478125 0.11171899999999998 0.48125 0.11171899999999998 0.48125 0.10234400000000002 0.472656 0.075781 0.474219 0.053905999999999996 0.46875 0.039062 0.44843700000000003 0.013280999999999998 0.435156 0
0 0.583125 0.011641 0.611719 0.017188 0.614844 0.020313 0.620313 0.021094 0.634375 0.027344 0.636719 0.025 0.657813 0.021875 0.670312 0.022656 0.677344 0.025 0.689844 0.032813 0.690625 0.0375 0.675781 0.045312 0.664844 0.060937 0.659375 0.061719 0.642188 0.05 0.6375 0.042188 0.638281 0.032813 0.635938 0.030469000000000003 0.621094 0.029687 0.617188 0.027344 0.607812 0.025781 0.601953 0.022656 0.596719 0.018672
0 0.7375 0.05625 0.7375 0.064844 0.746094 0.088281 0.750781 0.096094 0.766406 0.107813 0.775 0.11171899999999998 0.796875 0.11171899999999998 0.815625 0.117188 0.865625 0.124219 0.894531 0.125 0.9070310000000001 0.127344 0.916406 0.127344 0.920312 0.124219 0.91875 0.11484399999999999 0.9242190000000001 0.108594 0.9210939999999999 0.10234400000000002 0.896875 0.079687 0.88125 0.071094 0.875 0.069531 0.8375 0.069531 0.828125 0.071094 0.8125 0.078125 0.799219 0.089844 0.795312 0.098437 0.792188 0.099219 0.790625 0.097656 0.789062 0.083594 0.785937 0.076563 0.771875 0.059375 0.748437 0.046094 0.74375 0.046094
0 0.9625 0.126562 0.954688 0.14375 0.95625 0.160938 0.965625 0.177344 0.978906 0.188281 0.99375 0.19375 0.991172 0.196953 0.989844 0.20078100000000002 0.986328 0.207656 0.9880470000000001 0.21726600000000001 0.9921089999999999 0.208281 0.995313 0.201563 0.995313 0.197656 1 0.196094 1 0.178125 0.9976559999999999 0.177344 0.995313 0.169531 0.980469 0.141406 0.96875 0.128906
0 0.915625 0.224219 0.915625 0.233594 0.920312 0.23671899999999998 0.920312 0.240625 0.932031 0.264844 0.9398440000000001 0.267969 0.9375 0.277344 0.9375 0.294531 0.94375 0.31875 0.9554690000000001 0.334375 0.974219 0.353125 0.99375 0.365625 1 0.366406 1 0.316406 0.9976559999999999 0.315625 0.995313 0.307812 0.985938 0.29375 0.976562 0.283594 0.959375 0.271094 0.946875 0.267969 0.9445309999999999 0.265625 0.9460940000000001 0.251563 0.942187 0.24375 0.935937 0.235937
0 0.920312 0.240625 0.9125 0.24531200000000003 0.903125 0.259375 0.900781 0.275781 0.904687 0.283594 0.9039059999999999 0.285156 0.884375 0.296094 0.86875 0.310937 0.857812 0.325781 0.8523440000000001 0.339844 0.8523440000000001 0.349219 0.853906 0.354687 0.859375 0.360156 0.870313 0.361719 0.8757810000000001 0.358594 0.90625 0.317969 0.914062 0.303125 0.916406 0.288281 0.928125 0.275781 0.93125 0.26875 0.93125 0.263281
0 0.8273439999999999 0.570312 0.8273439999999999 0.575 0.829688 0.579688 0.8460940000000001 0.597656 0.865625 0.607031 0.8820309999999999 0.610938 0.910937 0.6125 0.933594 0.607031 0.945312 0.601562 0.953125 0.59375 0.954688 0.589063 0.964063 0.603906 0.972656 0.6125 0.9929690000000001 0.628125 1 0.630469 1 0.577344 0.996094 0.575781 0.9664059999999999 0.571875 0.957031 0.575 0.954688 0.580469 0.946875 0.579688 0.928125 0.570312 0.907813 0.573438 0.900781 0.569531 0.889062 0.56875 0.869531 0.564063 0.8351559999999999 0.566406
0 0.8273439999999999 0.661719 0.829688 0.671875 0.835938 0.674219 0.8445310000000001 0.694531 0.8617190000000001 0.708594 0.871875 0.7125 0.8820309999999999 0.7125 0.9125 0.705469 0.9195309999999999 0.701562 0.9226560000000001 0.709375 0.932813 0.725 0.949219 0.746094 0.9554690000000001 0.748437 0.958594 0.728906 0.958594 0.709375 0.960938 0.705469 0.9601559999999999 0.700781 0.941406 0.691406 0.933594 0.689844 0.928125 0.690625 0.923438 0.696875 0.920312 0.696875 0.896875 0.674219 0.873437 0.666406 0.842187 0.660937 0.829688 0.660156
0 0.9125 0.716406 0.8679690000000001 0.732031 0.849219 0.746875 0.835938 0.764844 0.828125 0.7875 0.829688 0.799219 0.8039059999999999 0.809375 0.777344 0.826562 0.764062 0.839063 0.732812 0.88125 0.726562 0.898438 0.728906 0.9054689999999999 0.739062 0.90625 0.760938 0.902344 0.782031 0.894531 0.8 0.876563 0.8257809999999999 0.854688 0.8414059999999999 0.835938 0.845313 0.826562 0.8460940000000001 0.8148440000000001 0.876563 0.796875 0.89375 0.775781 0.901563 0.759375 0.903125 0.750781 0.9125 0.726562
0 0.764844 0.703125 0.757812 0.703125 0.739844 0.709375 0.714844 0.723437 0.711719 0.728125 0.710938 0.734375 0.707812 0.738281 0.677344 0.763281 0.669531 0.773438 0.669531 0.777344 0.678125 0.772656 0.688281 0.763281 0.702344 0.753906 0.7125 0.739844 0.720313 0.742188 0.728125 0.742188 0.741406 0.7375 0.757812 0.720313 0.765625 0.705469
0 0.603906 0.838281 0.595313 0.8445310000000001 0.585156 0.860938 0.575781 0.889062 0.575781 0.926562 0.579688 0.941406 0.589063 0.9554690000000001 0.578906 0.965625 0.569531 0.9820309999999999 0.561719 0.989062 0.557031 1 0.610938 1 0.609375 0.973437 0.60625 0.963281 0.601562 0.9554690000000001 0.607031 0.95 0.615625 0.928125 0.617969 0.909375 0.617969 0.8742189999999999 0.615625 0.8570309999999999 0.608594 0.840625
0 0.639844 0.782031 0.639062 0.8125 0.640625 0.814063 0.651563 0.810937 0.66875 0.801562 0.674219 0.796094 0.675 0.80625 0.68125 0.814063 0.6875 0.814063 0.703125 0.808594 0.705469 0.8054690000000001 0.705469 0.802344 0.703125 0.8 0.6875 0.792969 0.675 0.782813 0.642188 0.779687
0 0.623437 0.336719 0.61875 0.346875 0.617969 0.376563 0.625 0.396875 0.639844 0.419531 0.647656 0.427344 0.671875 0.440625 0.685156 0.442969 0.686719 0.446094 0.670312 0.460156 0.659375 0.472656 0.653906 0.486719 0.652344 0.510938 0.655469 0.528906 0.665625 0.551562 0.670312 0.552344 0.68125 0.521875 0.688281 0.49531200000000003 0.690625 0.475 0.689844 0.45234399999999997 0.692187 0.446875 0.699219 0.440625 0.698438 0.428906 0.684375 0.392969 0.675781 0.377344 0.671094 0.373437 0.664844 0.364063 0.651563 0.351562 0.632031 0.3375
0 0.382031 0.339844 0.379688 0.346875 0.384375 0.378125 0.391406 0.397656 0.398438 0.410156 0.410156 0.420312 0.42265600000000003 0.42656299999999997 0.441406 0.43125 0.466406 0.43281200000000003 0.46875 0.435156 0.4625 0.43671899999999997 0.459375 0.44218799999999997 0.44843700000000003 0.453125 0.441406 0.470313 0.439063 0.482031 0.440625 0.50625 0.450781 0.524219 0.454688 0.528125 0.459375 0.527344 0.471875 0.491406 0.475781 0.475 0.477344 0.454688 0.475781 0.440625 0.472656 0.433594 0.47968700000000003 0.424219 0.477344 0.41093799999999997 0.464844 0.390625 0.44375 0.369531 0.428906 0.361719 0.41093799999999997 0.357812 0.403906 0.349219 0.388281 0.339844
1 0.397656 0.8757810000000001 0.399219 0.885156 0.402344 0.890625 0.410156 0.896875 0.416406 0.8992190000000001 0.428906 0.9 0.435156 0.898438 0.450781 0.889062 0.45234399999999997 0.885156 0.43671899999999997 0.878125 0.42109399999999997 0.875 0.40703100000000003 0.869531 0.40156200000000003 0.869531
1 0.289062 0.677344 0.288281 0.683594 0.285156 0.689844 0.285156 0.70625 0.292187 0.71875 0.303125 0.725781 0.317969 0.728906 0.334375 0.728906 0.36875 0.722656 0.369531 0.733594 0.374219 0.745313 0.378906 0.750781 0.3875 0.75625 0.40546899999999997 0.7625 0.425781 0.7625 0.439844 0.758594 0.440625 0.755469 0.41406200000000004 0.732031 0.395313 0.721875 0.374219 0.717187 0.373437 0.7125 0.367188 0.707031 0.332031 0.689063 0.307031 0.672656 0.294531 0.670312
0 0.083594 0.759375 0.078906 0.771094 0.078125 0.7875 0.079687 0.792969 0.085156 0.799219 0.086719 0.820312 0.082031 0.8210940000000001 0.061719 0.8148440000000001 0.055469000000000004 0.8148440000000001 0.054688 0.8195309999999999 0.064062 0.832812 0.071875 0.839063 0.083594 0.8414059999999999 0.099219 0.839063 0.095312 0.857812 0.094531 0.8773440000000001 0.105469 0.89375 0.115625 0.8992190000000001 0.120313 0.8992190000000001 0.121875 0.896875 0.120313 0.8773440000000001 0.11484399999999999 0.859375 0.11171899999999998 0.83125 0.108594 0.826562 0.109375 0.817969 0.107813 0.80625 0.104688 0.799219 0.104688 0.785156 0.10078099999999998 0.774219 0.094531 0.767969 0.092188 0.7625 0.088281 0.759375
1 0.242969 0.4625 0.23203100000000002 0.463281 0.219531 0.46953100000000003 0.203125 0.485938 0.2 0.492969 0.196875 0.510156 0.203906 0.530469 0.201563 0.533594 0.1875 0.540625 0.178125 0.553125 0.171875 0.56875 0.171875 0.576562 0.173437 0.578906 0.178125 0.579688 0.189062 0.571094 0.20625 0.56875 0.209375 0.566406 0.211719 0.557813 0.210156 0.550781 0.211719 0.532813 0.20703100000000002 0.528906 0.2125 0.523438 0.21484399999999998 0.517188 0.225 0.50625 0.240625 0.474219
2 0.300781 0.264844 0.299219 0.26875 0.303125 0.280469 0.317969 0.296094 0.321094 0.295312 0.321094 0.286719 0.3125 0.265625 0.310156 0.264062
2 0.225 0.20703100000000002 0.219531 0.20703100000000002 0.209375 0.21406200000000003 0.20625 0.219531 0.20625 0.224219 0.208594 0.228125 0.217188 0.22968700000000003 0.215625 0.22109399999999998 0.22343799999999997 0.2125