0 0.530469 0.607812 0.532813 0.609375 0.545312 0.609375 0.550781 0.6125 0.567187 0.611719 0.574219 0.605469 0.582031 0.607031 0.592969 0.617969 0.607031 0.626563 0.619531 0.641406 0.623437 0.642969 0.623437 0.635156 0.615625 0.621875 0.600781 0.607031 0.600781 0.603906 0.604688 0.596875 0.604688 0.590625 0.571094 0.590625 0.564844 0.588281 0.552344 0.588281 0.525 0.591406 0.530469 0.596094 0.532031 0.604688 0.530469 0.607812
0 0.9375 0.213281 0.925781 0.225 0.914062 0.233594 0.909375 0.240625 0.8976559999999999 0.249219 0.885938 0.263281 0.8851559999999999 0.271094 0.882812 0.27343799999999996 0.8742190000000001 0.275 0.875 0.28125 0.8882809999999999 0.28593799999999997 0.8960940000000001 0.294531 0.89375 0.303906 0.89375 0.339844 0.896875 0.359375 0.89375 0.372656 0.8898440000000001 0.377344 0.8882809999999999 0.388281 0.882812 0.399219 0.8820309999999999 0.40546899999999997 0.884375 0.41093799999999997 0.896875 0.409375 0.902344 0.40703100000000003 0.9132809999999999 0.396875 0.9132809999999999 0.384375 0.9164059999999999 0.378125 0.9148440000000001 0.372656 0.915625 0.364844 0.9289059999999999 0.33125 0.9289059999999999 0.326562 0.9273440000000001 0.324219 0.926562 0.31328100000000003 0.923438 0.310156 0.923438 0.307031 0.9125 0.294531 0.9226559999999999 0.28593799999999997 0.9304690000000001 0.267969 0.939063 0.261719 0.960938 0.233594 0.9679690000000001 0.217969 0.970313 0.20546899999999998 0.972656 0.201563 0.9710940000000001 0.19375 0.9617190000000001 0.19531199999999999 0.9507809999999999 0.20546899999999998 0.9375 0.213281
0 0.788281 0.28046899999999997 0.780469 0.28593799999999997 0.770312 0.296875 0.7625 0.298438 0.760156 0.30156299999999997 0.751563 0.305469 0.755469 0.314063 0.753125 0.31718799999999997 0.753125 0.325781 0.76875 0.35468700000000003 0.776563 0.365625 0.789062 0.396875 0.794531 0.403906 0.799219 0.403906 0.803125 0.399219 0.808594 0.37421899999999997 0.808594 0.35625 0.8039059999999999 0.340625 0.797656 0.32734399999999997 0.789062 0.31875 0.777344 0.31328100000000003 0.778906 0.31171899999999997 0.784375 0.3125 0.7875 0.310937 0.795312 0.31171899999999997 0.8 0.314844 0.8023440000000001 0.317969 0.8125 0.325 0.8298439999999999 0.334219 0.8226559999999999 0.321875 0.8148440000000001 0.314063 0.79375 0.300781 0.804688 0.289844 0.809375 0.275781 0.809375 0.253125 0.804688 0.246875 0.8023440000000001 0.246875 0.797656 0.260156 0.788281 0.28046899999999997
1 0.657031 0.333594 0.667969 0.330469 0.671094 0.325 0.677344 0.322656 0.685937 0.322656 0.692187 0.325781 0.707031 0.328125 0.734375 0.328125 0.74375 0.326562 0.74375 0.321875 0.730469 0.316406 0.721094 0.314844 0.714844 0.310156 0.679688 0.30781200000000003 0.670312 0.31718799999999997 0.660937 0.317969 0.648438 0.32343700000000003 0.644531 0.326562 0.64375 0.330469 0.646875 0.333594 0.654687 0.336719 0.657031 0.333594
1 0.584375 0.310937 0.591406 0.30625 0.583594 0.292969 0.567187 0.291406 0.539062 0.3 0.536719 0.303125 0.536719 0.310937 0.540625 0.314063 0.572656 0.31328100000000003 0.584375 0.310937
1 0.653125 0.299219 0.651563 0.29765600000000003 0.642969 0.29765600000000003 0.63125 0.292969 0.6125 0.28906200000000004 0.603125 0.28906200000000004 0.598437 0.29375 0.601562 0.303125 0.630469 0.303125 0.653125 0.299219
1 0.49921899999999997 0.365625 0.505469 0.372656 0.507031 0.371094 0.507031 0.365625 0.501563 0.357031 0.521875 0.359375 0.535937 0.357031 0.553906 0.357031 0.558594 0.353906 0.55625 0.35156200000000004 0.542969 0.34843799999999997 0.5125 0.34453100000000003 0.485938 0.34375 0.482812 0.345313 0.488281 0.353125 0.49921899999999997 0.360938 0.49921899999999997 0.365625
1 0.450781 0.317969 0.458594 0.315625 0.46875 0.324219 0.489844 0.335156 0.517969 0.342187 0.517969 0.336719 0.502344 0.322656 0.48125 0.308594 0.470313 0.307031 0.466406 0.308594 0.449219 0.30781200000000003 0.442969 0.310156 0.435156 0.310156 0.435156 0.31171899999999997 0.442969 0.31171899999999997 0.450781 0.317969
1 0.335156 0.305469 0.359375 0.290625 0.369531 0.278906 0.373437 0.279687 0.377344 0.284375 0.383594 0.2875 0.388281 0.2875 0.4 0.29218700000000003 0.40703100000000003 0.290625 0.40156200000000003 0.286719 0.389062 0.282813 0.385156 0.278125 0.36406299999999997 0.26484399999999997 0.34453100000000003 0.277344 0.333594 0.2875 0.31171899999999997 0.300781 0.30781200000000003 0.30468799999999996 0.307031 0.308594 0.309375 0.310937 0.32031200000000004 0.310156 0.335156 0.305469
0 0.453125 0.16953100000000002 0.454688 0.17968800000000001 0.459375 0.189062 0.478906 0.204687 0.500781 0.21406200000000003 0.510156 0.21484399999999998 0.511719 0.213281 0.511719 0.203906 0.507812 0.197656 0.47968700000000003 0.170313 0.497656 0.161719 0.501563 0.15625 0.500781 0.15 0.48515600000000003 0.135937 0.47343799999999997 0.129688 0.459375 0.129688 0.446875 0.135156 0.44375 0.141406 0.44531200000000004 0.150781 0.453125 0.16953100000000002
0 1 0.552344 0.9945309999999999 0.548438 0.985938 0.528906 0.954688 0.51875 0.951562 0.509375 0.9382809999999999 0.500781 0.917969 0.49375 0.9039059999999999 0.49218799999999996 0.9039059999999999 0.497656 0.9085940000000001 0.502344 0.915625 0.50625 0.929688 0.520312 0.9429690000000001 0.528125 0.946875 0.539844 0.954688 0.55 0.9625 0.550781 0.964844 0.553906 0.965625 0.560156 0.9710940000000001 0.564844 0.9898440000000001 0.569531 1 0.56875 1 0.552344
0 0.895312 0.658594 0.901563 0.644531 0.902344 0.630469 0.9085940000000001 0.620313 0.9320309999999999 0.61875 0.9429690000000001 0.610938 0.949219 0.602344 0.9632809999999999 0.572656 0.964844 0.559375 0.9625 0.550781 0.957031 0.55 0.953125 0.551562 0.9382809999999999 0.566406 0.93125 0.570312 0.9273440000000001 0.579688 0.903125 0.607031 0.904687 0.61875 0.8960940000000001 0.627344 0.889062 0.630469 0.879687 0.639844 0.8664059999999999 0.660156 0.860938 0.673438 0.860938 0.678125 0.878125 0.673438 0.8875 0.667188 0.895312 0.658594
0 0.832031 0.480469 0.835938 0.48906299999999997 0.8414059999999999 0.494531 0.846875 0.49531200000000003 0.848437 0.497656 0.8429690000000001 0.520312 0.8429690000000001 0.532813 0.847656 0.550781 0.8679690000000001 0.596875 0.871875 0.6 0.8757809999999999 0.6 0.8804690000000001 0.596094 0.8992190000000001 0.567969 0.904687 0.546094 0.904687 0.533594 0.902344 0.521875 0.895312 0.508594 0.8820309999999999 0.49375 0.870313 0.48515600000000003 0.863281 0.482812 0.839844 0.460156 0.8375 0.453125 0.824219 0.449219 0.821875 0.451562 0.8273440000000001 0.461719 0.832031 0.480469
0 0.732031 0.48125 0.74375 0.503125 0.75 0.507812 0.779687 0.507812 0.7875 0.50625 0.796094 0.502344 0.8 0.494531 0.8132809999999999 0.48359399999999997 0.8125 0.478906 0.803125 0.478906 0.788281 0.47343799999999997 0.773438 0.474219 0.7625 0.471875 0.745313 0.471875 0.738281 0.47343799999999997 0.735156 0.471094 0.7375 0.466406 0.733594 0.461719 0.703125 0.451562 0.685156 0.450781 0.68125 0.454688 0.694531 0.460156 0.720313 0.47968700000000003 0.732031 0.48125
2 0.767969 0.39531299999999997 0.777344 0.38281200000000004 0.778125 0.37421899999999997 0.775781 0.364844 0.771094 0.366406 0.760938 0.377344 0.713281 0.410156 0.707812 0.415625 0.708594 0.420312 0.720313 0.41875 0.740625 0.411719 0.767969 0.39531299999999997
1 0.700781 0.535156 0.700781 0.538281 0.705469 0.5375 0.724219 0.517188 0.725781 0.517969 0.726562 0.583594 0.730469 0.586719 0.735938 0.585938 0.739062 0.582812 0.748437 0.566406 0.753906 0.552344 0.75625 0.535156 0.754687 0.509375 0.746875 0.50625 0.736719 0.496094 0.727344 0.500781 0.711719 0.517188 0.700781 0.535156
0 0.450781 0.571094 0.46796899999999997 0.575781 0.478125 0.575781 0.48515600000000003 0.572656 0.489844 0.565625 0.49375 0.564844 0.503906 0.586719 0.525781 0.60625 0.526563 0.610938 0.529687 0.614062 0.539844 0.617969 0.546875 0.615625 0.545312 0.611719 0.541406 0.610156 0.540625 0.607031 0.532031 0.600781 0.530469 0.596094 0.53125 0.591406 0.521875 0.589063 0.498437 0.563281 0.494531 0.563281 0.4875 0.55625 0.458594 0.546875 0.447656 0.545312 0.44375 0.540625 0.419531 0.540625 0.42109399999999997 0.549219 0.439063 0.560937 0.450781 0.571094
0 0.424219 0.524219 0.44218799999999997 0.528125 0.453125 0.526563 0.467187 0.516406 0.471875 0.517188 0.489844 0.510938 0.494531 0.514844 0.5 0.515625 0.508594 0.520312 0.527344 0.524219 0.564844 0.524219 0.578906 0.521094 0.585156 0.517969 0.584375 0.513281 0.567187 0.504687 0.53125 0.49531200000000003 0.507031 0.492969 0.503906 0.489844 0.502344 0.484375 0.5 0.4875 0.49375 0.488281 0.489844 0.491406 0.48515600000000003 0.49218799999999996 0.482031 0.490625 0.47968700000000003 0.494531 0.474219 0.497656 0.464844 0.485938 0.458594 0.48125 0.44375 0.478906 0.435937 0.47968700000000003 0.416406 0.48515600000000003 0.4 0.492969 0.39531299999999997 0.497656 0.396094 0.502344 0.410156 0.515625 0.424219 0.524219
0 0.421875 0.66875 0.42968799999999996 0.678125 0.427344 0.685156 0.417969 0.694531 0.413281 0.696875 0.4125 0.701562 0.41406200000000004 0.702344 0.42109399999999997 0.701562 0.43125 0.695312 0.439844 0.684375 0.442969 0.684375 0.45 0.689063 0.45781299999999997 0.691406 0.47656200000000004 0.692187 0.502344 0.685937 0.509375 0.682031 0.510156 0.677344 0.4625 0.675781 0.441406 0.670312 0.441406 0.665625 0.439844 0.664062 0.440625 0.657813 0.434375 0.65625 0.420312 0.639844 0.414844 0.639844 0.396875 0.65 0.396875 0.655469 0.4 0.659375 0.421875 0.66875
0 0.383594 0.403906 0.385156 0.4125 0.38984399999999997 0.416406 0.390625 0.439063 0.386719 0.44531200000000004 0.386719 0.45390600000000003 0.392188 0.465625 0.39843799999999996 0.46953100000000003 0.40546899999999997 0.46953100000000003 0.41093799999999997 0.45 0.411719 0.433594 0.413281 0.428906 0.416406 0.42656299999999997 0.416406 0.419531 0.4125 0.415625 0.408594 0.416406 0.40703100000000003 0.413281 0.410156 0.40625 0.41093799999999997 0.399219 0.403125 0.37031200000000003 0.392969 0.353906 0.388281 0.352344 0.384375 0.357812 0.38281200000000004 0.372656 0.383594 0.403906
0 0.321094 0.560156 0.321875 0.555469 0.326562 0.550781 0.326562 0.534375 0.325 0.529687 0.32734399999999997 0.525781 0.326562 0.520312 0.3125 0.513281 0.321094 0.510156 0.322656 0.507812 0.32031200000000004 0.501563 0.321094 0.497656 0.33593799999999996 0.464844 0.336719 0.44375 0.335156 0.441406 0.328125 0.442969 0.326562 0.43828100000000003 0.325781 0.442969 0.310156 0.458594 0.30468799999999996 0.471875 0.30156299999999997 0.488281 0.3 0.50625 0.302344 0.510156 0.302344 0.514062 0.30625 0.517188 0.30781200000000003 0.521875 0.300781 0.536719 0.300781 0.545312 0.30625 0.546094 0.308594 0.549219 0.29765600000000003 0.557813 0.295312 0.592187 0.298438 0.594531 0.310156 0.579688 0.317969 0.5625 0.321094 0.560156
0 0.309375 0.688281 0.324219 0.680469 0.341406 0.664062 0.34453100000000003 0.65625 0.346094 0.64375 0.36015600000000003 0.657031 0.36875 0.658594 0.377344 0.657813 0.39375 0.653125 0.427344 0.635156 0.428906 0.630469 0.425 0.628125 0.404687 0.628906 0.396094 0.63125 0.37031200000000003 0.63125 0.346094 0.635938 0.342187 0.620313 0.32734399999999997 0.621094 0.321094 0.623437 0.31171899999999997 0.629687 0.303125 0.642188 0.290625 0.653906 0.28593799999999997 0.665625 0.267969 0.688281 0.267969 0.69375 0.271875 0.696875 0.279687 0.696875 0.309375 0.688281
2 0.402344 0.9304690000000001 0.402344 0.926562 0.372656 0.925781 0.367969 0.923438 0.371875 0.932813 0.385156 0.933594 0.402344 0.9304690000000001
2 0.28593799999999997 0.839063 0.292969 0.839844 0.298438 0.8375 0.303906 0.8304690000000001 0.30468799999999996 0.8179690000000001 0.296875 0.789844 0.286719 0.779687 0.285156 0.783594 0.283594 0.832812 0.28593799999999997 0.839063
0 0.277344 0.748437 0.283594 0.753125 0.288281 0.769531 0.30156299999999997 0.784375 0.31328100000000003 0.792969 0.326562 0.799219 0.361719 0.810937 0.373437 0.8117190000000001 0.373437 0.80625 0.365625 0.797656 0.361719 0.796094 0.349219 0.782813 0.330469 0.769531 0.321094 0.759375 0.322656 0.757031 0.335156 0.75625 0.3375 0.753906 0.35 0.750781 0.35468700000000003 0.748437 0.357578 0.746563 0.345547 0.745937 0.337109 0.747266 0.32999999999999996 0.747031 0.326562 0.75 0.314063 0.750781 0.310937 0.753906 0.302344 0.748437 0.29609399999999997 0.746875 0.282813 0.732812 0.279687 0.727344 0.269531 0.720313 0.264062 0.717969 0.26093700000000003 0.719531 0.264062 0.732812 0.267969 0.735156 0.277344 0.748437
0 0.24609399999999998 0.586719 0.252344 0.580469 0.259375 0.585156 0.265625 0.585938 0.267188 0.583594 0.251563 0.56875 0.252344 0.565625 0.2625 0.570312 0.26640600000000003 0.570312 0.285156 0.564063 0.300781 0.555469 0.310937 0.552344 0.31328100000000003 0.548438 0.310156 0.545312 0.292969 0.54375 0.267188 0.549219 0.253906 0.55625 0.246875 0.5625 0.246875 0.56875 0.24375 0.572656 0.213281 0.58125 0.20078100000000002 0.588281 0.198437 0.592969 0.204687 0.59375 0.235937 0.590625 0.24609399999999998 0.586719
0 0.094531 0.650781 0.107813 0.657031 0.125 0.658594 0.149219 0.652344 0.154688 0.655469 0.154688 0.658594 0.157812 0.663281 0.166406 0.664844 0.18984399999999998 0.664844 0.21875 0.658594 0.21640600000000002 0.653906 0.15859399999999998 0.642969 0.155469 0.635938 0.15 0.630469 0.142187 0.627344 0.11796899999999999 0.626563 0.078125 0.621094 0.06875 0.622656 0.06875 0.627344 0.079687 0.639844 0.094531 0.650781
0 0.208594 0.361719 0.202344 0.367969 0.2 0.392969 0.194531 0.41093799999999997 0.196094 0.427344 0.2 0.43125 0.20834926484375 0.43352724921875 0.20781299999999997 0.43281200000000003 0.21875 0.421875 0.220312 0.413281 0.219531 0.37968799999999997 0.21406200000000003 0.36718799999999996 0.208594 0.361719
0 0.228906 0.49375 0.24765600000000002 0.498437 0.252344 0.497656 0.253906 0.49375 0.25 0.485938 0.228906 0.46093799999999996 0.22343799999999997 0.449219 0.22109399999999998 0.439063 0.217969 0.43671899999999997 0.210156 0.435937 0.20862085234375 0.43388948125000004 0.209375 0.44218799999999997 0.20781299999999997 0.450781 0.198437 0.45781299999999997 0.19921899999999998 0.463281 0.20703100000000002 0.474219 0.221875 0.485938 0.228906 0.49375
2 0.150781 0.434375 0.150781 0.464844 0.15390600000000002 0.478906 0.157031 0.475781 0.159375 0.46796899999999997 0.1625 0.44218799999999997 0.15859399999999998 0.41718700000000003 0.15625 0.41718700000000003 0.15390600000000002 0.420312 0.150781 0.434375
1 0.177344 0.3625 0.192969 0.36718799999999996 0.192969 0.37031200000000003 0.1875 0.37421899999999997 0.184375 0.380469 0.18359399999999998 0.397656 0.18515600000000002 0.40546899999999997 0.19375 0.41406200000000004 0.19921899999999998 0.403125 0.201563 0.385156 0.2 0.376563 0.196875 0.372656 0.19921899999999998 0.363281 0.198437 0.35156200000000004 0.19375 0.338281 0.186719 0.32734399999999997 0.170313 0.309375 0.165625 0.308594 0.164844 0.324219 0.16953100000000002 0.352344 0.177344 0.3625
2 0.13671899999999998 0.8117190000000001 0.1375 0.8023440000000001 0.13281199999999999 0.8023440000000001 0.13281199999999999 0.8070309999999999 0.129688 0.8117190000000001 0.1 0.840625 0.10078100000000001 0.8429690000000001 0.104688 0.8429690000000001 0.12890600000000002 0.826562 0.13671899999999998 0.8117190000000001
1 0.196875 0.860938 0.19921899999999998 0.871094 0.20703100000000002 0.8804690000000001 0.23046899999999998 0.9 0.235937 0.902344 0.23828100000000002 0.9007809999999999 0.225 0.879687 0.21875 0.8726559999999999 0.217969 0.867188 0.20781299999999997 0.8570309999999999 0.201563 0.847656 0.197656 0.85 0.188281 0.8492190000000001 0.17968800000000001 0.853125 0.17968800000000001 0.857812 0.194531 0.8585940000000001 0.196875 0.860938
1 0.039844000000000004 0.8179690000000001 0.045312000000000005 0.797656 0.042969 0.779687 0.044531 0.777344 0.05 0.782031 0.063281 0.7875 0.071875 0.786719 0.089063 0.778906 0.092188 0.775 0.096094 0.773438 0.109375 0.757031 0.11171899999999998 0.747656 0.10625 0.745313 0.089063 0.749219 0.067969 0.764062 0.050781 0.767188 0.045312000000000005 0.771094 0.032812999999999995 0.757812 0.032812999999999995 0.769531 0.035937000000000004 0.772656 0.036719 0.776563 0.035937000000000004 0.783594 0.032812999999999995 0.789844 0.032031 0.800781 0.024218999999999997 0.8179690000000001 0.013281000000000001 0.829688 0.011719 0.832812 0.0125 0.8375 0.017969 0.8375 0.022656000000000003 0.834375 0.039844000000000004 0.8179690000000001
2 0.049219 0.661719 0.05625 0.646875 0.057031 0.632812 0.054688 0.625 0.05 0.626563 0.04375 0.654687 0.041406 0.657813 0.040625 0.671094 0.045312000000000005 0.671875 0.045312000000000005 0.666406 0.049219 0.661719
0 0 0.428906 0.015625 0.430469 0.039844000000000004 0.428125 0.040625 0.432031 0.045312000000000005 0.433594 0.050781 0.428125 0.05625 0.428125 0.060156 0.435937 0.060156 0.451562 0.065625 0.470313 0.072656 0.47968700000000003 0.078906 0.478906 0.08203099999999999 0.471875 0.086719 0.44375 0.085156 0.428125 0.08984400000000001 0.424219 0.115625 0.411719 0.11875 0.408594 0.115625 0.404687 0.1125 0.403906 0.10390600000000001 0.40625 0.08203099999999999 0.407813 0.101562 0.373437 0.104688 0.364844 0.105469 0.35625 0.10390600000000001 0.35468700000000003 0.101562 0.355469 0.07421900000000001 0.384375 0.071094 0.39375 0.06640599999999999 0.39843799999999996 0.058594 0.399219 0.053905999999999996 0.40156200000000003 0.045312000000000005 0.40156200000000003 0.022656000000000003 0.409375 0 0.41093799999999997 0 0.428906
1 0 0.371875 0.00625 0.373437 0.025 0.369531 0.032812999999999995 0.372656 0.0375 0.371094 0.051562 0.36015600000000003 0.06640599999999999 0.341406 0.078125 0.322656 0.077344 0.319531 0.071094 0.317969 0.064062 0.319531 0.046875 0.329688 0.028125 0.34375 0.021875 0.357031 0.025781 0.364844 0.025 0.36718799999999996 0.014063 0.365625 0.00625 0.36718799999999996 0.0023439999999999997 0.3625 0 0.3625 0 0.371875
1 0.073438 0.29765600000000003 0.085938 0.289844 0.09375 0.28203100000000003 0.099219 0.271094 0.1 0.2625 0.096094 0.24765600000000002 0.08984400000000001 0.24765600000000002 0.071875 0.253125 0.028905999999999998 0.288281 0.025 0.29609399999999997 0.023438 0.303125 0.025 0.307031 0.042187999999999996 0.308594 0.053125 0.30625 0.073438 0.29765600000000003
0 0.553906 0.41093799999999997 0.560937 0.420312 0.561719 0.427344 0.567187 0.43671899999999997 0.575781 0.444531 0.5875 0.44375 0.614844 0.460156 0.622656 0.46093799999999996 0.623437 0.458594 0.619531 0.451562 0.604688 0.435937 0.585938 0.425781 0.575 0.416406 0.577344 0.404687 0.573438 0.39531299999999997 0.565625 0.384375 0.553125 0.371875 0.546875 0.371094 0.544531 0.372656 0.544531 0.385156 0.547656 0.396094 0.553906 0.41093799999999997
1 0.86875 0.15234399999999998 0.875 0.146875 0.876563 0.121094 0.878906 0.125 0.9039059999999999 0.141406 0.9242190000000001 0.149219 0.9320309999999999 0.149219 0.933594 0.147656 0.933594 0.142187 0.923438 0.126562 0.910156 0.117188 0.889062 0.105469 0.8742190000000001 0.10390600000000001 0.871875 0.105469 0.870313 0.134375 0.8664059999999999 0.14453100000000002 0.86875 0.15234399999999998
3 0.582812 0.185938 0.575 0.18984399999999998 0.572656 0.196875 0.575781 0.20625 0.590625 0.217969 0.610938 0.226562 0.632031 0.22968700000000003 0.641406 0.228906 0.646094 0.225781 0.647656 0.220312 0.646094 0.21640600000000002 0.632812 0.204687 0.642188 0.198437 0.65 0.197656 0.654687 0.19921899999999998 0.664844 0.19531199999999999 0.694531 0.19140600000000002 0.709375 0.184375 0.714063 0.178906 0.714063 0.173437 0.705469 0.16875 0.702344 0.164844 0.678906 0.159375 0.665625 0.16015600000000002 0.633594 0.157812 0.615625 0.16015600000000002 0.610156 0.15 0.599219 0.140625 0.582812 0.134375 0.575781 0.135156 0.576562 0.14296899999999998 0.592969 0.17421899999999998 0.582812 0.185938
0 0.147656 0 0.147656 0.0023439999999999997 0.15390600000000002 0.010936999999999999 0.170313 0.028125 0.177344 0.032031 0.189062 0.032812999999999995 0.190625 0.0375 0.194531 0.041406 0.20703100000000002 0.047656 0.21875 0.050781 0.221875 0.05 0.220312 0.044531 0.203125 0.029687 0.197656 0.017188000000000002 0.1875 0.010156 0.18125 0 0.147656 0
0 0.06875 0 0.067187 0.005469 0.067969 0.038280999999999996 0.075 0.064062 0.08203099999999999 0.077344 0.096875 0.089063 0.108594 0.089063 0.1125 0.091406 0.10625 0.099219 0.110156 0.107813 0.120313 0.11953100000000001 0.128125 0.124219 0.151562 0.14843800000000001 0.167187 0.15625 0.18359399999999998 0.15859399999999998 0.18515600000000002 0.15625 0.184375 0.15 0.178906 0.140625 0.175 0.1375 0.16796899999999998 0.11640600000000001 0.151562 0.0875 0.146875 0.082812 0.141406 0.08125 0.139063 0.077344 0.126562 0.078906 0.12265600000000002 0.082812 0.11796899999999999 0.082812 0.115625 0.080469 0.114062 0.075 0.10703100000000002 0.065625 0.098437 0.049219 0.096875 0.041406 0.088281 0.028125 0.079687 0.00625 0.07421900000000001 0 0.06875 0
2 0.15 0.147656 0.15 0.145313 0.146875 0.142187 0.142187 0.141406 0.133594 0.145313 0.124219 0.15390600000000002 0.11640600000000001 0.165625 0.110937 0.180469 0.108594 0.19375 0.11171899999999998 0.194531 0.135937 0.16015600000000002 0.15 0.147656
1 0.0625 0.220312 0.06640599999999999 0.20781299999999997 0.065625 0.197656 0.063281 0.192969 0.076563 0.18984399999999998 0.08203099999999999 0.186719 0.088281 0.178906 0.08984400000000001 0.171094 0.092188 0.16875 0.084375 0.172656 0.07421900000000001 0.182031 0.065625 0.184375 0.060156 0.18359399999999998 0.059375 0.1875 0.052344 0.192188 0.040625 0.225 0.040625 0.23671899999999998 0.046094 0.2375 0.05 0.235937 0.0625 0.220312
2 0.103281 0.23828100000000002 0.109922 0.242813 0.11484399999999999 0.24179699999999998 0.112266 0.2375 0.11023400000000001 0.233828 0.10523400000000001 0.23117200000000002 0.09765599999999999 0.23046899999999998 0.092969 0.23203100000000002 0.082812 0.240625 0.0875 0.242969 0.092188 0.241406 0.103281 0.23828100000000002
0 0.208594 0.217188 0.22109399999999998 0.228125 0.22109399999999998 0.23203100000000002 0.21640600000000002 0.242188 0.21640600000000002 0.25625 0.22343799999999997 0.27656200000000003 0.23828100000000002 0.307031 0.24375 0.314844 0.248438 0.316406 0.251563 0.314844 0.25468799999999997 0.307031 0.258594 0.283594 0.25781200000000004 0.264062 0.252344 0.24531200000000003 0.244531 0.23203100000000002 0.23046899999999998 0.225 0.23203100000000002 0.211719 0.227344 0.20078100000000002 0.227344 0.196875 0.220312 0.19140600000000002 0.21875 0.1875 0.213281 0.18515600000000002 0.204687 0.176563 0.201563 0.17578100000000002 0.18984399999999998 0.166406 0.180469 0.16406199999999999 0.178125 0.166406 0.197656 0.196094 0.208594 0.217188
0 0.198437 0.11640600000000001 0.203906 0.11640600000000001 0.209375 0.113281 0.217188 0.10625 0.225 0.095312 0.225 0.091406 0.221875 0.085938 0.221875 0.067969 0.20625 0.06875 0.189062 0.076563 0.178125 0.085938 0.164844 0.103125 0.16406199999999999 0.109375 0.165625 0.1125 0.16875 0.114062 0.18515600000000002 0.113281 0.198437 0.11640600000000001
0 0.308594 0.1125 0.321094 0.12265600000000002 0.333594 0.128125 0.342187 0.128125 0.353125 0.123438 0.3625 0.128125 0.367969 0.135156 0.377344 0.139063 0.420312 0.139844 0.43828100000000003 0.134375 0.439063 0.130469 0.424219 0.117188 0.42109399999999997 0.121094 0.41718700000000003 0.121094 0.392188 0.11484399999999999 0.371094 0.1125 0.365625 0.11484399999999999 0.360938 0.120313 0.353125 0.12265600000000002 0.350781 0.11953100000000001 0.350781 0.11484399999999999 0.346875 0.105469 0.335156 0.08984400000000001 0.32734399999999997 0.085156 0.303125 0.060937 0.279687 0.048437999999999995 0.274219 0.048437999999999995 0.27343799999999996 0.053905999999999996 0.284375 0.084375 0.308594 0.1125
0 0.307031 0.064844 0.314844 0.071875 0.32734399999999997 0.0875 0.342187 0.090625 0.360938 0.08984400000000001 0.36875 0.09765599999999999 0.389062 0.10078100000000001 0.415625 0.1 0.435937 0.096094 0.43828100000000003 0.092969 0.43671899999999997 0.08984400000000001 0.428906 0.085938 0.408594 0.08125 0.376563 0.079687 0.364844 0.084375 0.3625 0.070312 0.35156200000000004 0.053125 0.34296899999999997 0.046094 0.325781 0.0375 0.310156 0.034375 0.29765600000000003 0.035156 0.292969 0.040625 0.29609399999999997 0.050781 0.303906 0.057813 0.307031 0.064844
0 0.360938 0.042187999999999996 0.376563 0.052344 0.403125 0.063281 0.411719 0.064844 0.414844 0.064062 0.420312 0.057813 0.42265600000000003 0.060937 0.44375 0.073438 0.446094 0.076563 0.45234399999999997 0.078906 0.470313 0.092188 0.47968700000000003 0.096094 0.490625 0.096094 0.490625 0.091406 0.485938 0.086719 0.478906 0.072656 0.457031 0.053905999999999996 0.447656 0.049219 0.43828100000000003 0.047656 0.435156 0.049219 0.43125 0.048437999999999995 0.423438 0.053905999999999996 0.421875 0.052344 0.42265600000000003 0.042969 0.420312 0.036719 0.41093799999999997 0.028905999999999998 0.403125 0.025 0.39140600000000003 0.022656000000000003 0.372656 0.0125 0.35468700000000003 0.0078119999999999995 0.334375 0.0078119999999999995 0.33281299999999997 0.009375 0.332031 0.017188000000000002 0.340625 0.032031 0.360938 0.042187999999999996
0 0.507031 0.047656 0.517969 0.035156 0.529687 0.034375 0.551562 0.020313 0.560156 0.0125 0.5625 0.004687 0.55625 0.0023439999999999997 0.544531 0.003125 0.527344 0.013281000000000001 0.514062 0.027344 0.508594 0.028905999999999998 0.504687 0.026562000000000002 0.497656 0.025781 0.484375 0.032812999999999995 0.482031 0.0375 0.484375 0.041406 0.49218799999999996 0.046094 0.507031 0.047656
0 0.511719 0.21640600000000002 0.50625 0.22265600000000002 0.494531 0.228906 0.49375 0.2375 0.498437 0.267969 0.503906 0.2875 0.5125 0.30468799999999996 0.528125 0.32734399999999997 0.533594 0.32890600000000003 0.536719 0.324219 0.5375 0.288281 0.534375 0.26484399999999997 0.530469 0.251563 0.528906 0.232813 0.538281 0.224219 0.533594 0.220312 0.528125 0.219531 0.525 0.217188 0.530469 0.203125 0.529687 0.188281 0.524219 0.171094 0.517188 0.16015600000000002 0.513281 0.165625 0.514062 0.19375 0.511719 0.21640600000000002
0 0.546094 0.18125 0.539844 0.21406200000000003 0.540625 0.221875 0.54375 0.225 0.545312 0.232813 0.550781 0.235156 0.557813 0.242188 0.566406 0.265625 0.579688 0.285156 0.589844 0.305469 0.6 0.316406 0.600781 0.30625 0.596094 0.27656200000000003 0.592187 0.265625 0.576562 0.239844 0.554688 0.233594 0.546094 0.228125 0.546875 0.224219 0.560937 0.21875 0.566406 0.2125 0.571094 0.20078100000000002 0.575 0.182812 0.575 0.161719 0.571094 0.141406 0.557813 0.120313 0.553125 0.11640600000000001 0.547656 0.117188 0.545312 0.124219 0.546094 0.18125
0 0.636719 0.153125 0.639844 0.15625 0.653125 0.157031 0.661719 0.155469 0.66875 0.157031 0.676562 0.161719 0.7 0.167187 0.707812 0.172656 0.711719 0.178125 0.699219 0.1875 0.689063 0.189062 0.69375 0.19375 0.727344 0.20078100000000002 0.7375 0.20078100000000002 0.741406 0.197656 0.742188 0.192969 0.732031 0.177344 0.702344 0.15390600000000002 0.671406 0.154453 0.697656 0.1375 0.6717190000000001 0.14757800000000001 0.674219 0.139844 0.674219 0.133594 0.671094 0.123438 0.664062 0.114062 0.650781 0.10234399999999999 0.646094 0.103125 0.646094 0.108594 0.644531 0.110156 0.638281 0.109375 0.634375 0.110937 0.630469 0.123438 0.629687 0.13671899999999998 0.636719 0.153125
0 0.640625 0 0.648438 0.019531 0.650781 0.021875 0.650781 0.025 0.646094 0.032031 0.646094 0.036719 0.641406 0.040625 0.642188 0.045312000000000005 0.645312 0.046094 0.673438 0.06875 0.692969 0.088281 0.70625 0.094531 0.707812 0.092969 0.707812 0.08125 0.70625 0.071875 0.700781 0.059375 0.694531 0.032812999999999995 0.685937 0.020313 0.678125 0.017188000000000002 0.682031 0.00625 0.682031 0 0.640625 0
0 0.697656 0 0.697656 0.0023439999999999997 0.707031 0.010936999999999999 0.716406 0.015625 0.730469 0.010156 0.734375 0.010156 0.761719 0.035156 0.767969 0.036719 0.76875 0.028125 0.761719 0.0078119999999999995 0.753906 0 0.7375 0 0.736719 0.0023439999999999997 0.727344 0.003125 0.724219 0.00625 0.722656 0.004687 0.722656 0 0.697656 0
0 0.778125 0.10390600000000001 0.789062 0.11484399999999999 0.79375 0.117188 0.801562 0.117188 0.810937 0.11171899999999998 0.814063 0.121875 0.814063 0.13125 0.817187 0.139844 0.829688 0.157031 0.8351559999999999 0.1625 0.848437 0.16796899999999998 0.8601559999999999 0.16796899999999998 0.8625 0.165625 0.864062 0.159375 0.863281 0.14453100000000002 0.859375 0.135937 0.8507809999999999 0.125 0.84375 0.11875 0.8304690000000001 0.11171899999999998 0.8195309999999999 0.109375 0.8148440000000001 0.110156 0.8125 0.107813 0.807813 0.092188 0.771094 0.061719 0.760938 0.057813 0.755469 0.057813 0.755469 0.065625 0.758594 0.072656 0.778125 0.10390600000000001
1 0.769531 0.185938 0.783594 0.17578100000000002 0.810937 0.14375 0.810937 0.13828100000000002 0.794531 0.147656 0.760938 0.172656 0.75 0.184375 0.75 0.18984399999999998 0.776563 0.194531 0.775781 0.190625 0.769531 0.185938
2 0.9429690000000001 0.021093999999999998 0.9382809999999999 0.014844 0.932813 0.011719 0.929688 0.013281000000000001 0.928125 0.0375 0.920312 0.048437999999999995 0.9226559999999999 0.051562 0.935937 0.049219 0.94375 0.039062 0.9429690000000001 0.021093999999999998
2 0.9773440000000001 0.1625 0.9820309999999999 0.154688 0.978125 0.140625 0.972656 0.1375 0.965625 0.139844 0.935937 0.16015600000000002 0.929688 0.165625 0.9289059999999999 0.170313 0.9367190000000001 0.171094 0.957031 0.16875 0.9773440000000001 0.1625