1 0.695312 0.172266 0.688281 0.172266 0.6875 0.164453 0.653125 0.137891 0.644531 0.134766 0.60625 0.10664100000000001 0.596094 0.105078 0.595703 0.089844 0.632812 0.089453 0.635156 0.097266 0.654687 0.105078 0.679688 0.126953 0.689844 0.142578 0.695312 0.141016 0.702344 0.131641 0.715625 0.128516 0.716016 0.139063 0.708594 0.139453 0.705078 0.142969 0.698828 0.153906 0.695312 0.172266
1 0.36875 0.703516 0.358203 0.703125 0.358594 0.683203 0.364063 0.683203 0.389844 0.667578 0.41093799999999997 0.666016 0.434375 0.670703 0.43164100000000005 0.646094 0.442578 0.646094 0.45625 0.692578 0.374219 0.695703 0.369141 0.697656 0.36875 0.703516
1 0.8 0.8222660000000002 0.794531 0.8222660000000002 0.794141 0.816406 0.790625 0.814453 0.769531 0.809766 0.732031 0.781641 0.709375 0.759766 0.702344 0.759766 0.701953 0.739844 0.732812 0.739453 0.735156 0.747266 0.76875 0.767578 0.796094 0.798828 0.807031 0.791016 0.8195309999999999 0.787891 0.8375 0.787891 0.8660159999999999 0.794531 0.865625 0.800391 0.8585939999999999 0.800391 0.85 0.8066410000000002 0.826562 0.8128910000000001 0.8039059999999999 0.814453 0.800391 0.816406 0.8 0.8222660000000002
1 0.853125 0.516016 0.839453 0.515625 0.839453 0.464844 0.846875 0.46445299999999995 0.8585939999999999 0.44882799999999995 0.876953 0.439063 0.8753910000000001 0.42109399999999997 0.8800779999999999 0.41093799999999997 0.8800779999999999 0.402344 0.896875 0.40195299999999995 0.8972659999999999 0.41406200000000004 0.8910160000000001 0.414844 0.8894529999999999 0.43281200000000003 0.8914060000000001 0.4378909999999999 0.8972659999999999 0.43828100000000003 0.8972659999999999 0.44843700000000003 0.8914060000000001 0.44882799999999995 0.8660159999999999 0.478906 0.856641 0.497656 0.853125 0.516016
1 0.940625 0.637891 0.8992190000000001 0.637891 0.871875 0.606641 0.8644529999999999 0.60625 0.8644529999999999 0.596094 0.88125 0.595703 0.8816409999999999 0.603125 0.9039059999999999 0.620703 0.910937 0.619141 0.917969 0.612891 0.9445309999999999 0.605078 0.978125 0.603516 0.9894529999999999 0.608594 0.989062 0.611328 0.978906 0.616016 0.96875 0.628516 0.940625 0.637891
2 0.378125 0.428516 0.357031 0.428516 0.354687 0.42070299999999994 0.339844 0.41757799999999995 0.334375 0.411328 0.326953 0.41093799999999997 0.327344 0.376953 0.339062 0.376953 0.342578 0.392188 0.372656 0.41601600000000005 0.378516 0.416406 0.378125 0.428516
2 0.653125 0.584766 0.638281 0.584766 0.6375 0.578516 0.613281 0.573828 0.600781 0.567578 0.590625 0.556641 0.583594 0.556641 0.583203 0.539844 0.621875 0.539453 0.624219 0.547266 0.6375 0.555078 0.647656 0.567578 0.653516 0.567969 0.653125 0.584766
2 0.671875 0.520703 0.652344 0.519141 0.642578 0.510938 0.632812 0.49570299999999995 0.626953 0.49531200000000003 0.627344 0.4535159999999999 0.636328 0.455469 0.664453 0.50625 0.672266 0.508594 0.671875 0.520703
1 0.29375 0.309766 0.283203 0.309375 0.283203 0.282031 0.289062 0.281641 0.308594 0.266016 0.324219 0.261328 0.348438 0.259766 0.339453 0.248438 0.339844 0.239453 0.353125 0.239453 0.353516 0.24531200000000003 0.372656 0.262891 0.391016 0.269531 0.390625 0.280078 0.361719 0.278516 0.339062 0.284766 0.321094 0.284766 0.296094 0.301953 0.29375 0.309766
1 0.953125 0.141016 0.9398440000000001 0.141016 0.939063 0.133203 0.925781 0.131641 0.901563 0.10351599999999998 0.8957029999999999 0.103125 0.8957029999999999 0.089844 0.91875 0.089453 0.919141 0.095312 0.934375 0.11132800000000001 0.939453 0.098437 0.939453 0.089844 0.953125 0.089453 0.953125 0.141016
2 0.948438 0.508203 0.933203 0.507812 0.933594 0.45195299999999994 0.94375 0.45195299999999994 0.950391 0.46796899999999997 0.9519529999999999 0.485938 0.948438 0.508203
0 0 0.275 0 0.290625 0.026561999999999995 0.294531 0.044531 0.302344 0.055469000000000004 0.303125 0.054688 0.298438 0.04375 0.288281 0.03125 0.28125 0.015625 0.275781
0 0.624219 0.902344 0.623437 0.904687 0.632812 0.914062 0.648438 0.923438 0.665625 0.93125 0.66875 0.93125 0.689844 0.94375 0.702344 0.946875 0.717969 0.959375 0.721094 0.9601559999999999 0.727344 0.95625 0.723437 0.946875 0.714063 0.9375 0.701562 0.932031 0.680469 0.915625 0.666406 0.9085940000000001 0.648438 0.903125 0.627344 0.9
0 0.763281 0.9679689999999999 0.753906 0.9695310000000001 0.746094 0.9773440000000001 0.742969 0.9875 0.744531 1 0.759375 1 0.764844 0.9835939999999999 0.765625 0.9710940000000001
0 0.79375 0.583594 0.789844 0.582031 0.765625 0.586719 0.74375 0.595313 0.734375 0.601562 0.729688 0.607812 0.728125 0.619531 0.733594 0.620313 0.776563 0.6 0.794531 0.589063
0 0.714063 0.522656 0.708594 0.524219 0.702344 0.528906 0.672656 0.560156 0.674219 0.564844 0.667188 0.575 0.666406 0.6 0.667969 0.607812 0.671875 0.611719 0.670312 0.614062 0.667188 0.615625 0.65 0.615625 0.64375 0.620313 0.63125 0.625 0.617969 0.638281 0.616406 0.646094 0.613281 0.65 0.614062 0.654687 0.617188 0.654687 0.619531 0.652344 0.638281 0.65 0.653906 0.64375 0.682031 0.638281 0.701562 0.630469 0.70625 0.630469 0.708594 0.627344 0.707812 0.617969 0.679688 0.615625 0.678906 0.611719 0.684375 0.60625 0.695312 0.575 0.715625 0.532031 0.716406 0.525
0 0.598437 0.884375 0.59375 0.884375 0.591406 0.8875 0.583594 0.886719 0.560937 0.896094 0.544531 0.907813 0.532813 0.9195309999999999 0.522656 0.935937 0.520312 0.947656 0.521094 0.959375 0.525781 0.960938 0.53125 0.957812 0.539844 0.9460940000000001 0.583594 0.902344 0.599219 0.889062
0 0.60625 0.916406 0.603906 0.923438 0.604688 0.926562 0.626563 0.9445309999999999 0.652344 0.951562 0.663281 0.951562 0.663281 0.946875 0.652344 0.9367189999999999 0.623437 0.915625 0.616406 0.9125 0.610938 0.9125
0 0.7125 0.84375 0.708594 0.853906 0.710156 0.873437 0.7125 0.884375 0.725 0.9195309999999999 0.739062 0.9445309999999999 0.746875 0.953125 0.763281 0.9617190000000001 0.767969 0.9617190000000001 0.769531 0.9601559999999999 0.767969 0.954688 0.771094 0.951562 0.770312 0.939063 0.742188 0.8875 0.738281 0.876563 0.735156 0.8726559999999999 0.732812 0.8601560000000001 0.725781 0.855469 0.717187 0.8429689999999999
0 0.494531 0.860938 0.482031 0.855469 0.47656200000000004 0.8617190000000001 0.461719 0.8664059999999999 0.45390600000000003 0.871094 0.433594 0.8929690000000001 0.41718700000000003 0.9242190000000001 0.4125 0.94375 0.4125 0.954688 0.41406200000000004 0.95625 0.41718700000000003 0.95625 0.425781 0.9507809999999999 0.45 0.925781 0.48125 0.8773440000000001 0.48515600000000003 0.8679690000000001 0.491406 0.8617190000000001
0 0.395313 0.970313 0.39375 0.96875 0.3875 0.96875 0.348438 0.978125 0.328125 0.988281 0.314844 0.9976559999999999 0.314844 1 0.360938 1 0.361719 0.9976559999999999 0.389844 0.979688 0.394531 0.975
0 0.11875 0.927344 0.117188 0.9226560000000001 0.107813 0.917969 0.095312 0.91875 0.078906 0.9226560000000001 0.048438 0.939063 0.024219 0.939063 0.024219 0.94375 0.030469000000000003 0.9523439999999999 0.0375 0.9554690000000001 0.061719 0.95625 0.082031 0.953125 0.082812 0.9554690000000001 0.091406 0.95625 0.092969 0.954688 0.083594 0.953125 0.082812 0.951562 0.108594 0.9398440000000001
0 0.171875 0.302344 0.164844 0.303906 0.15625 0.311719 0.15 0.320312 0.14375 0.333594 0.141406 0.346875 0.142969 0.380469 0.132031 0.371875 0.132031 0.36875 0.129688 0.36875 0.128125 0.373437 0.132031 0.375 0.13125 0.3875 0.126562 0.390625 0.12265600000000002 0.389844 0.11171899999999998 0.394531 0.103125 0.395313 0.082812 0.40703100000000003 0.075781 0.414844 0.074219 0.42109399999999997 0.071875 0.423438 0.071094 0.428906 0.072656 0.433594 0.076563 0.435156 0.079687 0.432031 0.090625 0.428906 0.103125 0.42109399999999997 0.127344 0.417969 0.14375 0.408594 0.153906 0.407813 0.158594 0.413281 0.169531 0.41406200000000004 0.171094 0.4125 0.171875 0.403125 0.16875 0.377344 0.171094 0.36875 0.171094 0.340625 0.175 0.317188 0.174219 0.305469
0 0.1375 0.192188 0.132812 0.201563 0.133594 0.22109399999999998 0.139844 0.235156 0.158594 0.260156 0.160156 0.267969 0.180469 0.275781 0.194531 0.276562 0.196875 0.273438 0.195312 0.267188 0.1625 0.219531 0.150781 0.199219 0.14375 0.192969
0 0.664844 0.26875 0.661719 0.270313 0.657813 0.278906 0.657813 0.296094 0.660156 0.310937 0.669531 0.340625 0.680469 0.357031 0.676562 0.369531 0.677344 0.380469 0.68125 0.389062 0.685937 0.390625 0.6875 0.389062 0.6875 0.383594 0.689844 0.38125 0.689063 0.374219 0.69375 0.375 0.695312 0.372656 0.6875 0.358594 0.6875 0.335938 0.682031 0.292969 0.675781 0.273438 0.670312 0.26875
0 0.7875 0.184375 0.7875 0.189062 0.789844 0.19375 0.802344 0.199219 0.8054690000000001 0.203125 0.810937 0.203906 0.853906 0.22109399999999998 0.86875 0.221875 0.894531 0.228906 0.9125 0.228125 0.933594 0.22968700000000003 0.964063 0.234375 0.9914059999999999 0.241406 1 0.240625 1 0.232813 0.9976559999999999 0.23203100000000002 0.995313 0.220312 0.985938 0.217969 0.959375 0.20625 0.9195309999999999 0.202344 0.903125 0.20625 0.890625 0.215625 0.885156 0.21640600000000002 0.878125 0.21406200000000003 0.8664059999999999 0.213281 0.847656 0.198437 0.823438 0.186719 0.807031 0.185938 0.799219 0.1875 0.791406 0.182031
0 1 0.108594 0.9976559999999999 0.108594 0.9679689999999999 0.142969 0.9679689999999999 0.153906 0.970313 0.165625 0.974219 0.173437 0.979688 0.173437 0.98125 0.175 0.9867190000000001 0.174219 0.9835939999999999 0.166406 0.988281 0.154688 0.996094 0.14375 1 0.141406
0 0.880469 0.01875 0.875 0.025 0.875 0.034375 0.878125 0.049219 0.880469 0.082812 0.882812 0.091406 0.8898439999999999 0.10390600000000001 0.892188 0.117188 0.892188 0.135156 0.889062 0.141406 0.8875 0.176563 0.885938 0.182031 0.8882809999999999 0.189062 0.890625 0.209375 0.89375 0.211719 0.910937 0.202344 0.911719 0.189844 0.90625 0.148438 0.8992190000000001 0.136719 0.9 0.089063 0.895312 0.048438 0.890625 0.035937 0.889062 0.021094
0 0.345313 0.475 0.341406 0.48359399999999997 0.340625 0.503125 0.34375 0.521094 0.349219 0.535937 0.355469 0.547656 0.370312 0.564844 0.384375 0.571875 0.3875 0.571875 0.389062 0.575 0.388281 0.576562 0.380469 0.578125 0.376563 0.583594 0.373437 0.592187 0.374219 0.596094 0.377344 0.598437 0.382031 0.586719 0.390625 0.577344 0.396875 0.576562 0.403906 0.572656 0.403906 0.567969 0.398438 0.565625 0.389844 0.55625 0.367969 0.523438 0.361719 0.510156 0.353125 0.482031 0.35 0.475781
0 0.345313 0.711719 0.335938 0.725781 0.334375 0.733594 0.335156 0.748437 0.34375 0.769531 0.354687 0.785156 0.350781 0.800781 0.352344 0.816406 0.357031 0.832031 0.367969 0.846875 0.372656 0.8507809999999999 0.377344 0.851562 0.379688 0.848437 0.380469 0.8429689999999999 0.379688 0.832812 0.373437 0.808594 0.367188 0.792969 0.366406 0.782031 0.364063 0.779687 0.364844 0.775 0.360938 0.739062 0.351562 0.7125
0 0.179688 0.8882809999999999 0.178125 0.8835940000000001 0.174219 0.879687 0.140625 0.880469 0.109375 0.886719 0.085156 0.8992190000000001 0.077344 0.9070310000000001 0.072656 0.916406 0.077344 0.920312 0.082812 0.9210939999999999 0.158594 0.904687 0.170313 0.904687 0.178125 0.9
0 0.477344 0.9539060000000001 0.478125 0.960938 0.485938 0.964063 0.498437 0.964063 0.522656 0.9601559999999999 0.521875 0.957031 0.517969 0.954688 0.509375 0.954688 0.49531200000000003 0.951562 0.480469 0.9523439999999999
0 0.8039059999999999 0.927344 0.809375 0.9351559999999999 0.823438 0.948438 0.8570309999999999 0.9695310000000001 0.889062 0.9695310000000001 0.8929690000000001 0.964844 0.896094 0.9679689999999999 0.9 0.965625 0.901563 0.973437 0.9054689999999999 0.978906 0.925781 0.982812 0.939063 0.988281 0.963281 0.992188 0.98125 0.992188 1 0.988281 1 0.976562 0.9929690000000001 0.973437 0.978125 0.9710940000000001 0.95625 0.9617190000000001 0.9351559999999999 0.959375 0.907813 0.9601559999999999 0.902344 0.9625 0.8820309999999999 0.9617190000000001 0.871875 0.9507809999999999 0.860938 0.945312 0.855469 0.939063 0.855469 0.9351559999999999 0.8507809999999999 0.9304690000000001 0.8351559999999999 0.9226560000000001 0.8257809999999999 0.921875 0.8195309999999999 0.925781 0.807813 0.9242190000000001
0 0.840625 0.297656 0.835938 0.302344 0.8367190000000001 0.307031 0.851562 0.321875 0.853125 0.33125 0.8585939999999999 0.340625 0.8679690000000001 0.351562 0.875 0.363281 0.8882809999999999 0.375781 0.896875 0.378125 0.8976559999999999 0.372656 0.8929690000000001 0.360938 0.873437 0.33125 0.8585939999999999 0.317969 0.857812 0.314063 0.85 0.313281 0.846875 0.310937 0.84375 0.303906 0.84375 0.299219
0 0.567969 0.336719 0.570312 0.342187 0.576562 0.346875 0.579688 0.357031 0.610156 0.389844 0.634375 0.402344 0.646094 0.403125 0.655469 0.409375 0.663281 0.408594 0.664844 0.410156 0.664844 0.42265600000000003 0.680469 0.46406200000000003 0.685937 0.46796899999999997 0.698438 0.485938 0.720313 0.508594 0.726562 0.513281 0.740625 0.51875 0.742188 0.516406 0.741406 0.509375 0.725 0.467187 0.714844 0.44843700000000003 0.690625 0.416406 0.682031 0.408594 0.671875 0.404687 0.670312 0.4 0.661719 0.399219 0.650781 0.395313 0.63125 0.375781 0.614062 0.366406 0.608594 0.359375 0.602344 0.35625 0.589063 0.34375 0.576562 0.336719
0 0.404687 0.513281 0.403125 0.516406 0.403906 0.522656 0.415625 0.535156 0.435156 0.549219 0.47656200000000004 0.571094 0.4875 0.580469 0.49375 0.583594 0.48906299999999997 0.589063 0.482031 0.592187 0.470313 0.604688 0.457031 0.630469 0.453125 0.642188 0.45234399999999997 0.65625 0.454688 0.676562 0.458594 0.686719 0.4625 0.690625 0.467187 0.692187 0.478125 0.678125 0.49218799999999996 0.635156 0.50625 0.6 0.50625 0.590625 0.502344 0.585156 0.49531200000000003 0.584375 0.5 0.576562 0.5 0.571875 0.484375 0.553125 0.482031 0.546094 0.472656 0.5375 0.46875 0.529687 0.459375 0.520312 0.453125 0.517188 0.451562 0.513281 0.447656 0.510156 0.4375 0.513281 0.439063 0.515625 0.44843700000000003 0.517188 0.446875 0.519531 0.439844 0.519531 0.43671899999999997 0.515625 0.432031 0.514844 0.427344 0.516406 0.41406200000000004 0.513281
0 0.8101559999999999 0.822656 0.801562 0.821875 0.794531 0.8257809999999999 0.783594 0.8414059999999999 0.782031 0.8570309999999999 0.779687 0.860938 0.782813 0.8835940000000001 0.7875 0.880469 0.789844 0.8835940000000001 0.795312 0.880469 0.799219 0.88125 0.800781 0.8773440000000001 0.799219 0.873437 0.800781 0.864844 0.817969 0.8625 0.835938 0.853906 0.8351559999999999 0.849219 0.8273439999999999 0.8445310000000001 0.816406 0.834375 0.8132810000000001 0.825
0 0.68125 0.646875 0.669531 0.642188 0.653906 0.64375 0.630469 0.653906 0.625781 0.653906 0.626563 0.657813 0.615625 0.664062 0.610938 0.670312 0.607031 0.671875 0.6 0.685937 0.588281 0.699219 0.582812 0.715625 0.583594 0.726562 0.586719 0.728125 0.592187 0.727344 0.610938 0.713281 0.617969 0.710156 0.654687 0.674219 0.675781 0.659375 0.68125 0.653906
0 0.350781 0.375781 0.352344 0.383594 0.355469 0.385937 0.364063 0.3875 0.408594 0.40546899999999997 0.455469 0.42968799999999996 0.466406 0.43281200000000003 0.470313 0.43125 0.471875 0.414844 0.464844 0.403906 0.45390600000000003 0.39375 0.43671899999999997 0.383594 0.408594 0.379688 0.39375 0.372656 0.3875 0.366406 0.377344 0.364063 0.371094 0.364063 0.360938 0.367188 0.352344 0.372656
0 0.145313 0.242188 0.139063 0.23828100000000002 0.110156 0.239844 0.089844 0.249219 0.082031 0.254688 0.06875 0.267969 0.066406 0.283594 0.066406 0.301563 0.071094 0.303125 0.078906 0.299219 0.084375 0.288281 0.099219 0.275 0.139063 0.25625 0.14375 0.252344