2 0.553125 0.70625 0.553906 0.7 0.529687 0.711719 0.528125 0.717187 0.5375 0.716406 0.546094 0.713281 0.553125 0.70625
2 0.083594 0.132031 0.0875 0.146875 0.092188 0.146875 0.09765599999999999 0.125781 0.10078100000000001 0.099219 0.10625 0.084375 0.10390600000000001 0.08125 0.090625 0.08984400000000001 0.085156 0.101562 0.083594 0.132031
0 0.089063 0.24531200000000003 0.103125 0.23828100000000002 0.105469 0.239844 0.103125 0.24375 0.10109399999999999 0.254297 0.107813 0.24765600000000002 0.109375 0.241406 0.1125 0.23906299999999997 0.124219 0.239844 0.13281199999999999 0.23828100000000002 0.146094 0.232813 0.15625 0.220312 0.15 0.217969 0.11484399999999999 0.228906 0.109375 0.227344 0.107813 0.225 0.0875 0.225 0.059375 0.23125 0.04375 0.23125 0.039844000000000004 0.234375 0.039062 0.240625 0.048437999999999995 0.246875 0.060937 0.249219 0.089063 0.24531200000000003
2 0.15390600000000002 0.20703100000000002 0.176563 0.201563 0.17421899999999998 0.196094 0.170313 0.197656 0.165625 0.196094 0.153125 0.198437 0.13828100000000002 0.20546899999999998 0.130469 0.211719 0.124219 0.213281 0.12890600000000002 0.215625 0.139063 0.21484399999999998 0.15390600000000002 0.20703100000000002
2 0.8804690000000001 0.521875 0.8976559999999999 0.525781 0.9070309999999999 0.517969 0.892188 0.502344 0.8695309999999999 0.485938 0.8648440000000001 0.485938 0.865625 0.490625 0.8804690000000001 0.514844 0.8804690000000001 0.521875
2 0.9125 0.773438 0.917188 0.765625 0.915625 0.738281 0.9132809999999999 0.734375 0.9085940000000001 0.735156 0.907813 0.775781 0.9125 0.773438
1 0.8132809999999999 0.346094 0.821875 0.330469 0.821875 0.32031200000000004 0.8351559999999999 0.31875 0.8367190000000001 0.31718799999999997 0.8367190000000001 0.310156 0.829688 0.308594 0.8273440000000001 0.314063 0.8226559999999999 0.315625 0.81875 0.31328100000000003 0.814063 0.314063 0.799219 0.336719 0.773438 0.36015600000000003 0.771875 0.367969 0.775781 0.36875 0.799219 0.357031 0.8132809999999999 0.346094
1 0.746875 0.38125 0.75625 0.365625 0.764844 0.338281 0.771875 0.325 0.771875 0.309375 0.767188 0.309375 0.761719 0.321875 0.753906 0.33281299999999997 0.739062 0.34843799999999997 0.729688 0.364844 0.713281 0.38593700000000003 0.70625 0.397656 0.704688 0.409375 0.7125 0.410156 0.721875 0.40546899999999997 0.746875 0.38125
1 0.614844 0.154688 0.622656 0.15859399999999998 0.636719 0.16015600000000002 0.641406 0.15859399999999998 0.646875 0.15390600000000002 0.648438 0.154688 0.642969 0.19140600000000002 0.642969 0.204687 0.646875 0.208594 0.657031 0.16015600000000002 0.654687 0.145313 0.639844 0.14453100000000002 0.615625 0.13671899999999998 0.603125 0.130469 0.590625 0.12890600000000002 0.589063 0.13281199999999999 0.591406 0.135937 0.614844 0.154688
2 0.051562 0.35625 0.077344 0.352344 0.080469 0.35 0.079687 0.345313 0.052344 0.346875 0.0375 0.345313 0.03125 0.35 0.036719 0.35625 0.044531 0.35468700000000003 0.051562 0.35625
2 0.767188 0.645312 0.780469 0.642969 0.79375 0.6375 0.799219 0.6375 0.803125 0.635156 0.804688 0.630469 0.8023440000000001 0.626563 0.796875 0.629687 0.7875 0.630469 0.773438 0.635938 0.763281 0.6375 0.735156 0.636719 0.732812 0.639062 0.735938 0.642188 0.75 0.645312 0.767188 0.645312
1 0.734375 0.13828100000000002 0.735156 0.14375 0.7375 0.146875 0.735938 0.15859399999999998 0.739062 0.165625 0.742188 0.19375 0.747656 0.201563 0.75 0.19921899999999998 0.750781 0.192188 0.744531 0.15234399999999998 0.750781 0.145313 0.753125 0.13828100000000002 0.759375 0.096094 0.759375 0.085156 0.75625 0.08203099999999999 0.753125 0.085156 0.739844 0.1125 0.734375 0.13828100000000002
2 0.703906 0.125 0.719531 0.125 0.732031 0.121094 0.7375 0.113281 0.7375 0.110156 0.735156 0.109375 0.724219 0.114062 0.697656 0.114062 0.6875 0.1125 0.677344 0.11484399999999999 0.671094 0.11953100000000001 0.677344 0.121875 0.69375 0.12265600000000002 0.703906 0.125
2 0.760156 0.069531 0.763281 0.06640599999999999 0.765625 0.059375 0.759375 0.050781 0.741406 0.041406 0.73125 0.039062 0.724219 0.039844000000000004 0.725781 0.044531 0.749219 0.065625 0.760156 0.069531
2 0.960938 0 0.959375 0.014063 0.954688 0.024218999999999997 0.949219 0.028905999999999998 0.949219 0.035937000000000004 0.9375 0.05 0.935937 0.057031 0.9398440000000001 0.058594 0.9554690000000001 0.046875 0.964844 0.036719 0.970313 0.016406 0.9679690000000001 0 0.960938 0
2 0.792969 0.210938 0.796875 0.20546899999999998 0.791406 0.20078100000000002 0.771875 0.19531199999999999 0.755469 0.196875 0.751563 0.2 0.753125 0.203125 0.776563 0.2125 0.792969 0.210938
2 1 0.20703100000000002 0.9898440000000001 0.208594 0.9742190000000001 0.20546899999999998 0.925 0.21484399999999998 0.921875 0.21640600000000002 0.923438 0.228906 0.9367190000000001 0.228906 0.965625 0.217969 0.9835940000000001 0.217188 1 0.213281 1 0.20703100000000002
1 0.636719 0.361719 0.646094 0.35625 0.647656 0.364844 0.653906 0.376563 0.655469 0.376563 0.657031 0.37421899999999997 0.657031 0.35156200000000004 0.6625 0.342187 0.6625 0.338281 0.675781 0.325781 0.672656 0.32343700000000003 0.66875 0.32343700000000003 0.655469 0.335156 0.638281 0.34296899999999997 0.591406 0.353906 0.588281 0.35625 0.588281 0.360938 0.591406 0.3625 0.624219 0.36406299999999997 0.636719 0.361719
1 0.56875 0.23671899999999998 0.56875 0.240625 0.575781 0.246875 0.583594 0.260156 0.5875 0.264062 0.592187 0.264062 0.59375 0.251563 0.591406 0.25 0.579688 0.22968700000000003 0.569531 0.22265600000000002 0.558594 0.22109399999999998 0.557031 0.225 0.559375 0.23046899999999998 0.56875 0.23671899999999998
2 0.463281 0.299219 0.46875 0.284375 0.46796899999999997 0.28125 0.4625 0.28203100000000003 0.45625 0.2875 0.451562 0.302344 0.453125 0.310156 0.4625 0.319531 0.46796899999999997 0.31875 0.46406200000000003 0.308594 0.463281 0.299219
1 0.44843700000000003 0.210938 0.45625 0.21406200000000003 0.466406 0.22109399999999998 0.490625 0.22109399999999998 0.503125 0.21484399999999998 0.5125 0.224219 0.518437 0.225 0.521328 0.226016 0.530859 0.227891 0.540391 0.229844 0.537188 0.22406199999999998 0.528594 0.220078 0.5180469999999999 0.218203 0.512031 0.216953 0.50625 0.210938 0.504687 0.208594 0.491406 0.204687 0.485938 0.20078100000000002 0.47343799999999997 0.196875 0.45234399999999997 0.185938 0.435937 0.180469 0.43281200000000003 0.18125 0.43281200000000003 0.186719 0.435156 0.192188 0.44843700000000003 0.210938
1 0.38593700000000003 0.017969 0.393125 0.018125 0.38984399999999997 0.029687 0.394531 0.049219 0.40351600000000004 0.064844 0.41601600000000005 0.074063 0.408594 0.04375 0.403906 0.023438 0.403906 0.010936999999999999 0.400781 0.0039059999999999997 0.394766 0.010391000000000001 0.38953099999999996 0.011953 0.366563 0.016563 0.38125 0.016406 0.38593700000000003 0.017969
2 0.467187 0.086719 0.471875 0.0875 0.474219 0.085938 0.474219 0.083594 0.451562 0.061719 0.446875 0.061719 0.441406 0.067969 0.44218799999999997 0.071094 0.450781 0.078125 0.467187 0.086719
2 0.361719 0.051562 0.36406299999999997 0.045312000000000005 0.3625 0.040625 0.353906 0.040625 0.341406 0.048437999999999995 0.32031200000000004 0.069531 0.31875 0.076563 0.324219 0.076563 0.34453100000000003 0.060156 0.361719 0.051562
2 0.367969 0.090625 0.37031200000000003 0.080469 0.373437 0.076563 0.37031200000000003 0.069531 0.367969 0.070312 0.35859399999999997 0.088281 0.357031 0.107813 0.3625 0.10234399999999999 0.364844 0.094531 0.367969 0.090625
0 0.38281200000000004 0.103125 0.383594 0.0875 0.390625 0.080469 0.38984399999999997 0.064062 0.3875 0.060937 0.385156 0.050781 0.380469 0.046094 0.376563 0.046094 0.372656 0.052344 0.375312 0.058594 0.374375 0.06664099999999999 0.375469 0.070703 0.371875 0.08249999999999999 0.36875 0.0925 0.366719 0.096875 0.364141 0.10351600000000001 0.362109 0.10554699999999999 0.35992199999999996 0.111484 0.355 0.119453 0.37312500000000004 0.114922 0.378125 0.1125 0.38281200000000004 0.103125
0 0.359375 0.22109399999999998 0.367969 0.21484399999999998 0.37031200000000003 0.21484399999999998 0.372656 0.217969 0.37968799999999997 0.217969 0.392188 0.208594 0.396094 0.201563 0.39531299999999997 0.197656 0.392188 0.196094 0.378906 0.19921899999999998 0.36875 0.198437 0.36015600000000003 0.201563 0.339844 0.21484399999999998 0.333594 0.225 0.33593799999999996 0.228125 0.346094 0.227344 0.359375 0.22109399999999998
2 0.35 0.31328100000000003 0.35468700000000003 0.302344 0.35 0.29609399999999997 0.34375 0.294531 0.346875 0.3 0.346328 0.319141 0.35 0.31328100000000003
1 0.249219 0.176563 0.24375 0.1875 0.235937 0.208594 0.235937 0.22343799999999997 0.239844 0.23203100000000002 0.24765600000000002 0.23671899999999998 0.24609399999999998 0.24531200000000003 0.241406 0.252344 0.239844 0.26093700000000003 0.240625 0.29218700000000003 0.24375 0.30156299999999997 0.246875 0.30468799999999996 0.248438 0.30468799999999996 0.25 0.300781 0.25078100000000003 0.29218700000000003 0.253906 0.283594 0.253125 0.278125 0.255469 0.260156 0.25468799999999997 0.25078100000000003 0.25 0.24765600000000002 0.251563 0.24609399999999998 0.25078100000000003 0.240625 0.258594 0.232813 0.267969 0.19375 0.269531 0.16796899999999998 0.267969 0.165625 0.264062 0.164844 0.255469 0.165625 0.255469 0.16953100000000002 0.249219 0.176563
1 0.21406200000000003 0.098437 0.217188 0.104688 0.22968700000000003 0.107813 0.233594 0.104688 0.233594 0.09765599999999999 0.228125 0.0875 0.225781 0.075 0.225781 0.064844 0.228125 0.061719 0.23125 0.060937 0.23125 0.05625 0.228125 0.055469000000000004 0.219531 0.064062 0.21484399999999998 0.073438 0.21406200000000003 0.098437
2 0.196875 0.224219 0.203906 0.22265600000000002 0.204687 0.215625 0.198437 0.208594 0.196094 0.202344 0.185938 0.192969 0.18125 0.192188 0.18125 0.203906 0.188281 0.217969 0.196875 0.224219
1 0 0.041406 0.017969 0.041406 0.028905999999999998 0.038280999999999996 0.051562 0.035937000000000004 0.06875 0.028125 0.070312 0.029687 0.070312 0.034375 0.073438 0.0375 0.0875 0.042969 0.09375 0.042187999999999996 0.092969 0.029687 0.083594 0.020313 0.05 0.0125 0.039062 0.0125 0.029687 0.014844 0.008594000000000001 0.027344 0 0.035156 0 0.041406
2 0 0.14296899999999998 0.011719 0.146094 0.024218999999999997 0.146094 0.028905999999999998 0.14453100000000002 0.0375 0.145313 0.040625 0.14296899999999998 0.039062 0.13828100000000002 0.034375 0.1375 0.033594 0.135937 0.027344 0.13671899999999998 0.010936999999999999 0.132031 0.00625 0.12890600000000002 0 0.128125 0 0.14296899999999998
2 0.044531 0.22265600000000002 0.050781 0.213281 0.042969 0.202344 0.040625 0.202344 0.036719 0.20625 0.028905999999999998 0.221875 0.022656000000000003 0.246875 0.021093999999999998 0.271875 0.026562000000000002 0.271875 0.039844000000000004 0.23906299999999997 0.044531 0.22265600000000002
2 0.69375 0.932813 0.694531 0.925 0.692969 0.923438 0.686719 0.926562 0.660937 0.9289059999999999 0.648438 0.9351559999999999 0.646094 0.9375 0.646094 0.940625 0.669531 0.935937 0.690625 0.934375 0.69375 0.932813
2 0.644531 0.615625 0.651563 0.615625 0.655469 0.611719 0.654687 0.605469 0.651563 0.600781 0.636719 0.589844 0.622656 0.585156 0.622656 0.590625 0.632812 0.607812 0.644531 0.615625
2 0.460156 0.389062 0.46093799999999996 0.410156 0.465625 0.43281200000000003 0.467187 0.434375 0.471094 0.42968799999999996 0.471094 0.42265600000000003 0.467187 0.397656 0.46796899999999997 0.376563 0.465625 0.37578100000000003 0.458594 0.380469 0.45781299999999997 0.38593700000000003 0.460156 0.389062
1 0.371875 0.361719 0.371875 0.38984399999999997 0.37578100000000003 0.400781 0.37578100000000003 0.408594 0.372656 0.415625 0.372656 0.42109399999999997 0.377344 0.41875 0.383594 0.409375 0.383594 0.400781 0.3875 0.38984399999999997 0.388281 0.382031 0.386719 0.352344 0.383594 0.3375 0.38125 0.333594 0.378125 0.335156 0.37578100000000003 0.341406 0.371875 0.361719