2 0.661719 0.225 0.66875 0.224219 0.671094 0.221875 0.672656 0.21718700000000002 0.675781 0.21484399999999998 0.682813 0.20468799999999998 0.692969 0.19375 0.7 0.18125 0.703906 0.177344 0.696094 0.177344 0.685937 0.186719 0.682031 0.188281 0.665625 0.20468799999999998 0.660156 0.20703100000000002 0.646094 0.228906 0.646094 0.23281200000000002 0.650781 0.23203100000000002 0.661719 0.225
2 0.470313 0.291406 0.474219 0.292422 0.47742199999999996 0.29335900000000004 0.480469 0.292188 0.48492199999999996 0.29148399999999997 0.48890599999999995 0.292188 0.49492200000000003 0.29125 0.500312 0.290859 0.505625 0.289922 0.511719 0.28875 0.517578 0.284844 0.521484 0.281094 0.519844 0.275703 0.511719 0.279766 0.5050779999999999 0.282578 0.49617199999999995 0.284062 0.484844 0.283828 0.47695299999999996 0.28375 0.470781 0.283203 0.465469 0.282578 0.459375 0.282813 0.45781299999999997 0.2875 0.46375 0.28906200000000004 0.470313 0.291406
2 0.36015600000000003 0.601016 0.365156 0.590859 0.367812 0.582031 0.369219 0.573672 0.37124999999999997 0.567969 0.373359 0.563203 0.374609 0.561719 0.376484 0.556641 0.378594 0.552734 0.380078 0.550938 0.381328 0.548359 0.3825 0.543906 0.38640599999999997 0.5422659999999999 0.388281 0.5374220000000001 0.385156 0.534375 0.378906 0.536719 0.375 0.539844 0.373437 0.544531 0.366953 0.555781 0.362969 0.570469 0.361719 0.580469 0.360781 0.5856250000000001 0.360078 0.595703 0.36015600000000003 0.601016
2 0.45789099999999994 0.589609 0.466328 0.585703 0.471094 0.582813 0.475781 0.58125 0.478125 0.578906 0.482344 0.5743750000000001 0.489844 0.571875 0.494531 0.571875 0.496875 0.56875 0.494531 0.5625 0.491406 0.560156 0.485938 0.559375 0.48125 0.564844 0.47695299999999996 0.5675779999999999 0.46312499999999995 0.578828 0.45625 0.583594 0.447656 0.591406 0.444766 0.595859 0.45320299999999997 0.592969 0.45789099999999994 0.589609
2 0.146875 0.088281 0.15390600000000002 0.090625 0.16796899999999998 0.089063 0.170313 0.085156 0.170313 0.083594 0.160938 0.078906 0.155469 0.077344 0.14375 0.07656199999999999 0.14296899999999998 0.075 0.134375 0.078906 0.124219 0.078906 0.12265600000000002 0.07968800000000001 0.121875 0.084375 0.126562 0.086719 0.146875 0.088281
2 0.59375 0.745312 0.591406 0.722656 0.592969 0.715625 0.596094 0.7125 0.600781 0.701562 0.601562 0.696875 0.599219 0.692188 0.6 0.682031 0.588281 0.686719 0.577344 0.7 0.577344 0.73125 0.579688 0.7375 0.5875 0.748437 0.592187 0.748437 0.59375 0.745312
2 0.607031 0.613281 0.6125 0.611719 0.621094 0.603906 0.619531 0.6 0.611719 0.592187 0.607031 0.591406 0.599219 0.599219 0.600781 0.607812 0.607031 0.613281
2 0.9773440000000001 0.538281 0.978125 0.546094 0.98125 0.55 0.984375 0.55625 0.984375 0.558594 0.9867190000000001 0.560156 0.9875 0.554688 0.988281 0.553906 0.988281 0.551563 0.990625 0.544531 0.9875 0.539844 0.9867190000000001 0.539844 0.9835940000000001 0.535938 0.9773440000000001 0.535938 0.976562 0.5375 0.9773440000000001 0.538281
2 0.203125 0.65625 0.213281 0.660156 0.23203100000000002 0.660938 0.23906299999999997 0.658594 0.244531 0.659375 0.24765600000000002 0.655469 0.259375 0.654687 0.263281 0.651562 0.267969 0.652344 0.27031299999999997 0.650781 0.26875 0.648438 0.258594 0.648438 0.255469 0.650781 0.252344 0.646094 0.249219 0.649219 0.22265600000000002 0.646094 0.201563 0.639062 0.196094 0.639062 0.194531 0.640625 0.196875 0.650781 0.203125 0.65625
2 0.94375 0.400781 0.94375 0.404687 0.9507809999999999 0.413281 0.9632809999999999 0.413281 0.9710940000000001 0.40546899999999997 0.972813 0.4025 0.973437 0.4 0.967187 0.396094 0.9632809999999999 0.396875 0.951562 0.390625 0.9460940000000001 0.390625 0.9429690000000001 0.388281 0.939063 0.392188 0.940625 0.39843799999999996 0.94375 0.400781
2 0.775781 0.25078100000000003 0.780469 0.25078100000000003 0.782813 0.252344 0.7875 0.251563 0.797656 0.254687 0.8125 0.254687 0.815625 0.252344 0.8132809999999999 0.24609399999999998 0.798438 0.241406 0.777344 0.239844 0.764844 0.242969 0.765625 0.24765600000000002 0.775781 0.25078100000000003
2 0.95 0.030469000000000003 0.9585940000000001 0.035937000000000004 0.9632809999999999 0.036719 0.965625 0.032812999999999995 0.9617190000000001 0.025 0.954688 0.021875 0.948438 0.015625 0.946875 0.015625 0.9429690000000001 0.019531 0.942187 0.021875 0.95 0.030469000000000003
2 0.907188 0.20320299999999997 0.907813 0.21875 0.909375 0.221875 0.9132809999999999 0.22265600000000002 0.9148440000000001 0.22109399999999998 0.9148440000000001 0.20468799999999998 0.913438 0.193516 0.9090619999999999 0.19234400000000001 0.9070309999999999 0.19921899999999998 0.907188 0.20320299999999997