0 0.334375 0.9117190000000001 0.357031 0.8992190000000001 0.361719 0.8898440000000001 0.385391 0.9092969999999999 0.36875 0.8882809999999999 0.361719 0.875 0.352344 0.870313 0.35156200000000004 0.873437 0.35625 0.876563 0.353906 0.878906 0.33906200000000003 0.884375 0.32343700000000003 0.886719 0.316406 0.890625 0.3 0.8960940000000001 0.29765600000000003 0.9007809999999999 0.314844 0.910937 0.321875 0.9125 0.334375 0.9117190000000001
0 0.058594 0.851562 0.0625 0.8585940000000001 0.060937 0.860938 0.051562 0.859375 0.050781 0.8617190000000001 0.058594 0.8679690000000001 0.05625 0.873437 0.060937 0.8773440000000001 0.060156 0.9007809999999999 0.065625 0.917188 0.077344 0.932813 0.084375 0.9382809999999999 0.086719 0.9367190000000001 0.08984400000000001 0.917969 0.089063 0.8992190000000001 0.077344 0.8625 0.091406 0.8367190000000001 0.09375 0.825 0.090625 0.8226559999999999 0.078906 0.8210940000000001 0.057813 0.8148440000000001 0.054688 0.823438 0.053905999999999996 0.8351559999999999 0.058594 0.851562
0 0.2375 0.9773440000000001 0.241406 0.9742190000000001 0.244531 0.9742190000000001 0.25 0.98125 0.25625 0.9835940000000001 0.260156 0.982812 0.26093700000000003 0.979688 0.265625 0.9757809999999999 0.286719 0.9757809999999999 0.29609399999999997 0.973437 0.310937 0.964063 0.317969 0.9554690000000001 0.321094 0.9460940000000001 0.317969 0.9429690000000001 0.310937 0.941406 0.2875 0.940625 0.267188 0.946875 0.251563 0.95625 0.24375 0.96875 0.235156 0.9679690000000001 0.228125 0.9695309999999999 0.22343799999999997 0.973437 0.215625 0.9742190000000001 0.220312 0.9789059999999999 0.220312 0.992188 0.228906 0.9875 0.23203100000000002 0.9875 0.2375 0.9773440000000001
0 0.416406 0.689844 0.4125 0.685937 0.425781 0.671875 0.42968799999999996 0.660937 0.425781 0.647656 0.42656299999999997 0.645312 0.43671899999999997 0.647656 0.44843700000000003 0.647656 0.463281 0.642969 0.478906 0.632812 0.48359399999999997 0.632031 0.484375 0.628906 0.482812 0.625781 0.485938 0.611719 0.492969 0.607812 0.492969 0.603125 0.485938 0.603125 0.458594 0.617969 0.434375 0.626563 0.42656299999999997 0.633594 0.40625 0.670312 0.403906 0.672656 0.399219 0.672656 0.400781 0.678125 0.39843799999999996 0.684375 0.399219 0.688281 0.410156 0.686719 0.411719 0.689844 0.416406 0.689844
0 0.3 0.589844 0.308594 0.615625 0.31328100000000003 0.621094 0.317969 0.623437 0.322656 0.623437 0.325781 0.626563 0.325781 0.659375 0.333594 0.677344 0.349219 0.694531 0.36406299999999997 0.70625 0.397656 0.725 0.40625 0.725781 0.407813 0.720313 0.403125 0.710156 0.399219 0.689063 0.38593700000000003 0.660937 0.37578100000000003 0.648438 0.364844 0.639844 0.34296899999999997 0.626563 0.332031 0.624219 0.32890600000000003 0.621094 0.325781 0.610156 0.321875 0.603906 0.315625 0.598437 0.3125 0.590625 0.302344 0.578906 0.298438 0.577344 0.29765600000000003 0.58125 0.3 0.584375 0.3 0.589844
0 0.145313 0.545312 0.163281 0.546094 0.178906 0.542188 0.196094 0.540625 0.20546899999999998 0.5375 0.217969 0.529687 0.23203100000000002 0.527344 0.239844 0.521875 0.244531 0.529687 0.255469 0.5375 0.267188 0.542188 0.28203100000000003 0.54375 0.305469 0.535156 0.322656 0.533594 0.33281299999999997 0.528906 0.334375 0.523438 0.325781 0.513281 0.310937 0.505469 0.292969 0.503125 0.274219 0.503906 0.252344 0.510156 0.23671899999999998 0.517969 0.23203100000000002 0.513281 0.23203100000000002 0.505469 0.22109399999999998 0.49921899999999997 0.201563 0.496094 0.177344 0.496094 0.161719 0.498437 0.15 0.503906 0.125781 0.520312 0.11796899999999999 0.528125 0.11796899999999999 0.530469 0.123438 0.535937 0.135156 0.542188 0.145313 0.545312
0 0.27656200000000003 0.475 0.291406 0.475781 0.303125 0.471875 0.307031 0.46796899999999997 0.310937 0.467187 0.315625 0.463281 0.321094 0.454688 0.330469 0.459375 0.34375 0.458594 0.3625 0.451562 0.363281 0.446875 0.341406 0.446094 0.321094 0.449219 0.30468799999999996 0.439063 0.282813 0.43828100000000003 0.261719 0.442969 0.248438 0.449219 0.24531200000000003 0.453125 0.24609399999999998 0.459375 0.264062 0.470313 0.27656200000000003 0.475
0 0.459375 0.4625 0.461719 0.47343799999999997 0.46953100000000003 0.488281 0.482031 0.503125 0.492969 0.509375 0.490625 0.524219 0.482812 0.51875 0.478125 0.519531 0.475781 0.525781 0.478125 0.529687 0.496094 0.546094 0.50625 0.551562 0.526563 0.555469 0.539062 0.571875 0.547656 0.578906 0.578125 0.588281 0.588281 0.588281 0.588281 0.582031 0.580469 0.567969 0.555469 0.538281 0.521094 0.509375 0.510156 0.504687 0.503906 0.505469 0.5 0.503125 0.500781 0.49375 0.496094 0.463281 0.49218799999999996 0.454688 0.49218799999999996 0.446875 0.488281 0.43828100000000003 0.47968700000000003 0.42656299999999997 0.475 0.425781 0.4625 0.44375 0.459375 0.455469 0.459375 0.4625
0 0.596875 0.560937 0.59375 0.569531 0.59375 0.577344 0.598437 0.591406 0.608594 0.611719 0.622656 0.627344 0.638281 0.640625 0.653906 0.65 0.675781 0.65625 0.7 0.660156 0.707812 0.657031 0.708594 0.653906 0.690625 0.614844 0.673438 0.590625 0.653906 0.575781 0.616406 0.560156 0.623437 0.540625 0.623437 0.532031 0.617969 0.516406 0.610938 0.507031 0.586719 0.48515600000000003 0.583594 0.48515600000000003 0.582812 0.533594 0.589844 0.552344 0.596875 0.560937
0 0.590625 0.372656 0.602344 0.397656 0.622656 0.42109399999999997 0.6375 0.432031 0.642969 0.43281200000000003 0.653906 0.446094 0.664062 0.450781 0.659375 0.454688 0.657813 0.458594 0.65625 0.475 0.658594 0.494531 0.665625 0.517188 0.677344 0.5375 0.690625 0.551562 0.7125 0.567969 0.717187 0.567969 0.720313 0.564844 0.721094 0.532031 0.714844 0.509375 0.7 0.48359399999999997 0.684375 0.465625 0.678125 0.455469 0.670312 0.450781 0.671875 0.447656 0.671094 0.44375 0.678125 0.43671899999999997 0.680469 0.428906 0.678906 0.413281 0.672656 0.397656 0.663281 0.383594 0.651563 0.371875 0.636719 0.3625 0.622656 0.34843799999999997 0.596094 0.334375 0.5875 0.333594 0.585938 0.33593799999999996 0.585938 0.346094 0.590625 0.372656
0 0.71875 0.417969 0.724219 0.424219 0.73125 0.428125 0.728125 0.433594 0.721094 0.439844 0.714844 0.45625 0.713281 0.475 0.715625 0.496094 0.728906 0.527344 0.7375 0.539844 0.755469 0.557813 0.7625 0.559375 0.767969 0.555469 0.773438 0.533594 0.774219 0.501563 0.767969 0.475781 0.760156 0.458594 0.742188 0.43125 0.734375 0.427344 0.735938 0.41718700000000003 0.744531 0.408594 0.744531 0.39531299999999997 0.741406 0.384375 0.732812 0.37031200000000003 0.725781 0.3625 0.725 0.359375 0.719531 0.359375 0.7125 0.378125 0.7125 0.400781 0.71875 0.417969
0 1 0.161719 0.988281 0.16796899999999998 0.972656 0.173437 0.951562 0.18515600000000002 0.9273440000000001 0.204687 0.9117190000000001 0.220312 0.90625 0.23203100000000002 0.907813 0.239844 0.9 0.242969 0.892188 0.25 0.8835940000000001 0.267969 0.873437 0.302344 0.873437 0.30781200000000003 0.875 0.309375 0.88125 0.309375 0.9054690000000001 0.299219 0.91875 0.291406 0.928125 0.28125 0.9320309999999999 0.27343799999999996 0.932813 0.267188 0.9289059999999999 0.25468799999999997 0.923438 0.24765600000000002 0.9242190000000001 0.24375 0.9398440000000001 0.242969 0.972656 0.235937 1 0.22265600000000002 1 0.161719
0 0.671094 0.110937 0.678125 0.121875 0.692969 0.1375 0.700781 0.141406 0.692969 0.146094 0.689844 0.15 0.691406 0.157812 0.699219 0.175 0.705469 0.17968800000000001 0.709375 0.177344 0.732031 0.177344 0.748437 0.17421899999999998 0.748437 0.16953100000000002 0.740625 0.163281 0.736719 0.1625 0.720313 0.14843800000000001 0.701562 0.139844 0.708594 0.123438 0.7125 0.10390600000000001 0.7125 0.090625 0.709375 0.08125 0.695312 0.0625 0.671094 0.046875 0.661719 0.044531 0.660156 0.046094 0.660937 0.06875 0.671094 0.110937
0 0.824219 0 0.808594 0.024218999999999997 0.799219 0.047656 0.786719 0.046875 0.772656 0.050781 0.753906 0.061719 0.738281 0.076563 0.725 0.103125 0.721875 0.117188 0.716406 0.126562 0.716406 0.13125 0.725781 0.13125 0.736719 0.126562 0.760156 0.120313 0.785156 0.10625 0.797656 0.094531 0.8148440000000001 0.067187 0.8210940000000001 0.067187 0.832031 0.0625 0.85 0.049219 0.8648440000000001 0.033594 0.871875 0.023438 0.8875 0.008594000000000001 0.892188 0.0023439999999999997 0.892188 0 0.824219 0
1 0.5125 0.325781 0.5125 0.330469 0.51875 0.342187 0.530469 0.353906 0.542969 0.36015600000000003 0.55625 0.363281 0.58125 0.365625 0.586719 0.363281 0.585156 0.35625 0.575781 0.347656 0.565625 0.334375 0.555469 0.326562 0.533594 0.31875 0.517188 0.31875 0.500781 0.30468799999999996 0.486719 0.29765600000000003 0.480469 0.298438 0.49375 0.31718799999999997 0.500781 0.322656 0.5125 0.325781
1 0.279687 0.14375 0.288281 0.135156 0.302344 0.13281199999999999 0.317969 0.125 0.359375 0.09375 0.361719 0.089063 0.361719 0.08125 0.359375 0.076563 0.352344 0.071875 0.340625 0.071094 0.324219 0.077344 0.310937 0.0875 0.296875 0.10234399999999999 0.291406 0.110156 0.2875 0.120313 0.283594 0.124219 0.278125 0.120313 0.26484399999999997 0.120313 0.260156 0.121875 0.24375 0.13281199999999999 0.241406 0.139063 0.263281 0.15 0.26875 0.15 0.279687 0.14375
1 0.251563 0.164844 0.26640600000000003 0.163281 0.267969 0.164844 0.269531 0.17421899999999998 0.27656200000000003 0.185938 0.289844 0.201563 0.3 0.209375 0.321875 0.220312 0.35625 0.232813 0.366406 0.235156 0.369531 0.232813 0.37031200000000003 0.22265600000000002 0.357812 0.198437 0.34453100000000003 0.18359399999999998 0.322656 0.164844 0.308594 0.15859399999999998 0.295312 0.15625 0.27656200000000003 0.15625 0.267969 0.159375 0.267188 0.15390600000000002 0.26484399999999997 0.150781 0.241406 0.139063 0.2375 0.139063 0.232813 0.134375 0.225781 0.134375 0.234375 0.15234399999999998 0.239844 0.157812 0.251563 0.164844
0 0.14296899999999998 0.19921899999999998 0.166406 0.2125 0.18515600000000002 0.219531 0.192188 0.21875 0.194531 0.21484399999999998 0.210156 0.209375 0.21749999999999997 0.205234 0.203906 0.20625 0.19375 0.2125 0.189062 0.196875 0.176563 0.182812 0.165625 0.178125 0.1625 0.175 0.141406 0.17421899999999998 0.12734399999999998 0.18125 0.128125 0.185938 0.132031 0.190625 0.14296899999999998 0.19921899999999998
0 0 0.190625 0.014063 0.202344 0.030469000000000003 0.209375 0.039844000000000004 0.210938 0.067187 0.210938 0.072656 0.209375 0.07421900000000001 0.203906 0.058594 0.176563 0.053125 0.15859399999999998 0.045312000000000005 0.15 0.03125 0.142187 0.030469000000000003 0.139063 0.042969 0.128125 0.042187999999999996 0.12265600000000002 0.026562000000000002 0.11875 0.0125 0.11875 0 0.121875 0 0.190625
0 0 0.310937 0.004687 0.314063 0.0078119999999999995 0.319531 0.027344 0.334375 0.0375 0.338281 0.050781 0.336719 0.060937 0.330469 0.064062 0.333594 0.064062 0.338281 0.083594 0.345313 0.1 0.345313 0.13125 0.33906200000000003 0.125781 0.33125 0.108594 0.321094 0.083594 0.316406 0.064062 0.319531 0.05625 0.314063 0.046094 0.31328100000000003 0.035156 0.30625 0.021875 0.303125 0.0125 0.303125 0 0.30625 0 0.310937
0 0.139063 0.423438 0.15 0.408594 0.15859399999999998 0.388281 0.1625 0.36875 0.163281 0.350781 0.159375 0.326562 0.18125 0.3125 0.194531 0.29375 0.203906 0.271875 0.20546899999999998 0.263281 0.209375 0.25625 0.208594 0.25078100000000003 0.198437 0.25078100000000003 0.178906 0.259375 0.16406199999999999 0.271875 0.157812 0.28046899999999997 0.15 0.303125 0.15 0.319531 0.15234399999999998 0.325781 0.146094 0.328125 0.1375 0.3375 0.130469 0.34843799999999997 0.12265600000000002 0.366406 0.108594 0.385156 0.104688 0.400781 0.099219 0.413281 0.098437 0.43125 0.092969 0.44531200000000004 0.092969 0.455469 0.10078100000000001 0.454688 0.123438 0.439844 0.139063 0.423438
0 0 0.782813 0.005469 0.782813 0.0125 0.779687 0.021093999999999998 0.76875 0.025 0.76875 0.03125 0.785156 0.0375 0.79375 0.050781 0.807813 0.070312 0.81875 0.091406 0.8226559999999999 0.105469 0.821875 0.128125 0.814063 0.134375 0.809375 0.134375 0.804688 0.123438 0.796875 0.11171899999999998 0.784375 0.099219 0.775781 0.08203099999999999 0.767969 0.05625 0.764062 0.034375 0.758594 0.027344 0.759375 0.021875 0.764844 0.01875 0.7625 0 0.761719 0 0.782813
0 1 0.482031 0.995313 0.48125 0.9835940000000001 0.471875 0.9757809999999999 0.470313 0.9617190000000001 0.471875 0.941406 0.477344 0.93125 0.482031 0.9367190000000001 0.485938 0.9632809999999999 0.49375 0.98125 0.496094 0.988281 0.494531 0.9945309999999999 0.4875 1 0.486719 1 0.482031
0 0.37031200000000003 0.338281 0.382031 0.308594 0.392188 0.30468799999999996 0.4 0.295312 0.40703100000000003 0.27343799999999996 0.408594 0.23906299999999997 0.40625 0.226562 0.392969 0.198437 0.38984399999999997 0.196875 0.380469 0.204687 0.371875 0.224219 0.371875 0.232813 0.366406 0.239844 0.365625 0.265625 0.367969 0.28046899999999997 0.372656 0.296875 0.377344 0.303125 0.375 0.305469 0.364844 0.30625 0.34843799999999997 0.31328100000000003 0.3375 0.32343700000000003 0.33281299999999997 0.330469 0.329688 0.34375 0.330469 0.353125 0.333594 0.360938 0.34296899999999997 0.360938 0.35468700000000003 0.357031 0.37031200000000003 0.338281
3 0.415625 0.474219 0.435937 0.46875 0.440625 0.464844 0.453125 0.46093799999999996 0.459375 0.45625 0.4625 0.44531200000000004 0.474219 0.42968799999999996 0.48125 0.430469 0.484375 0.435937 0.490625 0.440625 0.49375 0.447656 0.49375 0.453125 0.509375 0.44218799999999997 0.517188 0.440625 0.532813 0.44843700000000003 0.578906 0.457031 0.597656 0.45625 0.632812 0.44843700000000003 0.6375 0.444531 0.6375 0.439844 0.622656 0.425781 0.610938 0.41875 0.576562 0.407813 0.564063 0.40546899999999997 0.563281 0.403906 0.567969 0.400781 0.572656 0.39140600000000003 0.572656 0.38125 0.56875 0.375 0.555469 0.373437 0.540625 0.37968799999999997 0.532031 0.388281 0.515625 0.414844 0.505469 0.421875 0.502344 0.421875 0.492969 0.411719 0.48359399999999997 0.407813 0.47656200000000004 0.40703100000000003 0.446094 0.408594 0.43125 0.4125 0.408594 0.425 0.392969 0.440625 0.389062 0.451562 0.384375 0.45781299999999997 0.38281200000000004 0.46875 0.384375 0.471094 0.392188 0.474219 0.415625 0.474219
3 0.571094 0.126562 0.569531 0.146094 0.579688 0.166406 0.58125 0.173437 0.575 0.17421899999999998 0.571875 0.188281 0.574219 0.209375 0.582031 0.24531200000000003 0.582031 0.261719 0.589063 0.279687 0.600781 0.295312 0.624219 0.316406 0.628906 0.31875 0.633594 0.31875 0.639844 0.30625 0.642969 0.28203100000000003 0.642969 0.257031 0.639062 0.235156 0.632031 0.21875 0.621875 0.202344 0.608594 0.186719 0.600781 0.17968800000000001 0.595313 0.178125 0.592187 0.17421899999999998 0.601562 0.164844 0.60625 0.15625 0.607031 0.150781 0.610156 0.147656 0.6125 0.11953100000000001 0.610156 0.089063 0.607031 0.086719 0.601562 0.071875 0.590625 0.057813 0.583594 0.053125 0.576562 0.045312000000000005 0.570312 0.045312000000000005 0.566406 0.055469000000000004 0.564063 0.085938 0.571094 0.126562
3 0.50625 0.210938 0.529687 0.19531199999999999 0.549219 0.178125 0.550781 0.170313 0.547656 0.1625 0.560937 0.157031 0.56875 0.14296899999999998 0.571094 0.126562 0.569531 0.125 0.564063 0.0875 0.559375 0.077344 0.546875 0.058594 0.53125 0.045312000000000005 0.503906 0.036719 0.490625 0.029687 0.485938 0.030469000000000003 0.484375 0.032812999999999995 0.48515600000000003 0.078906 0.492969 0.104688 0.509375 0.132031 0.532813 0.15234399999999998 0.539844 0.157031 0.546094 0.157812 0.548438 0.161719 0.523438 0.16015600000000002 0.501563 0.163281 0.494531 0.170313 0.48359399999999997 0.1875 0.471094 0.198437 0.466406 0.196875 0.463281 0.18359399999999998 0.458594 0.182812 0.45 0.189062 0.43125 0.2125 0.433594 0.217188 0.446875 0.220312 0.471875 0.22109399999999998 0.50625 0.210938