1 0.310937 0.075 0.31328100000000003 0.072656 0.3125 0.06875 0.30625 0.06875 0.300781 0.076563 0.29609399999999997 0.090625 0.29609399999999997 0.098437 0.299219 0.099219 0.307031 0.0875 0.310937 0.075
0 0.11953100000000001 0 0.12265600000000002 0.007031 0.13828100000000002 0.021875 0.15859399999999998 0.030469000000000003 0.16953100000000002 0.0375 0.17968800000000001 0.0375 0.185938 0.05625 0.204687 0.084375 0.215625 0.09375 0.22109399999999998 0.095312 0.22265600000000002 0.09375 0.221875 0.086719 0.215625 0.071094 0.1875 0.028905999999999998 0.1875 0.017188000000000002 0.182031 0.010936999999999999 0.167187 0.0023439999999999997 0.166406 0 0.11953100000000001 0
0 0.085938 0.178906 0.091406 0.163281 0.09375 0.15234399999999998 0.092969 0.123438 0.095312 0.11796899999999999 0.099219 0.117188 0.10234399999999999 0.11953100000000001 0.113281 0.120313 0.117188 0.115625 0.115625 0.107813 0.10703100000000002 0.098437 0.094531 0.096875 0.094531 0.077344 0.092188 0.069531 0.0875 0.071094 0.078125 0.10703100000000002 0.078125 0.123438 0.067969 0.140625 0.060937 0.16406199999999999 0.060156 0.182031 0.0625 0.192969 0.067969 0.2 0.071094 0.19921899999999998 0.078906 0.190625 0.085938 0.178906
1 0.0875 0 0.086719 0.0023439999999999997 0.063281 0.01875 0.063281 0.025 0.079687 0.021875 0.094531 0.014063 0.108594 0.0023439999999999997 0.108594 0 0.0875 0
1 0.176563 0.345313 0.177344 0.3375 0.18984399999999998 0.334375 0.178906 0.32890600000000003 0.17421899999999998 0.324219 0.167187 0.325781 0.1625 0.334375 0.160938 0.35468700000000003 0.163281 0.3625 0.167187 0.363281 0.171875 0.35859399999999997 0.176563 0.345313
1 0.346094 0.167187 0.355469 0.154688 0.357812 0.146875 0.359375 0.125 0.357812 0.11953100000000001 0.36015600000000003 0.117188 0.373437 0.11640600000000001 0.389062 0.107813 0.396875 0.098437 0.392188 0.096875 0.371094 0.10703100000000002 0.36015600000000003 0.107813 0.353125 0.10625 0.341406 0.110937 0.339844 0.11875 0.330469 0.130469 0.3125 0.166406 0.305469 0.173437 0.303906 0.178125 0.30781200000000003 0.180469 0.328125 0.178906 0.346094 0.167187
0 0.614062 0.378125 0.622656 0.383594 0.6375 0.385156 0.646094 0.382031 0.648438 0.378906 0.646875 0.372656 0.628906 0.366406 0.615625 0.357812 0.588281 0.35468700000000003 0.585156 0.357031 0.594531 0.365625 0.60625 0.367969 0.614062 0.378125
0 0.901563 0.589063 0.9148440000000001 0.583594 0.9210940000000001 0.575781 0.923438 0.567969 0.925781 0.566406 0.9351559999999999 0.565625 0.9476559999999999 0.571094 0.9476559999999999 0.5625 0.949219 0.560937 0.979688 0.563281 0.984375 0.560156 0.973437 0.553125 0.945312 0.54375 0.933594 0.54375 0.9242190000000001 0.546875 0.9117190000000001 0.546094 0.878906 0.579688 0.878906 0.585938 0.8820309999999999 0.588281 0.8914059999999999 0.589844 0.901563 0.589063
0 0.664844 1 0.664844 0.99375 0.659375 0.9773440000000001 0.632812 0.917188 0.632031 0.9117190000000001 0.636719 0.9007809999999999 0.638281 0.882812 0.635938 0.8726559999999999 0.630469 0.871875 0.620313 0.878125 0.6125 0.879687 0.603125 0.8851559999999999 0.596094 0.8960940000000001 0.595313 0.9289059999999999 0.596875 0.940625 0.607812 0.9679690000000001 0.622656 0.9875 0.636719 0.996875 0.640625 0.9976559999999999 0.641406 1 0.664844 1
0 1 0.382031 0.988281 0.373437 0.9835940000000001 0.361719 0.9445309999999999 0.333594 0.928125 0.324219 0.9242190000000001 0.324219 0.923438 0.330469 0.93125 0.347656 0.939063 0.359375 0.951562 0.37031200000000003 0.96875 0.378906 0.9773440000000001 0.37578100000000003 0.9789059999999999 0.373437 0.9820309999999999 0.384375 0.99375 0.400781 1 0.403906 1 0.382031
0 0.817187 0.410156 0.835938 0.43125 0.8445309999999999 0.43671899999999997 0.8570309999999999 0.439063 0.8617190000000001 0.44218799999999997 0.865625 0.459375 0.875 0.478125 0.8757809999999999 0.488281 0.8820309999999999 0.49218799999999996 0.8820309999999999 0.467187 0.8804690000000001 0.454688 0.8773440000000001 0.44531200000000004 0.875 0.442969 0.8757809999999999 0.434375 0.870313 0.427344 0.857812 0.417969 0.8226559999999999 0.382031 0.8132809999999999 0.375 0.8070309999999999 0.375 0.8054690000000001 0.376563 0.80625 0.38593700000000003 0.817187 0.410156
0 0.773438 0.50625 0.78125 0.49921899999999997 0.784375 0.498437 0.789062 0.49375 0.792188 0.48515600000000003 0.791406 0.478125 0.7875 0.475 0.789844 0.472656 0.8070309999999999 0.486719 0.829688 0.496875 0.851562 0.5 0.8601559999999999 0.498437 0.8648440000000001 0.49375 0.8585940000000001 0.488281 0.8195309999999999 0.470313 0.809375 0.4625 0.803125 0.460156 0.794531 0.460156 0.789062 0.466406 0.782031 0.470313 0.761719 0.48906299999999997 0.75 0.497656 0.75 0.502344 0.755469 0.507812 0.763281 0.509375 0.773438 0.50625
0 0.639062 0.459375 0.660156 0.47968700000000003 0.678906 0.488281 0.690625 0.4875 0.69375 0.484375 0.696875 0.4875 0.700781 0.486719 0.703906 0.492969 0.721094 0.511719 0.748437 0.534375 0.765625 0.54375 0.782813 0.549219 0.788281 0.548438 0.788281 0.542188 0.784375 0.536719 0.733594 0.486719 0.716406 0.475781 0.703906 0.47656200000000004 0.701562 0.474219 0.701562 0.46953100000000003 0.690625 0.459375 0.667969 0.44843700000000003 0.648438 0.435937 0.635938 0.430469 0.630469 0.42968799999999996 0.627344 0.43125 0.627344 0.435937 0.632031 0.447656 0.639062 0.459375
0 0.078906 0.807813 0.095312 0.807813 0.107813 0.8039059999999999 0.11796899999999999 0.796094 0.123438 0.7875 0.12734399999999998 0.791406 0.125781 0.80625 0.114062 0.8179690000000001 0.110156 0.8195309999999999 0.110156 0.826562 0.11875 0.8226559999999999 0.12890600000000002 0.8148440000000001 0.13125 0.810937 0.132031 0.8023440000000001 0.135156 0.799219 0.15 0.807813 0.165625 0.809375 0.184375 0.804688 0.190625 0.799219 0.18984399999999998 0.795312 0.16406199999999999 0.794531 0.14375 0.791406 0.13281199999999999 0.785156 0.128125 0.780469 0.12734399999999998 0.777344 0.12265600000000002 0.777344 0.10234399999999999 0.784375 0.075781 0.785156 0.053905999999999996 0.782813 0.053125 0.785156 0.05625 0.79375 0.060937 0.8 0.078906 0.807813
3 0.690625 0.589844 0.696094 0.614062 0.702344 0.626563 0.717969 0.642188 0.725781 0.667188 0.736719 0.689844 0.742188 0.696094 0.745313 0.696875 0.749219 0.692969 0.746094 0.679688 0.746094 0.670312 0.739062 0.646875 0.74375 0.644531 0.755469 0.65 0.772656 0.648438 0.782813 0.641406 0.785156 0.6375 0.785156 0.632812 0.728125 0.603125 0.7125 0.582812 0.701562 0.560156 0.69375 0.550781 0.688281 0.548438 0.685156 0.557031 0.685156 0.575781 0.690625 0.589844
0 0.076563 0.679688 0.079687 0.676562 0.092188 0.689063 0.110937 0.696875 0.12734399999999998 0.696875 0.13828100000000002 0.69375 0.14296899999999998 0.690625 0.155469 0.689844 0.154688 0.688281 0.142187 0.6875 0.13828100000000002 0.683594 0.120313 0.678125 0.10078100000000001 0.667188 0.085156 0.661719 0.078906 0.661719 0.075781 0.664844 0.0625 0.6625 0.039844000000000004 0.665625 0.04375 0.671875 0.057813 0.680469 0.076563 0.679688
0 0.039844000000000004 0.48359399999999997 0.040625 0.494531 0.044531 0.501563 0.055469000000000004 0.505469 0.047656 0.524219 0.045312000000000005 0.535937 0.044531 0.56875 0.049219 0.584375 0.058594 0.59375 0.06875 0.595313 0.07421900000000001 0.588281 0.078125 0.576562 0.078906 0.550781 0.07421900000000001 0.515625 0.06640599999999999 0.503125 0.064844 0.465625 0.060156 0.449219 0.055469000000000004 0.447656 0.044531 0.46406200000000003 0.040625 0.475 0.039844000000000004 0.48359399999999997
0 0.350781 0.41093799999999997 0.350781 0.39375 0.34843799999999997 0.388281 0.347656 0.373437 0.363281 0.371094 0.36875 0.36406299999999997 0.37578100000000003 0.345313 0.378906 0.342187 0.382031 0.314844 0.37968799999999997 0.310156 0.380469 0.298438 0.378125 0.294531 0.376563 0.28203100000000003 0.367969 0.271875 0.36015600000000003 0.271875 0.353125 0.28203100000000003 0.346094 0.305469 0.346094 0.319531 0.341406 0.324219 0.342187 0.339844 0.340625 0.35156200000000004 0.333594 0.357031 0.33281299999999997 0.36015600000000003 0.31875 0.376563 0.309375 0.39843799999999996 0.310156 0.40546899999999997 0.314844 0.408594 0.322656 0.409375 0.326562 0.411719 0.316406 0.450781 0.315625 0.46406200000000003 0.317969 0.46875 0.335156 0.451562 0.346094 0.428906 0.350781 0.41093799999999997
0 0.751563 0.671875 0.759375 0.682813 0.759375 0.695312 0.761719 0.704688 0.770312 0.726562 0.782031 0.740625 0.785156 0.747656 0.794531 0.75625 0.8101559999999999 0.763281 0.8226559999999999 0.760156 0.825 0.753906 0.820312 0.74375 0.79375 0.7125 0.794531 0.710938 0.8101559999999999 0.714063 0.8148440000000001 0.713281 0.8132809999999999 0.70625 0.766406 0.660937 0.765625 0.657813 0.757812 0.65 0.749219 0.646094 0.74375 0.646094 0.74375 0.666406 0.746875 0.671094 0.751563 0.671875
2 0.714844 0.41718700000000003 0.728906 0.410156 0.728906 0.40703100000000003 0.725781 0.40546899999999997 0.698438 0.40625 0.679688 0.403125 0.677344 0.407813 0.682031 0.415625 0.692969 0.420312 0.714844 0.41718700000000003
2 0.505469 0.552344 0.515625 0.55 0.515625 0.544531 0.502344 0.544531 0.491406 0.551562 0.48906299999999997 0.557813 0.48906299999999997 0.567187 0.49375 0.573438 0.496094 0.572656 0.496875 0.560937 0.505469 0.552344
1 0.532031 0.764844 0.541406 0.75625 0.551562 0.755469 0.547656 0.750781 0.5375 0.744531 0.528906 0.744531 0.519531 0.753906 0.514844 0.7625 0.514062 0.76875 0.515625 0.770312 0.522656 0.769531 0.532031 0.764844