0 0.198438 0.404687 0.19921899999999998 0.413281 0.192969 0.417969 0.189063 0.417969 0.18515600000000002 0.421875 0.178906 0.421875 0.167188 0.425781 0.14843800000000001 0.439844 0.140625 0.451562 0.146875 0.453125 0.157813 0.450781 0.18984399999999998 0.439844 0.210938 0.439844 0.213281 0.435937 0.211719 0.43125 0.21484399999999998 0.428125 0.21484399999999998 0.42265600000000003 0.211719 0.413281 0.210156 0.39140600000000003 0.20078100000000002 0.383594 0.198438 0.404687
0 0.192969 0.4 0.176562 0.392188 0.154687 0.3875 0.13828100000000002 0.38593700000000003 0.113281 0.3875 0.08125 0.396094 0.078125 0.399219 0.078125 0.40156200000000003 0.08125 0.404687 0.150781 0.420312 0.171875 0.42265600000000003 0.190625 0.421875 0.198438 0.423438 0.20156200000000002 0.420312 0.19921899999999998 0.40703100000000003 0.192969 0.4
0 0.573437 0.644531 0.557812 0.632031 0.541406 0.622656 0.519531 0.607031 0.502344 0.601562 0.492969 0.601562 0.477344 0.605469 0.464063 0.617969 0.46875 0.628906 0.47656200000000004 0.635938 0.542187 0.670312 0.601562 0.69375 0.614063 0.696875 0.617969 0.694531 0.611719 0.683594 0.573437 0.644531
0 0.497656 0.190625 0.48125 0.20546899999999998 0.472656 0.21640600000000002 0.457812 0.242969 0.453125 0.25781200000000004 0.451562 0.269531 0.45234399999999997 0.290625 0.45390600000000003 0.29375 0.461719 0.290625 0.473437 0.28046899999999997 0.495313 0.242188 0.501563 0.227344 0.510937 0.217188 0.525781 0.190625 0.522656 0.184375 0.505469 0.186719 0.497656 0.190625
0 0.514062 0.703125 0.505469 0.692969 0.492969 0.683594 0.485938 0.682031 0.478125 0.684375 0.467187 0.696875 0.467187 0.700781 0.463281 0.707031 0.463281 0.709375 0.521875 0.732031 0.529687 0.732812 0.523438 0.717187 0.514062 0.703125
0 0.478906 0.9601559999999999 0.477344 0.945312 0.466406 0.9054690000000001 0.455469 0.884375 0.45 0.882812 0.446094 0.886719 0.44375 0.895312 0.447656 0.9398440000000001 0.45234399999999997 0.9601559999999999 0.458594 0.9757809999999999 0.4625 0.978125 0.467187 0.978125 0.471094 0.9742190000000001 0.478906 0.9601559999999999
1 0.47460899999999995 0.9992190000000001 0.49960899999999997 0.975 0.5011720000000001 0.957031 0.528125 0.930078 0.535547 0.929688 0.535156 0.914453 0.521875 0.914453 0.521484 0.920312 0.493359 0.9476559999999999 0.49179700000000004 0.953125 0.47656200000000004 0.961328 0.46367200000000003 0.9757809999999999 0.44804700000000003 0.9992190000000001 0.47460899999999995 0.9992190000000001
1 0.616406 0.7550779999999999 0.624609 0.763281 0.627734 0.769531 0.628125 0.787891 0.635156 0.787891 0.6375 0.781641 0.648047 0.779687 0.648047 0.758594 0.640234 0.75625 0.632422 0.740625 0.632031 0.7332029999999999 0.609375 0.7332029999999999 0.608984 0.754687 0.616406 0.7550779999999999
1 0.707813 0.183203 0.724219 0.183203 0.734375 0.201953 0.747656 0.201953 0.758594 0.19570300000000002 0.784375 0.169141 0.8070309999999999 0.153516 0.828125 0.126953 0.8351559999999999 0.126953 0.835547 0.11484399999999999 0.785938 0.114453 0.782031 0.12382800000000001 0.7671870000000001 0.131641 0.749609 0.147656 0.735156 0.172266 0.725781 0.167578 0.7125 0.167578 0.703906 0.17539100000000002 0.696875 0.17539100000000002 0.696484 0.17968800000000001 0.707813 0.183203
1 0.9320309999999999 0.609766 0.934375 0.601953 0.9554690000000001 0.5972660000000001 0.965234 0.578906 0.973047 0.576562 0.973047 0.552344 0.9636720000000001 0.552344 0.9636720000000001 0.557813 0.9507809999999999 0.575391 0.9359379999999999 0.575391 0.926562 0.580078 0.910156 0.595703 0.903125 0.595703 0.902734 0.609375 0.9320309999999999 0.609766
0 0.764844 0.039062 0.748437 0.030469000000000003 0.735156 0.028125 0.71875 0.027344 0.699219 0.032031 0.66875 0.052344 0.672656 0.05625 0.683594 0.057813 0.725781 0.057031 0.7515620000000001 0.0625 0.780469 0.060937 0.7796879999999999 0.05625 0.764844 0.039062
1 0.185547 0.9992190000000001 0.185547 0.9523440000000001 0.16875 0.9519529999999999 0.164844 0.961328 0.146875 0.9691409999999999 0.141797 0.978125 0.16953100000000002 0.981641 0.171484 0.992188 0.177734 0.9992190000000001 0.185547 0.9992190000000001
1 0.726562 0.026952999999999998 0.7355470000000001 0.026562000000000002 0.738281 0.0019529999999999999 0.715625 0.0019529999999999999 0.7152339999999999 0.009375 0.726562 0.026952999999999998
0 0.616797 0.9992190000000001 0.616797 0.9664059999999999 0.610938 0.966016 0.607422 0.960938 0.6058589999999999 0.9382809999999999 0.610938 0.9316409999999999 0.616797 0.93125 0.616797 0.886719 0.608984 0.884375 0.601172 0.867188 0.593359 0.8335940000000001 0.583984 0.817187 0.583984 0.808594 0.571875 0.808203 0.571484 0.8875 0.577734 0.8882809999999999 0.582422 0.904687 0.590625 0.9128909999999999 0.6058589999999999 0.9210940000000001 0.597656 0.934766 0.580859 0.9304690000000001 0.583984 0.942187 0.591797 0.9460940000000001 0.5886720000000001 0.949219 0.5886720000000001 0.967187 0.602734 0.9992190000000001 0.616797 0.9992190000000001
2 0.790234 0.547656 0.7953129999999999 0.564453 0.804297 0.564063 0.8039059999999999 0.5144529999999999 0.792187 0.5144529999999999 0.7917970000000001 0.525 0.783984 0.527344 0.783984 0.546875 0.790234 0.547656
1 0.166406 0.981641 0.175 0.976953 0.18515600000000002 0.976953 0.185547 0.9523440000000001 0.16875 0.9519529999999999 0.164844 0.961328 0.143359 0.9710940000000001 0.141797 0.979688 0.166406 0.981641
1 0.692969 0.941016 0.69375 0.933203 0.703906 0.930078 0.718359 0.915625 0.718359 0.9085940000000001 0.695312 0.908203 0.694922 0.915625 0.6886720000000001 0.923438 0.683594 0.9285159999999999 0.677734 0.9289059999999999 0.677734 0.940625 0.692969 0.941016
0 0.42968799999999996 0.644531 0.417188 0.622656 0.400781 0.6 0.396094 0.597656 0.394531 0.602344 0.403125 0.61875 0.399219 0.626563 0.399219 0.634375 0.380469 0.642188 0.375 0.646094 0.376563 0.650781 0.417188 0.65 0.419531 0.652344 0.426562 0.670312 0.432031 0.670312 0.434375 0.665625 0.42968799999999996 0.644531
0 0.333594 0.8882809999999999 0.33593799999999996 0.878125 0.33125 0.854688 0.329688 0.8335940000000001 0.322656 0.8148440000000001 0.319531 0.81875 0.316406 0.829688 0.314844 0.8492190000000001 0.3125 0.8570309999999999 0.31328100000000003 0.870313 0.310937 0.878125 0.31328100000000003 0.8820309999999999 0.32031200000000004 0.884375 0.323438 0.889062 0.317187 0.894531 0.314063 0.8992190000000001 0.314063 0.903125 0.321094 0.901563 0.333594 0.8882809999999999
0 0.46796899999999997 0.578125 0.4625 0.579688 0.451562 0.578906 0.435937 0.560156 0.41406200000000004 0.544531 0.37421899999999997 0.53125 0.347656 0.528125 0.33125 0.528906 0.330469 0.533594 0.3375 0.539062 0.390625 0.56875 0.4 0.578125 0.409375 0.58125 0.424219 0.592187 0.444531 0.598437 0.450781 0.597656 0.454688 0.602344 0.457812 0.603125 0.461719 0.602344 0.46875 0.592969 0.471094 0.579688 0.46796899999999997 0.578125
0 0.954688 0.3375 0.94375 0.35625 0.929688 0.39140600000000003 0.928125 0.403906 0.9039059999999999 0.427344 0.9046879999999999 0.43125 0.9085940000000001 0.432031 0.932813 0.428125 0.9445309999999999 0.42109399999999997 0.953125 0.41093799999999997 0.964063 0.385156 0.9679690000000001 0.34843799999999997 0.967187 0.340625 0.9632809999999999 0.333594 0.9585940000000001 0.333594 0.954688 0.3375
0 0.8976559999999999 0.394531 0.884375 0.403906 0.8757809999999999 0.402344 0.8664059999999999 0.396094 0.8570309999999999 0.392969 0.8367190000000001 0.389062 0.8296870000000001 0.38984399999999997 0.8265629999999999 0.396094 0.8375 0.40703100000000003 0.8664059999999999 0.421875 0.8765620000000001 0.4375 0.88125 0.435156 0.885938 0.424219 0.895312 0.416406 0.8992190000000001 0.40546899999999997 0.8992190000000001 0.396094 0.8976559999999999 0.394531
0 0.703125 0.441406 0.700781 0.45781299999999997 0.701562 0.46875 0.704688 0.478125 0.709375 0.472656 0.7125 0.44375 0.709375 0.40703100000000003 0.704688 0.40625 0.703125 0.41718700000000003 0.703125 0.441406
0 0.432031 0.251563 0.40625 0.253125 0.396094 0.25625 0.392188 0.259375 0.395312 0.2625 0.427344 0.269531 0.43671899999999997 0.27343799999999996 0.446875 0.28046899999999997 0.450781 0.28046899999999997 0.45234399999999997 0.278125 0.450781 0.267188 0.432031 0.251563
0 0.437266 0.06984399999999999 0.45148400000000005 0.052187 0.43164100000000005 0.068516 0.420312 0.092969 0.411719 0.079687 0.411719 0.076563 0.38984399999999997 0.053905999999999996 0.371875 0.039844000000000004 0.353906 0.030469000000000003 0.342187 0.026562000000000002 0.325781 0.023438 0.317969 0.023438 0.316406 0.025 0.323438 0.035937000000000004 0.33125 0.042187999999999996 0.349219 0.051562 0.384375 0.084375 0.409375 0.104688 0.415625 0.1125 0.420312 0.113281 0.420312 0.10625 0.423438 0.099219 0.42507799999999996 0.096719 0.427344 0.088125 0.433281 0.07757800000000001 0.437266 0.06984399999999999
0 0.121875 0.28046899999999997 0.096875 0.25625 0.085938 0.242969 0.077344 0.228125 0.073438 0.228906 0.072656 0.233594 0.07421900000000001 0.23828100000000002 0.0875 0.258594 0.105469 0.279687 0.10390600000000001 0.28203100000000003 0.104688 0.284375 0.120313 0.288281 0.13828100000000002 0.29765600000000003 0.14453100000000002 0.29609399999999997 0.14375 0.29375 0.121875 0.28046899999999997
0 0.149219 0.50625 0.145312 0.502344 0.141406 0.49218799999999996 0.13281199999999999 0.485938 0.11953100000000001 0.46796899999999997 0.10390600000000001 0.451562 0.1 0.45234399999999997 0.099219 0.455469 0.101562 0.4625 0.10781199999999999 0.471094 0.110156 0.47968700000000003 0.11640600000000001 0.490625 0.12265600000000002 0.510938 0.130469 0.511719 0.134375 0.516406 0.142188 0.517969 0.154687 0.525781 0.157031 0.520312 0.149219 0.50625
1 0.45429700000000006 0.46953100000000003 0.466797 0.49218799999999996 0.515234 0.541406 0.517188 0.553516 0.527344 0.553516 0.5277339999999999 0.546094 0.532813 0.541016 0.560547 0.535937 0.560156 0.522266 0.545312 0.5207029999999999 0.5277339999999999 0.525 0.519922 0.49921899999999997 0.492969 0.46757799999999994 0.477734 0.45781299999999997 0.477344 0.45195299999999994 0.446875 0.45195299999999994 0.446484 0.467187 0.45429700000000006 0.46953100000000003