0 0.603125 0.353125 0.619531 0.3625 0.626563 0.369531 0.635156 0.371875 0.667969 0.388281 0.68125 0.392969 0.697656 0.394531 0.705469 0.392969 0.70625 0.388281 0.703906 0.383594 0.692969 0.372656 0.679688 0.36406299999999997 0.603125 0.325 0.592969 0.321875 0.586719 0.32343700000000003 0.586719 0.33593799999999996 0.590625 0.34296899999999997 0.603125 0.353125
0 0.12265600000000002 0.036719 0.12265600000000002 0.041406 0.126563 0.045312000000000005 0.132031 0.04375 0.141406 0.03125 0.149219 0.009375 0.149219 0.003125 0.146094 0.003125 0.125781 0.029687 0.12265600000000002 0.036719
0 0.6625 0.178906 0.653906 0.188281 0.646875 0.20078100000000002 0.646094 0.209375 0.649219 0.21875 0.660938 0.225781 0.666406 0.225 0.670312 0.22109399999999998 0.680469 0.203125 0.689063 0.172656 0.689844 0.15234399999999998 0.682031 0.15390600000000002 0.669531 0.164844 0.6625 0.178906
0 0.8460940000000001 0.139063 0.85625 0.147656 0.8734379999999999 0.157031 0.8742190000000001 0.15234399999999998 0.86875 0.135156 0.86875 0.130469 0.848438 0.109375 0.8414059999999999 0.108594 0.835938 0.115625 0.8367190000000001 0.124219 0.8460940000000001 0.139063
2 0.879297 0.18359399999999998 0.828125 0.183203 0.8230470000000001 0.196875 0.8296870000000001 0.201953 0.855469 0.20039099999999999 0.865625 0.194141 0.878906 0.192578 0.879297 0.18359399999999998
1 0.504297 0.627344 0.473437 0.626953 0.47304700000000005 0.634375 0.482422 0.641406 0.482422 0.648438 0.49023399999999995 0.660156 0.490625 0.666016 0.496484 0.665625 0.496484 0.652344 0.504297 0.65 0.504297 0.627344
2 0.671094 0.150391 0.685937 0.14414100000000002 0.697656 0.14414100000000002 0.6980470000000001 0.130469 0.685937 0.12851600000000002 0.683594 0.120703 0.653125 0.120703 0.650781 0.12851600000000002 0.640625 0.130078 0.622656 0.14414100000000002 0.615234 0.14453100000000002 0.615234 0.151562 0.621094 0.151953 0.623437 0.15976600000000002 0.642969 0.15976600000000002 0.643359 0.15390600000000002 0.646875 0.151953 0.671094 0.150391
1 0.5261720000000001 0.47343799999999997 0.5433589999999999 0.450781 0.548438 0.44570299999999996 0.554297 0.44531200000000004 0.554297 0.433594 0.525 0.43320299999999995 0.524609 0.440625 0.502734 0.457031 0.49492200000000003 0.46953100000000003 0.491406 0.486328 0.46875 0.48320299999999994 0.44531200000000004 0.487891 0.43671899999999997 0.49414100000000005 0.42773399999999995 0.494531 0.428125 0.500391 0.439063 0.5035160000000001 0.45625 0.49882799999999994 0.503906 0.49726600000000004 0.507422 0.488281 0.5261720000000001 0.47343799999999997
1 0.851172 0.439844 0.8683590000000001 0.420312 0.877734 0.402344 0.8855470000000001 0.4 0.8851559999999999 0.376953 0.862109 0.377344 0.862109 0.38281200000000004 0.8386720000000001 0.414844 0.832031 0.43476600000000004 0.809375 0.43164100000000005 0.796094 0.425391 0.771484 0.425781 0.771875 0.43320299999999995 0.777344 0.43320299999999995 0.792187 0.44257799999999997 0.816406 0.45195299999999994 0.81875 0.459766 0.8460940000000001 0.459766 0.846484 0.45390600000000003 0.855859 0.44843700000000003 0.851172 0.439844
2 0.22617199999999998 0.609375 0.22773400000000002 0.586719 0.235547 0.584375 0.235156 0.564453 0.224609 0.564844 0.224609 0.571875 0.21835900000000003 0.577344 0.21054699999999998 0.592969 0.21054699999999998 0.614062 0.22031299999999998 0.626953 0.22773400000000002 0.627344 0.228125 0.634766 0.235547 0.634375 0.235547 0.621094 0.22773400000000002 0.61875 0.22617199999999998 0.609375
1 0.9851559999999999 0.025391000000000004 0.9855470000000001 0.0023439999999999997 0.960938 0.0019529999999999999 0.960547 0.010936999999999999 0.9636720000000001 0.015625 0.953125 0.020703 0.9386720000000001 0.033594 0.935547 0.038280999999999996 0.9359379999999999 0.047266 0.9460940000000001 0.047266 0.9464840000000001 0.039844000000000004 0.959375 0.031641 0.9851559999999999 0.025391000000000004
1 0.7777339999999999 0 0.7777339999999999 0.020313 0.785547 0.021093999999999998 0.789062 0.041016000000000004 0.799219 0.041016000000000004 0.8027340000000001 0.027344 0.810547 0.025 0.810547 0 0.7777339999999999 0
1 0.504297 0.140625 0.503906 0.10820300000000001 0.49375 0.10820300000000001 0.493359 0.115625 0.48398399999999997 0.13125 0.477344 0.137891 0.465234 0.141406 0.465234 0.14843800000000001 0.472656 0.14882800000000002 0.47617200000000004 0.15234399999999998 0.47656200000000004 0.15976600000000002 0.482031 0.15976600000000002 0.484375 0.151953 0.498437 0.141016 0.504297 0.140625
1 0.9773440000000001 0.6082029999999999 0.946875 0.6082029999999999 0.9464840000000001 0.615625 0.949609 0.620313 0.971875 0.637891 0.9976559999999999 0.637891 0.998047 0.617969 0.979687 0.616016 0.9773440000000001 0.6082029999999999
2 0.591406 0.033202999999999996 0.5792970000000001 0.033594 0.577734 0.053125 0.571484 0.067187 0.565234 0.067969 0.565625 0.091016 0.580469 0.091016 0.585547 0.071094 0.591797 0.070312 0.591406 0.033202999999999996
1 0.703906 0.43320299999999995 0.7042970000000001 0.42109399999999997 0.689063 0.41914100000000004 0.648438 0.40351600000000004 0.646094 0.395703 0.629688 0.395703 0.629297 0.404687 0.635937 0.41132799999999997 0.674609 0.433594 0.669922 0.43828100000000003 0.670312 0.44726600000000005 0.683594 0.44726600000000005 0.685937 0.439453 0.696875 0.43320299999999995 0.703906 0.43320299999999995
1 0.657813 0.037891 0.666406 0.037891 0.6667970000000001 0.021093999999999998 0.628125 0.020703 0.625781 0.028516000000000003 0.615625 0.034766000000000005 0.608594 0.044141 0.602734 0.044531 0.603125 0.053515999999999994 0.635156 0.053515999999999994 0.6375 0.045703 0.647656 0.044141 0.657813 0.037891
2 0.728906 0.151953 0.714062 0.151953 0.7136720000000001 0.159375 0.705859 0.16953100000000002 0.702734 0.18125 0.696484 0.182031 0.696484 0.185938 0.702344 0.186328 0.7042970000000001 0.19140600000000002 0.707813 0.222266 0.7152339999999999 0.221875 0.721484 0.18984399999999998 0.7292970000000001 0.1875 0.728906 0.151953
1 0.5730470000000001 0.321094 0.553125 0.320703 0.535938 0.314453 0.509375 0.301953 0.49492200000000003 0.2875 0.491406 0.276953 0.473437 0.276953 0.47304700000000005 0.28593799999999997 0.47617200000000004 0.29218700000000003 0.507812 0.323828 0.521875 0.33164099999999996 0.555859 0.336719 0.554688 0.359766 0.563281 0.359766 0.565234 0.349219 0.5730470000000001 0.34843799999999997 0.5730470000000001 0.321094
1 0.349609 0.165625 0.349609 0.15234399999999998 0.354297 0.146875 0.354297 0.139844 0.328125 0.139453 0.325781 0.147266 0.30468799999999996 0.150391 0.304297 0.154688 0.310937 0.158203 0.332422 0.15859399999999998 0.332422 0.173437 0.357812 0.21132800000000002 0.366797 0.210938 0.366797 0.188281 0.358984 0.1875 0.349609 0.165625
1 0.561719 0.5988279999999999 0.604687 0.564453 0.616406 0.562891 0.616797 0.546094 0.608984 0.54375 0.607422 0.533594 0.599609 0.533594 0.599219 0.553516 0.584375 0.555078 0.55 0.573828 0.530859 0.594531 0.529297 0.601562 0.521484 0.603906 0.521875 0.616016 0.533594 0.616016 0.535938 0.6082029999999999 0.546094 0.606641 0.561719 0.5988279999999999
1 0.998047 0.29375 0.998047 0.252344 0.990625 0.251953 0.988672 0.246875 0.9835940000000001 0.19570300000000002 0.971484 0.196094 0.9636720000000001 0.241406 0.965234 0.267188 0.9699220000000001 0.279687 0.9777340000000001 0.285156 0.9792970000000001 0.290625 0.9699220000000001 0.299219 0.9542970000000001 0.328125 0.9464840000000001 0.330469 0.946875 0.337891 0.9585940000000001 0.336328 0.9746090000000001 0.31875 0.9902340000000001 0.294531 0.998047 0.29375
1 0.924609 0.8664059999999999 0.928125 0.861328 0.941797 0.859375 0.941797 0.8460940000000001 0.932813 0.845703 0.9320309999999999 0.8535159999999999 0.921875 0.8535159999999999 0.9195309999999999 0.845703 0.89375 0.845703 0.895312 0.856641 0.913672 0.8648440000000001 0.9121090000000001 0.884375 0.925 0.9003909999999999 0.9324220000000001 0.9039059999999999 0.932813 0.909766 0.941797 0.909375 0.941797 0.8882809999999999 0.933984 0.885938 0.924609 0.8664059999999999
1 0.879687 0.523828 0.910156 0.525391 0.9539059999999999 0.511328 0.964063 0.5050779999999999 0.972656 0.5050779999999999 0.973047 0.489844 0.967187 0.48945299999999997 0.9664059999999999 0.48320299999999994 0.91875 0.48320299999999994 0.9164059999999999 0.491016 0.9046879999999999 0.49414100000000005 0.8804690000000001 0.511328 0.8578129999999999 0.516016 0.8492190000000001 0.522266 0.8375 0.525391 0.8132809999999999 0.542578 0.803125 0.544141 0.803125 0.553516 0.8460940000000001 0.553516 0.848438 0.5457029999999999 0.8679690000000001 0.5363279999999999 0.879687 0.523828
1 0.315625 0.720703 0.323047 0.720313 0.323047 0.708594 0.2875 0.7082029999999999 0.287109 0.715625 0.291797 0.721875 0.258594 0.758203 0.252734 0.758594 0.253125 0.772266 0.267969 0.772266 0.268359 0.766406 0.29765600000000003 0.744141 0.315625 0.720703
0 0.050781 0.597656 0.045312000000000005 0.609375 0.045312000000000005 0.619531 0.050781 0.625 0.052344 0.630469 0.060156 0.625781 0.075 0.602344 0.0875 0.592187 0.088281 0.586719 0.1 0.572656 0.099219 0.569531 0.090625 0.570312 0.07421900000000001 0.578125 0.050781 0.597656
0 0.017969 0.76875 0.011719 0.8023440000000001 0.0125 0.8195309999999999 0.017188000000000002 0.8382809999999999 0.028905999999999998 0.851562 0.036719 0.855469 0.039062 0.851562 0.039062 0.8304690000000001 0.035156 0.785937 0.035937000000000004 0.767969 0.038280999999999996 0.758594 0.0375 0.750781 0.032812999999999995 0.751563 0.021875 0.761719 0.017969 0.76875
0 0.339063 0.848437 0.310156 0.876563 0.299219 0.896875 0.299219 0.902344 0.307813 0.902344 0.341406 0.8804690000000001 0.35 0.8835940000000001 0.346875 0.892188 0.34296899999999997 0.8960940000000001 0.34453100000000003 0.9 0.346094 0.9 0.357812 0.8851559999999999 0.360938 0.876563 0.404687 0.834375 0.414844 0.826562 0.42109399999999997 0.814063 0.392188 0.8148440000000001 0.364062 0.83125 0.339063 0.848437
0 0.308594 1 0.316406 0.9875 0.321094 0.984375 0.329688 0.972656 0.375 0.9273440000000001 0.379687 0.9132809999999999 0.382031 0.910156 0.385156 0.909375 0.3875 0.9 0.432031 0.834375 0.4375 0.821875 0.4375 0.814063 0.435937 0.8125 0.423438 0.815625 0.377344 0.8625 0.369531 0.8773440000000001 0.367969 0.8929690000000001 0.364062 0.8992190000000001 0.364844 0.907813 0.325 0.933594 0.29609399999999997 0.9625 0.28125 0.984375 0.279687 1 0.308594 1
0 0.371875 0.671875 0.366406 0.6875 0.364844 0.711719 0.371875 0.732031 0.364844 0.734375 0.35625 0.742969 0.348437 0.757031 0.345313 0.759375 0.34375 0.767188 0.341406 0.767969 0.340625 0.771094 0.316406 0.799219 0.299219 0.832031 0.295312 0.85 0.295312 0.860938 0.302344 0.882812 0.307813 0.8820309999999999 0.324219 0.8585940000000001 0.32890600000000003 0.8445309999999999 0.353125 0.799219 0.37578100000000003 0.772656 0.378125 0.758594 0.371094 0.757812 0.36015600000000003 0.760156 0.36015600000000003 0.753906 0.370313 0.742969 0.378906 0.7375 0.38281200000000004 0.729688 0.39375 0.678906 0.40546899999999997 0.642969 0.40546899999999997 0.630469 0.39140600000000003 0.642188 0.378906 0.658594 0.371875 0.671875
0 0.367969 0.640625 0.34375 0.664062 0.335156 0.68125 0.336719 0.689063 0.341406 0.695312 0.346094 0.695312 0.353125 0.6875 0.366406 0.677344 0.369531 0.673438 0.372656 0.6625 0.392188 0.639062 0.396094 0.632031 0.395312 0.629687 0.392188 0.628906 0.384375 0.63125 0.367969 0.640625
0 0.322656 0.539844 0.31328100000000003 0.551562 0.309375 0.560156 0.298438 0.569531 0.28203100000000003 0.589063 0.265625 0.614844 0.26484399999999997 0.622656 0.260938 0.627344 0.265625 0.632031 0.269531 0.63125 0.276563 0.624219 0.282813 0.621094 0.2875 0.621094 0.2875 0.639062 0.295312 0.649219 0.296875 0.655469 0.302344 0.660156 0.303906 0.657031 0.303906 0.632031 0.326562 0.580469 0.347656 0.552344 0.378125 0.521875 0.380469 0.5125 0.378125 0.510156 0.366406 0.513281 0.346094 0.523438 0.322656 0.539844
0 0.155469 0.558594 0.173438 0.572656 0.18515600000000002 0.578906 0.197656 0.578906 0.21484399999999998 0.575 0.224219 0.567969 0.225781 0.563281 0.22343700000000002 0.560156 0.21640600000000002 0.557813 0.197656 0.559375 0.185937 0.554688 0.16406199999999999 0.5375 0.147656 0.516406 0.145312 0.516406 0.142188 0.520312 0.14296899999999998 0.535937 0.14843800000000001 0.549219 0.155469 0.558594
0 0.28046899999999997 0.507812 0.271875 0.527344 0.271875 0.542188 0.275 0.547656 0.28046899999999997 0.548438 0.284375 0.546875 0.2875 0.535937 0.29375 0.524219 0.294531 0.51875 0.3 0.507031 0.30625 0.5 0.310937 0.48906299999999997 0.305469 0.4875 0.298438 0.48906299999999997 0.28046899999999997 0.507812
0 0.419531 0.524219 0.38281200000000004 0.528906 0.379687 0.533594 0.392188 0.540625 0.4125 0.542188 0.421875 0.539844 0.435156 0.532813 0.441406 0.525781 0.442969 0.520312 0.442187 0.517188 0.43828100000000003 0.516406 0.419531 0.524219
0 0.423438 0.26484399999999997 0.415625 0.278906 0.40703100000000003 0.307031 0.40625 0.326562 0.409375 0.335156 0.419531 0.346875 0.428125 0.345313 0.430469 0.341406 0.435937 0.322656 0.446094 0.300781 0.450781 0.28203100000000003 0.45625 0.271875 0.465625 0.23828100000000002 0.471094 0.22968700000000003 0.471094 0.224219 0.458594 0.22968700000000003 0.434375 0.251563 0.423438 0.26484399999999997
0 0.851562 0.510156 0.8617190000000001 0.510156 0.8726559999999999 0.5125 0.8820309999999999 0.511719 0.896875 0.502344 0.8960940000000001 0.497656 0.8648440000000001 0.485938 0.839062 0.47968700000000003 0.8140620000000001 0.47968700000000003 0.80625 0.48515600000000003 0.8054690000000001 0.488281 0.807812 0.496094 0.8140620000000001 0.500781 0.851562 0.510156
0 0.648438 0.497656 0.624219 0.525 0.617969 0.5375 0.61875 0.548438 0.625 0.557031 0.630469 0.557031 0.638281 0.545312 0.653125 0.527344 0.69375 0.4875 0.692969 0.482031 0.675 0.48359399999999997 0.658594 0.490625 0.648438 0.497656
0 0.623437 0.797656 0.621094 0.809375 0.623437 0.854688 0.628906 0.8726559999999999 0.632812 0.876563 0.635156 0.876563 0.641406 0.86875 0.651562 0.8492190000000001 0.651562 0.840625 0.646094 0.8101559999999999 0.646094 0.792969 0.642969 0.784375 0.639844 0.78125 0.635156 0.782031 0.626563 0.791406 0.623437 0.797656
0 0.71875 0.9523440000000001 0.7125 0.9617190000000001 0.7125 0.96875 0.724219 0.976562 0.730469 0.976562 0.745312 0.9679690000000001 0.75625 0.957812 0.770313 0.9382809999999999 0.78125 0.917188 0.782031 0.9117190000000001 0.766406 0.9125 0.758594 0.9164059999999999 0.71875 0.9523440000000001
0 0.60625 1 0.608594 0.9945309999999999 0.607031 0.9929690000000001 0.5875 0.9929690000000001 0.585156 0.9914059999999999 0.579688 0.970313 0.578125 0.9460940000000001 0.576562 0.9429690000000001 0.571875 0.9445309999999999 0.564063 0.970313 0.5625 0.984375 0.564844 0.99375 0.563281 1 0.60625 1
0 0.713281 0.725 0.730469 0.728125 0.749219 0.728906 0.763281 0.724219 0.775781 0.713281 0.778125 0.713281 0.786719 0.721875 0.803125 0.725 0.825 0.720313 0.8460940000000001 0.7125 0.8585940000000001 0.710938 0.8648440000000001 0.708594 0.867188 0.704688 0.8617190000000001 0.700781 0.8460940000000001 0.696875 0.8226559999999999 0.696875 0.789062 0.703125 0.778125 0.7125 0.776562 0.708594 0.767969 0.701562 0.749219 0.696094 0.730469 0.696094 0.690625 0.678906 0.685937 0.678906 0.68125 0.690625 0.678906 0.710156 0.682031 0.713281 0.697656 0.720313 0.713281 0.725
0 0.7953129999999999 0.630469 0.8039059999999999 0.639062 0.816406 0.646875 0.8257809999999999 0.65 0.839062 0.652344 0.848438 0.649219 0.848438 0.640625 0.839062 0.630469 0.8140620000000001 0.615625 0.797656 0.600781 0.794531 0.6 0.789844 0.608594 0.789844 0.619531 0.7953129999999999 0.630469
0 1 0.48125 0.989063 0.47656200000000004 0.970313 0.463281 0.9382809999999999 0.444531 0.925781 0.434375 0.909375 0.425781 0.90625 0.42656299999999997 0.9054690000000001 0.435937 0.9078120000000001 0.439063 0.9078120000000001 0.44375 0.9132809999999999 0.451562 0.954688 0.484375 0.982812 0.5 0.990625 0.5 1 0.49531200000000003 1 0.48125
0 0.8578129999999999 0.248438 0.8507809999999999 0.248438 0.839062 0.24609399999999998 0.8304690000000001 0.242188 0.821875 0.242188 0.782031 0.26640600000000003 0.764844 0.282813 0.759375 0.29218700000000003 0.761719 0.295312 0.771875 0.295312 0.8140620000000001 0.28046899999999997 0.8460940000000001 0.265625 0.8648440000000001 0.25468799999999997 0.8734379999999999 0.252344 0.8765620000000001 0.248438 0.8757809999999999 0.244531 0.871094 0.242969 0.8601559999999999 0.24609399999999998 0.8578129999999999 0.248438
0 0.771094 0.3 0.766406 0.298438 0.767969 0.302344 0.7640629999999999 0.30625 0.7640629999999999 0.310156 0.759375 0.3125 0.757031 0.31875 0.749219 0.32343700000000003 0.747656 0.33125 0.739844 0.329688 0.735938 0.332031 0.730469 0.339844 0.720313 0.34296899999999997 0.708594 0.36015600000000003 0.708594 0.36875 0.715625 0.36875 0.723438 0.364844 0.747656 0.33593799999999996 0.752344 0.3375 0.760937 0.335156 0.767969 0.329688 0.788281 0.307031 0.796875 0.29218700000000003 0.796875 0.2875 0.783594 0.290625 0.774219 0.29609399999999997 0.771094 0.3
0 0.594531 0.74375 0.590625 0.754687 0.592969 0.759375 0.6 0.765625 0.622656 0.777344 0.627344 0.777344 0.63125 0.774219 0.635156 0.746094 0.633594 0.735938 0.635156 0.734375 0.634375 0.720313 0.630469 0.716406 0.63125 0.711719 0.628125 0.709375 0.61875 0.713281 0.604687 0.728125 0.594531 0.74375
0 0.346875 0.49531200000000003 0.34296899999999997 0.498437 0.342187 0.503125 0.36015600000000003 0.510156 0.36875 0.510938 0.378906 0.507031 0.382031 0.503906 0.383594 0.496094 0.380469 0.490625 0.370313 0.488281 0.346875 0.49531200000000003
0 0.764844 0.1875 0.7828120000000001 0.20546899999999998 0.799219 0.225781 0.8226559999999999 0.240625 0.8453120000000001 0.246875 0.853125 0.246875 0.85625 0.244531 0.8570309999999999 0.23828100000000002 0.855469 0.23125 0.848438 0.219531 0.801563 0.173437 0.771875 0.139844 0.767969 0.13828100000000002 0.754688 0.139063 0.75 0.142187 0.748437 0.16015600000000002 0.753906 0.171875 0.764844 0.1875
0 0.65625 0.104688 0.675781 0.125781 0.701562 0.14453100000000002 0.709375 0.146875 0.724219 0.14375 0.724219 0.134375 0.719531 0.125 0.696875 0.101562 0.665625 0.063281 0.651562 0.05 0.641406 0.045312000000000005 0.635937 0.046094 0.636719 0.067969 0.647656 0.092969 0.65625 0.104688
0 0.614844 0.076563 0.589844 0.0875 0.584375 0.091406 0.582813 0.096094 0.592187 0.098437 0.6375 0.091406 0.642969 0.089063 0.642969 0.083594 0.639062 0.076563 0.635156 0.073438 0.614844 0.076563
0 0.309375 0.096094 0.3125 0.104688 0.319531 0.117188 0.32890600000000003 0.12890600000000002 0.339844 0.135937 0.350781 0.13671899999999998 0.353125 0.135156 0.35156200000000004 0.12734399999999998 0.338281 0.114062 0.329688 0.098437 0.32734399999999997 0.091406 0.325781 0.067969 0.321094 0.067969 0.31328100000000003 0.075 0.310156 0.08125 0.309375 0.096094
0 0.185937 0.124219 0.170312 0.15390600000000002 0.16953100000000002 0.172656 0.177344 0.18125 0.18125 0.180469 0.185937 0.17421899999999998 0.20468799999999998 0.13125 0.20781200000000002 0.11640600000000001 0.20781200000000002 0.101562 0.20546899999999998 0.096875 0.20078100000000002 0.10078100000000001 0.2 0.104688 0.185937 0.124219
0 0.8960940000000001 0.196875 0.895312 0.20078100000000002 0.885938 0.2125 0.8851559999999999 0.22265600000000002 0.8882809999999999 0.23125 0.8929690000000001 0.23203100000000002 0.8992190000000001 0.226562 0.9039059999999999 0.21875 0.914062 0.185938 0.914062 0.17968800000000001 0.9125 0.177344 0.9078120000000001 0.180469 0.9007809999999999 0.192969 0.8960940000000001 0.196875
0 0.971875 0.366406 0.990625 0.394531 0.9875 0.357031 0.975 0.34375 0.9664059999999999 0.340625 0.9664059999999999 0.35 0.970313 0.357812 0.971875 0.366406
0 0.380469 0.28046899999999997 0.355469 0.28593799999999997 0.339063 0.295312 0.33593799999999996 0.3125 0.3375 0.315625 0.341406 0.31718799999999997 0.347656 0.31718799999999997 0.35625 0.314063 0.390625 0.31171899999999997 0.404687 0.308594 0.407813 0.30468799999999996 0.4125 0.28593799999999997 0.408594 0.282813 0.4 0.28125 0.380469 0.28046899999999997
0 0.750781 0.446875 0.771094 0.446875 0.783594 0.44375 0.784375 0.439063 0.782031 0.435156 0.772656 0.428125 0.728906 0.420312 0.721094 0.420312 0.716406 0.425 0.717187 0.435937 0.739844 0.444531 0.750781 0.446875
0 0.9132809999999999 0.10234399999999999 0.9289059999999999 0.115625 0.9359379999999999 0.11640600000000001 0.9445309999999999 0.103125 0.910937 0.078906 0.902344 0.078125 0.901563 0.084375 0.90625 0.09375 0.9132809999999999 0.10234399999999999
0 0.407813 0.126562 0.439063 0.132031 0.44531200000000004 0.13125 0.447656 0.12734399999999998 0.446875 0.11875 0.44375 0.117188 0.430469 0.11640600000000001 0.397656 0.10703100000000002 0.388281 0.10703100000000002 0.385938 0.109375 0.385938 0.11484399999999999 0.39140600000000003 0.11953100000000001 0.407813 0.126562
0 0.07421900000000001 0.08125 0.067187 0.101562 0.067187 0.12734399999999998 0.075781 0.124219 0.084375 0.109375 0.09765599999999999 0.078906 0.09765599999999999 0.071875 0.088281 0.067187 0.082812 0.06875 0.07421900000000001 0.08125
0 0 0.09375 0.017188000000000002 0.110156 0.025781 0.114062 0.027344 0.109375 0.025 0.10078100000000001 0.009375 0.064062 0.0023439999999999997 0.051562 0.0023439999999999997 0.048437999999999995 0 0.048437999999999995 0 0.09375
0 0.1625 0.192188 0.154687 0.196875 0.146094 0.215625 0.1375 0.226562 0.128125 0.244531 0.13125 0.244531 0.14296899999999998 0.235937 0.146875 0.235937 0.150781 0.23125 0.15234399999999998 0.225 0.160937 0.21406200000000003 0.178125 0.182031 0.176562 0.17968800000000001 0.172656 0.178906 0.16953100000000002 0.18515600000000002 0.1625 0.192188
0 0.26875 0.310156 0.295312 0.315625 0.329688 0.314844 0.329688 0.310156 0.31875 0.300781 0.292969 0.288281 0.25 0.279687 0.215625 0.278906 0.215625 0.283594 0.228125 0.292969 0.26875 0.310156
0 0.375 0.383594 0.364844 0.394531 0.353906 0.411719 0.342187 0.446875 0.34296899999999997 0.46406200000000003 0.34453100000000003 0.466406 0.35 0.461719 0.370313 0.423438 0.385156 0.400781 0.3875 0.39375 0.39375 0.385156 0.394531 0.37578100000000003 0.396875 0.372656 0.388281 0.372656 0.386719 0.37578100000000003 0.375 0.383594
0 0.1625 0.378906 0.160937 0.38593700000000003 0.160937 0.40546899999999997 0.167188 0.430469 0.176562 0.440625 0.177344 0.44531200000000004 0.165625 0.451562 0.155469 0.466406 0.146094 0.500781 0.146094 0.510156 0.150781 0.509375 0.157031 0.5 0.17968800000000001 0.449219 0.182031 0.446875 0.186719 0.446094 0.18984399999999998 0.441406 0.18984399999999998 0.435156 0.18515600000000002 0.41718700000000003 0.18515600000000002 0.392188 0.192187 0.346875 0.18984399999999998 0.336719 0.184375 0.338281 0.171875 0.35625 0.1625 0.378906
0 0.275 0.604688 0.271094 0.60625 0.24765600000000002 0.630469 0.23203100000000002 0.654687 0.23671899999999998 0.65625 0.240625 0.654687 0.260938 0.639844 0.277344 0.625 0.286719 0.620313 0.292188 0.610938 0.292188 0.6 0.28203100000000003 0.601562 0.278906 0.605469 0.275 0.604688
0 0.23046899999999998 0.89375 0.226562 0.9125 0.23671899999999998 0.928125 0.23125 0.935937 0.228125 0.935937 0.22343700000000002 0.941406 0.203906 0.9507809999999999 0.20468799999999998 0.953125 0.215625 0.951562 0.23203100000000002 0.942187 0.25 0.928125 0.251563 0.9195309999999999 0.24843700000000002 0.9125 0.24765600000000002 0.878906 0.24609399999999998 0.873437 0.24375 0.8726559999999999 0.23593799999999998 0.882812 0.23046899999999998 0.89375
0 0.385156 0.815625 0.389062 0.816406 0.395312 0.8132809999999999 0.408594 0.8117190000000001 0.408594 0.804688 0.402344 0.80625 0.390625 0.8 0.38125 0.797656 0.376563 0.798438 0.377344 0.803125 0.384375 0.810937 0.385156 0.815625
0 0.7671870000000001 0.630469 0.767969 0.646094 0.770313 0.655469 0.773438 0.657813 0.778125 0.65625 0.775 0.635156 0.776562 0.624219 0.782031 0.6125 0.780469 0.607812 0.775 0.610156 0.769531 0.620313 0.7671870000000001 0.630469
0 0.557031 0.749219 0.574219 0.773438 0.596875 0.7875 0.617188 0.790625 0.611719 0.792188 0.608594 0.796875 0.603125 0.798438 0.600781 0.803125 0.610156 0.803125 0.614844 0.800781 0.619531 0.795312 0.620312 0.791406 0.617188 0.7875 0.625781 0.783594 0.627344 0.778906 0.607031 0.769531 0.5875 0.753906 0.560937 0.735938 0.553125 0.732812 0.550781 0.733594 0.55 0.738281 0.552344 0.748437 0.557031 0.749219
0 0.760937 0.4875 0.753125 0.484375 0.746875 0.484375 0.738281 0.492969 0.732812 0.49375 0.734375 0.498437 0.738281 0.498437 0.749219 0.503125 0.766406 0.503125 0.791406 0.494531 0.797656 0.490625 0.800781 0.485938 0.797656 0.484375 0.7828120000000001 0.4875 0.760937 0.4875