0 0.528906 0.449219 0.525 0.450781 0.519531 0.465625 0.516406 0.490625 0.516406 0.513281 0.51875 0.522656 0.525 0.534375 0.534375 0.5375 0.536719 0.576562 0.540625 0.584375 0.544531 0.588281 0.549219 0.589844 0.557031 0.582812 0.564844 0.56875 0.566406 0.55 0.56875 0.542188 0.567969 0.514844 0.563281 0.505469 0.551562 0.505469 0.549219 0.508594 0.547656 0.507031 0.546094 0.47343799999999997 0.5375 0.457031
0 0.275 0.148438 0.275 0.150781 0.282031 0.158594 0.307031 0.175 0.317969 0.178906 0.323437 0.175781 0.324219 0.173437 0.319531 0.164062 0.30625 0.154688 0.2875 0.147656
0 0.382031 0.185156 0.372656 0.185156 0.353906 0.2 0.34375 0.215625 0.340625 0.226562 0.341406 0.23046899999999998 0.35 0.23046899999999998 0.36875 0.217969 0.383672 0.20914099999999997 0.388281 0.197656 0.388281 0.192969
0 0.864062 0.408594 0.863281 0.404687 0.859375 0.40156200000000003 0.846875 0.396875 0.8195309999999999 0.398438 0.798438 0.404687 0.783594 0.411719 0.780469 0.407813 0.769531 0.40546899999999997 0.760938 0.4 0.758594 0.400781 0.758594 0.404687 0.766406 0.41093799999999997 0.778125 0.41718700000000003 0.790625 0.42109399999999997 0.822656 0.42109399999999997 0.85 0.414844
0 0.752344 0.404687 0.751563 0.399219 0.748437 0.396094 0.732812 0.390625 0.7125 0.391406 0.692187 0.396875 0.672656 0.40546899999999997 0.658594 0.41406200000000004 0.655469 0.411719 0.65625 0.407813 0.651563 0.403906 0.636719 0.4 0.61875 0.4 0.61875 0.403906 0.624219 0.409375 0.642188 0.420312 0.650781 0.42265600000000003 0.669531 0.42265600000000003 0.672656 0.425 0.691406 0.42265600000000003 0.715625 0.414844 0.721094 0.414844 0.738281 0.40625
2 0.723437 0.222266 0.714453 0.221875 0.714453 0.20078100000000002 0.720313 0.20039100000000004 0.726953 0.189062 0.736328 0.159375 0.737891 0.133594 0.745313 0.133203 0.747266 0.146875 0.753516 0.147656 0.753516 0.165625 0.747266 0.166406 0.744141 0.190625 0.723437 0.222266
2 0.604688 0.784766 0.595703 0.784375 0.595703 0.767969 0.601562 0.767578 0.608203 0.760938 0.619141 0.7375 0.620703 0.721094 0.634375 0.720703 0.634766 0.75 0.628516 0.750781 0.623828 0.764062 0.605078 0.778906 0.604688 0.784766
1 0.084375 0.795703 0.078516 0.792188 0.072266 0.777344 0.064453 0.775 0.064844 0.755078 0.073438 0.755078 0.091406 0.780078 0.114453 0.780469 0.114453 0.785937 0.109375 0.791016 0.094531 0.791016 0.084375 0.795703
1 0.504687 0.109766 0.48906299999999997 0.091016 0.48320299999999994 0.090625 0.48359399999999997 0.070703 0.490625 0.070703 0.491016 0.078125 0.502344 0.089453 0.514844 0.083203 0.523438 0.083203 0.526953 0.086719 0.525 0.094141 0.505078 0.10234400000000002 0.504687 0.109766
0 0.021875 0.397266 0.014452999999999999 0.396875 0.014452999999999999 0.374219 0.021875 0.373828 0.039844 0.358203 0.071875 0.341016 0.083203 0.33125 0.084766 0.327344 0.080078 0.321094 0.083594 0.319141 0.115625 0.317578 0.128125 0.322266 0.147266 0.307812 0.147656 0.301953 0.201563 0.301953 0.203906 0.309766 0.222266 0.310156 0.221875 0.323828 0.213281 0.323828 0.20781299999999997 0.328516 0.196094 0.330078 0.164062 0.348828 0.149219 0.350391 0.144141 0.353906 0.142187 0.361328 0.137891 0.359375 0.136328 0.349219 0.129688 0.342578 0.125781 0.342578 0.101562 0.358203 0.085156 0.364453 0.08125 0.369141 0.057813 0.380078 0.047656 0.381641 0.021875 0.397266
1 0.7375 0.747266 0.716406 0.747266 0.714063 0.739453 0.658594 0.730078 0.658203 0.714844 0.725 0.714453 0.725391 0.720313 0.733594 0.726953 0.745313 0.722266 0.747656 0.714453 0.771875 0.714453 0.774219 0.722266 0.784766 0.722656 0.784375 0.730078 0.744531 0.733203 0.737891 0.739844 0.7375 0.747266
1 0.478125 0.391016 0.46953100000000003 0.391016 0.4691409999999999 0.383594 0.459375 0.375391 0.439453 0.373437 0.439844 0.314453 0.453125 0.314453 0.4535159999999999 0.321875 0.46132800000000007 0.335156 0.46289100000000005 0.34375 0.457031 0.359766 0.46289100000000005 0.357812 0.463281 0.350391 0.4847659999999999 0.352344 0.4847659999999999 0.384375 0.478906 0.384766 0.478125 0.391016
1 0.535937 0.095703 0.526953 0.095312 0.527344 0.051953000000000006 0.536328 0.052344 0.536328 0.059375 0.541016 0.063281 0.542969 0.080078 0.557813 0.083203 0.564453 0.088281 0.564063 0.092578 0.544531 0.092578 0.535937 0.095703
2 0.24531200000000003 0.44726600000000005 0.21484399999999998 0.44726600000000005 0.214453 0.432031 0.22343799999999997 0.43007800000000007 0.235156 0.41914099999999993 0.2625 0.409766 0.264844 0.40195299999999995 0.294141 0.402344 0.294141 0.41718700000000003 0.284375 0.428516 0.24765600000000002 0.439453 0.24531200000000003 0.44726600000000005
2 0.475 0.351953 0.46445299999999995 0.351562 0.46445299999999995 0.308594 0.473828 0.304688 0.475781 0.295703 0.484375 0.295703 0.4847659999999999 0.320312 0.47695300000000007 0.322656 0.475 0.351953
1 0.010937 0.047266 0.0019530000000000003 0.046875 0.002344 0.025391000000000004 0.047266 0.032031 0.046875 0.036328 0.039844 0.036328 0.035937 0.041016 0.019531 0.042578 0.010937 0.047266
1 0.696875 0.166016 0.678906 0.166016 0.675 0.156641 0.654687 0.145703 0.627344 0.150391 0.626953 0.10078099999999998 0.634375 0.10039099999999998 0.637891 0.10390600000000001 0.641406 0.128516 0.65 0.130078 0.658594 0.126953 0.673438 0.126953 0.686328 0.136719 0.691406 0.145703 0.696875 0.145703 0.696875 0.166016
1 0.93125 0.8222660000000002 0.919141 0.821875 0.9160160000000002 0.8054690000000001 0.909375 0.798828 0.901953 0.798438 0.902344 0.789453 0.925 0.789453 0.927344 0.798828 0.934375 0.798828 0.9382810000000001 0.789453 0.9472660000000002 0.789844 0.9472660000000002 0.804688 0.9378910000000001 0.807031 0.9363279999999999 0.8125 0.9316410000000002 0.8148440000000001 0.93125 0.8222660000000002
1 0.153125 0.44726600000000005 0.125781 0.44726600000000005 0.125391 0.441406 0.11875 0.4378909999999999 0.076563 0.428516 0.058594 0.428516 0.045312 0.4222659999999999 0.038281 0.4222659999999999 0.023438 0.412891 0.008594 0.409766 0.008203 0.396094 0.0625 0.395703 0.062891 0.40156200000000003 0.078906 0.41601600000000005 0.1 0.41601600000000005 0.108594 0.411328 0.11875 0.411328 0.12226600000000001 0.413281 0.12226600000000001 0.41718700000000003 0.11132800000000001 0.421875 0.127344 0.43007800000000007 0.1375 0.43164100000000005 0.146094 0.4378909999999999 0.153125 0.4378909999999999 0.153125 0.44726600000000005
1 0.9992189999999999 0.8535160000000002 0.9835939999999999 0.8535160000000002 0.979688 0.8441410000000001 0.96875 0.8378910000000002 0.958594 0.836328 0.9582029999999999 0.8210940000000001 0.985938 0.820703 0.986328 0.826562 0.9941410000000002 0.832031 0.9992189999999999 0.841016
0 0.760156 0.4125 0.758594 0.408594 0.752344 0.40546899999999997 0.75 0.4 0.746875 0.399219 0.74375 0.404687 0.740625 0.403125 0.7375 0.403906 0.727344 0.41093799999999997 0.697656 0.41875 0.689063 0.423438 0.667188 0.428125 0.66875 0.432031 0.679688 0.439844 0.690625 0.44375 0.694531 0.440625 0.705469 0.439063 0.727344 0.428906 0.755469 0.424219 0.760156 0.41875
1 0.225 0.894141 0.213281 0.894141 0.20351599999999997 0.8726559999999999 0.195703 0.870313 0.196094 0.839453 0.21132800000000002 0.839844 0.21132800000000002 0.846875 0.223828 0.863281 0.227344 0.8800779999999999 0.259766 0.8835940000000001 0.259375 0.886328 0.225 0.894141
1 0.746875 0.4847659999999999 0.733594 0.4847659999999999 0.733203 0.471094 0.745313 0.4691409999999999 0.765625 0.459766 0.761328 0.454688 0.761719 0.45039099999999993 0.779687 0.4535159999999999 0.790625 0.44882799999999995 0.794531 0.439453 0.809766 0.439844 0.809766 0.45 0.8039059999999999 0.45039099999999993 0.795312 0.46289100000000005 0.785156 0.46289100000000005 0.778125 0.47695300000000007 0.746875 0.4847659999999999
0 0.691406 0.642188 0.685937 0.638281 0.682813 0.63125 0.659375 0.638281 0.629687 0.660937 0.620313 0.671094 0.617188 0.678125 0.619531 0.68125 0.629687 0.68125 0.65625 0.671094 0.683594 0.655469 0.692187 0.646875
0 0.175 0.48359399999999997 0.175 0.490625 0.203906 0.535156 0.20781299999999997 0.546094 0.213281 0.552344 0.21875 0.567187 0.224219 0.573438 0.232813 0.575781 0.23046899999999998 0.580469 0.23906299999999997 0.602344 0.24609399999999998 0.610938 0.257031 0.6125 0.260937 0.604688 0.260156 0.589844 0.253125 0.575781 0.240625 0.574219 0.2375 0.571875 0.23828100000000002 0.555469 0.235156 0.535937 0.221875 0.503906 0.213281 0.494531 0.201563 0.485938 0.182031 0.48125
0 0.338281 0.310156 0.329688 0.314844 0.321875 0.323437 0.314844 0.335938 0.310937 0.350781 0.314063 0.36875 0.3125 0.375 0.314063 0.394531 0.317188 0.40625 0.321875 0.41406200000000004 0.328906 0.40703100000000003 0.333594 0.397656 0.333594 0.392188 0.327344 0.373437 0.334375 0.367188 0.338281 0.360938 0.344531 0.34375 0.344531 0.320312 0.342187 0.317969 0.342187 0.314063
0 0.599219 0.782031 0.597656 0.789062 0.6 0.796875 0.600781 0.839844 0.603125 0.846875 0.607812 0.848437 0.611719 0.846875 0.61875 0.839844 0.624219 0.83125 0.626563 0.822656 0.626563 0.8101559999999999 0.617188 0.790625 0.607812 0.783594
1 0.865625 0.647266 0.8570309999999999 0.647266 0.856641 0.641406 0.8488279999999999 0.634375 0.8425779999999999 0.622656 0.820312 0.605078 0.814453 0.604688 0.8148440000000001 0.600391 0.821875 0.600391 0.825391 0.59375 0.823828 0.564844 0.821875 0.559766 0.814453 0.559375 0.8148440000000001 0.520703 0.825 0.520703 0.825391 0.529687 0.8332029999999999 0.538281 0.8332029999999999 0.542188 0.840625 0.544141 0.8425779999999999 0.547656 0.8425779999999999 0.579688 0.8378910000000002 0.58125 0.836328 0.567969 0.833594 0.566016 0.831641 0.596875 0.8535160000000002 0.614844 0.8601560000000001 0.626953 0.8660159999999999 0.627344 0.865625 0.647266
1 0.628125 0.397266 0.611719 0.397266 0.609375 0.389453 0.595313 0.381641 0.576953 0.38125 0.576953 0.366406 0.582812 0.366016 0.586328 0.359375 0.587891 0.325781 0.592578 0.31875 0.592969 0.295703 0.601953 0.296094 0.598828 0.321094 0.601953 0.344531 0.600391 0.367188 0.611328 0.374219 0.622656 0.389453 0.628516 0.389844 0.628125 0.397266
1 0.078125 0.728516 0.069531 0.728516 0.069141 0.721094 0.054688 0.711328 0.042969 0.711328 0.034375 0.717578 0.025391000000000004 0.717187 0.022266 0.696094 0.014452999999999999 0.69375 0.014844 0.639453 0.031641 0.639844 0.036328 0.652344 0.033203 0.671875 0.041016 0.678906 0.042578 0.692187 0.054688 0.694141 0.064062 0.698828 0.072656 0.708203 0.078516 0.708594 0.078125 0.728516
1 0.839063 0.847266 0.8269529999999999 0.846875 0.8273439999999999 0.8285160000000001 0.834375 0.8285160000000001 0.849219 0.814453 0.8625 0.8066410000000002 0.8660159999999999 0.803125 0.8664059999999999 0.795703 0.8910160000000001 0.796094 0.887891 0.8125 0.876953 0.8210940000000001 0.876563 0.8285160000000001 0.8585939999999999 0.831641 0.854688 0.836328 0.8445310000000001 0.8378910000000002 0.839453 0.8414059999999999 0.839063 0.847266
1 0.41093799999999997 0.172266 0.40195299999999995 0.171875 0.40195299999999995 0.138281 0.411328 0.135937 0.412891 0.130469 0.43007800000000007 0.114062 0.430469 0.10820300000000001 0.44531200000000004 0.10820300000000001 0.44570300000000007 0.11875 0.4378909999999999 0.135937 0.425391 0.153125 0.411328 0.164844 0.41093799999999997 0.172266
1 0.46406200000000003 0.534766 0.45234399999999997 0.534766 0.451562 0.526953 0.420312 0.500391 0.41445300000000007 0.5 0.414844 0.470703 0.425 0.470703 0.428906 0.4847659999999999 0.440625 0.4847659999999999 0.44882799999999995 0.492969 0.46289100000000005 0.516406 0.46406200000000003 0.534766
2 0.467187 0.628516 0.371094 0.628516 0.370703 0.613281 0.385937 0.609766 0.386719 0.601953 0.470313 0.601953 0.470703 0.610938 0.478125 0.612891 0.47851600000000005 0.615625 0.472656 0.616016 0.46757799999999994 0.621094 0.467187 0.628516
1 0.01875 0.297266 0.0019530000000000003 0.296875 0.0019530000000000003 0.274219 0.009375 0.273828 0.028515999999999996 0.2625 0.048828 0.234375 0.048828 0.23046899999999998 0.059766 0.220312 0.060156 0.214453 0.090625 0.214453 0.091016 0.22968700000000003 0.083594 0.230078 0.069141 0.254688 0.046875 0.275391 0.019531 0.291016 0.01875 0.297266
1 0.19375 0.222266 0.180469 0.222266 0.178125 0.212891 0.164062 0.206641 0.149219 0.205078 0.142187 0.20039100000000004 0.127344 0.20039100000000004 0.126953 0.188281 0.142187 0.187891 0.173437 0.195703 0.181641 0.171094 0.191016 0.157812 0.191016 0.152344 0.209375 0.151953 0.20976600000000004 0.164062 0.201953 0.166406 0.195703 0.182031 0.19375 0.222266
1 0.328125 0.569141 0.308594 0.567578 0.289062 0.545703 0.280078 0.540625 0.278516 0.524219 0.276562 0.520703 0.270703 0.520312 0.271094 0.49570299999999995 0.284766 0.496094 0.284766 0.503125 0.291016 0.513281 0.291406 0.530078 0.30625 0.531641 0.322656 0.547266 0.328516 0.547656 0.328125 0.569141
0 0.525 0.535156 0.523438 0.546094 0.524219 0.564844 0.532813 0.58125 0.534375 0.58125 0.5375 0.578125 0.535156 0.542969 0.53125 0.535156
0 0.7125 0.025 0.709375 0.022656 0.69375 0.024219 0.684375 0.029687 0.677344 0.03125 0.653906 0.046094 0.65 0.046094 0.646875 0.05 0.646094 0.055469000000000004 0.660156 0.055469000000000004 0.678125 0.048438 0.685156 0.048438 0.691406 0.042188 0.703906 0.034375
0 0.9125 0.142187 0.90625 0.164062 0.9 0.171875 0.898438 0.178906 0.8929690000000001 0.185938 0.896875 0.189844 0.907813 0.189844 0.917188 0.195312 0.9226560000000001 0.20078100000000002 0.927344 0.210938 0.932031 0.208594 0.949219 0.23046899999999998 0.959375 0.23828100000000002 0.963281 0.23828100000000002 0.9625 0.21406200000000003 0.95625 0.194531 0.939063 0.185938 0.920312 0.182812 0.909375 0.178125 0.914062 0.160156 0.920312 0.147656 0.9195309999999999 0.141406 0.915625 0.140625
0 0.7125 0.269531 0.70625 0.289062 0.7 0.301563 0.7 0.319531 0.703125 0.338281 0.702344 0.365625 0.708594 0.370312 0.717187 0.360938 0.723437 0.339062 0.722656 0.329688 0.719531 0.323437 0.713281 0.317969 0.703906 0.314063 0.717187 0.278906 0.717187 0.270313
0 0.728906 0.21640600000000002 0.727344 0.22109399999999998 0.741406 0.227344 0.75 0.232813 0.759375 0.242188 0.76875 0.246875 0.794531 0.272656 0.799219 0.272656 0.801562 0.270313 0.802344 0.261719 0.799219 0.24531200000000003 0.79375 0.23203100000000002 0.7875 0.225 0.771094 0.215625 0.75625 0.2125 0.739844 0.2125
0 0.529687 0.121875 0.529687 0.124219 0.532813 0.127344 0.553125 0.132812 0.567969 0.139063 0.573438 0.144531 0.589844 0.15 0.589844 0.158594 0.6 0.174219 0.600781 0.178125 0.610938 0.190625 0.625781 0.201563 0.626563 0.20625 0.628906 0.204687 0.630469 0.198437 0.635156 0.196875 0.635938 0.189062 0.63125 0.188281 0.628125 0.182031 0.63125 0.175781 0.635156 0.175781 0.660937 0.189062 0.667969 0.196094 0.675 0.2 0.690625 0.215625 0.696875 0.227344 0.701562 0.228906 0.704688 0.225781 0.707812 0.21875 0.707812 0.203125 0.704688 0.192969 0.692969 0.171094 0.680469 0.1625 0.667188 0.158594 0.659375 0.153906 0.660937 0.148438 0.669531 0.149219 0.674219 0.154688 0.685156 0.155469 0.689063 0.161719 0.690625 0.161719 0.692187 0.157812 0.690625 0.149219 0.677344 0.132031 0.665625 0.129688 0.642188 0.134375 0.632812 0.146094 0.633594 0.153125 0.632031 0.157812 0.627344 0.158594 0.629687 0.155469 0.629687 0.146094 0.626563 0.130469 0.614844 0.110937 0.599219 0.10078099999999998 0.575 0.099219 0.551562 0.101562 0.547656 0.103125 0.548438 0.107813 0.540625 0.11171899999999998
0 0.9523439999999999 0.474219 0.947656 0.471875 0.942187 0.472656 0.923438 0.484375 0.914062 0.494531 0.910156 0.501563 0.902344 0.504687 0.8914060000000001 0.524219 0.878906 0.539844 0.878125 0.545312 0.880469 0.546875 0.885156 0.545312 0.903125 0.534375 0.917188 0.515625 0.915625 0.505469 0.9351559999999999 0.491406
0 0.619531 0.717187 0.61875 0.721094 0.632031 0.729688 0.657031 0.751563 0.6625 0.750781 0.664844 0.739844 0.657813 0.726562 0.638281 0.716406
0 0.425 0.657031 0.428906 0.664844 0.44843700000000003 0.676562 0.46093799999999996 0.6875 0.46406200000000003 0.6875 0.465625 0.682031 0.463281 0.669531 0.45781299999999997 0.6625 0.451562 0.658594 0.440625 0.655469 0.430469 0.654687
0 0.330469 0.9507809999999999 0.328906 0.958594 0.330469 0.960938 0.350781 0.9664059999999999 0.357031 0.9664059999999999 0.364844 0.9695310000000001 0.373437 0.9695310000000001 0.375 0.9679689999999999 0.373437 0.963281 0.35 0.953125 0.335156 0.948438
0 0.20546899999999998 0.8898439999999999 0.201563 0.890625 0.196875 0.8976559999999999 0.19375 0.9195309999999999 0.19375 0.933594 0.196875 0.949219 0.20078100000000002 0.953125 0.20703100000000002 0.9507809999999999 0.211719 0.9445309999999999 0.21406200000000003 0.9375 0.21406200000000003 0.9210939999999999 0.209375 0.910156
0 0.014063 0.8726559999999999 0.008594 0.892188 0.004687 0.9375 0.005469 0.94375 0.011719 0.942187 0.01875 0.9367189999999999 0.025781 0.9242190000000001 0.028905999999999998 0.9132809999999999 0.028905999999999998 0.901563 0.025 0.885938 0.020313 0.876563
0 0.10625 0.517188 0.10390600000000001 0.515625 0.092969 0.515625 0.0625 0.521875 0.028905999999999998 0.5375 0.009375 0.553125 0.002344 0.563281 0 0.564063 0 0.580469 0.017969 0.58125 0.021094 0.578125 0.058594 0.559375 0.085938 0.541406 0.105469 0.521875
0 0.40156200000000003 0.126562 0.396875 0.12265600000000002 0.385937 0.120313 0.376563 0.124219 0.369531 0.129688 0.329688 0.169531 0.325781 0.182812 0.321875 0.188281 0.321875 0.194531 0.326562 0.196875 0.334375 0.19375 0.353906 0.179688 0.4 0.135156 0.402344 0.13125
0 0.4 0.346875 0.390625 0.342969 0.379688 0.342187 0.372656 0.345313 0.364844 0.352344 0.357031 0.361719 0.342187 0.386719 0.323437 0.4125 0.31875 0.421875 0.315625 0.433594 0.3 0.44531200000000004 0.2875 0.45781299999999997 0.284375 0.4625 0.284375 0.46796899999999997 0.292969 0.46875 0.302344 0.466406 0.329688 0.455469 0.333594 0.45 0.334375 0.440625 0.346094 0.434375 0.361719 0.42265600000000003 0.372656 0.408594 0.371094 0.404687 0.398438 0.365625 0.402344 0.35625 0.402344 0.350781
0 0.958594 0.8304690000000001 0.9523439999999999 0.8273439999999999 0.939063 0.8273439999999999 0.93125 0.829688 0.929688 0.8375 0.926562 0.840625 0.9195309999999999 0.8429689999999999 0.9054689999999999 0.853906 0.9 0.8617190000000001 0.8976559999999999 0.86875 0.898438 0.8726559999999999 0.904687 0.873437 0.9085940000000001 0.870313 0.9125 0.870313 0.932813 0.859375 0.9351559999999999 0.85625 0.939063 0.860938 0.94375 0.8585939999999999 0.954688 0.847656 0.9554690000000001 0.842187 0.9601559999999999 0.8351559999999999
0 0.902344 0.708594 0.896875 0.698438 0.890625 0.69375 0.869531 0.696875 0.865625 0.7 0.8445310000000001 0.708594 0.826562 0.719531 0.80625 0.720313 0.785937 0.728125 0.755469 0.74375 0.751563 0.747656 0.751563 0.750781 0.747656 0.75625 0.755469 0.760156 0.759375 0.760156 0.763281 0.755469 0.764844 0.758594 0.767969 0.759375 0.789062 0.753906 0.791406 0.751563 0.794531 0.771875 0.814063 0.770312 0.8210940000000001 0.767969 0.832031 0.760938 0.834375 0.750781 0.83125 0.74375 0.834375 0.738281 0.838281 0.739844 0.8570309999999999 0.736719 0.885156 0.721094 0.898438 0.716406 0.902344 0.713281
0 0.626563 0.455469 0.615625 0.446875 0.610938 0.446094 0.578125 0.48515600000000003 0.567187 0.501563 0.567969 0.503906 0.571875 0.50625 0.579688 0.503906 0.60625 0.488281 0.616406 0.478125 0.627344 0.463281 0.628125 0.458594
0 0.576562 0.39375 0.571875 0.392969 0.56875 0.396094 0.565625 0.420312 0.5625 0.424219 0.558594 0.4375 0.546094 0.463281 0.545312 0.471094 0.546875 0.472656 0.552344 0.471094 0.56875 0.45625 0.575781 0.446875 0.585156 0.428125 0.5875 0.420312 0.585156 0.403125
0 0.65625 0.603906 0.65 0.601562 0.635938 0.609375 0.628125 0.611719 0.585156 0.638281 0.58125 0.642969 0.583594 0.651563 0.5875 0.654687 0.609375 0.651563 0.622656 0.644531 0.634375 0.642188 0.642969 0.638281 0.654687 0.625781 0.657031 0.61875
0 0.5625 0.672656 0.553906 0.667969 0.544531 0.672656 0.496875 0.721094 0.490625 0.730469 0.485938 0.734375 0.48359399999999997 0.740625 0.486719 0.742188 0.50625 0.7375 0.532031 0.721875 0.547656 0.707031 0.557813 0.692969 0.564063 0.678125
0 0.252344 0.717969 0.23046899999999998 0.73125 0.215625 0.748437 0.210156 0.766406 0.2125 0.778125 0.210156 0.784375 0.20078100000000002 0.7875 0.196875 0.791406 0.180469 0.815625 0.166406 0.840625 0.159375 0.857812 0.15625 0.869531 0.157812 0.876563 0.1625 0.876563 0.16875 0.870313 0.184375 0.8601560000000001 0.199219 0.8414059999999999 0.215625 0.803125 0.21484399999999998 0.785156 0.234375 0.770312 0.24375 0.760156 0.24531200000000003 0.747656 0.252344 0.730469 0.253906 0.721875
0 0.915625 0.547656 0.914062 0.549219 0.917969 0.557031 0.91875 0.564844 0.9242190000000001 0.585938 0.9195309999999999 0.598437 0.917969 0.610938 0.9195309999999999 0.6125 0.926562 0.6125 0.934375 0.610156 0.942187 0.602344 0.9460940000000001 0.577344 0.945312 0.567969 0.942187 0.558594 0.9382810000000001 0.554688 0.9304690000000001 0.550781
0 0.7875 0.626563 0.782031 0.626563 0.778906 0.629687 0.766406 0.628125 0.764062 0.629687 0.746094 0.630469 0.739844 0.640625 0.738281 0.646094 0.739844 0.65 0.733594 0.651563 0.728125 0.657813 0.727344 0.6625 0.736719 0.664062 0.744531 0.660937 0.764062 0.646094 0.778125 0.641406 0.783594 0.633594 0.789844 0.63125
0 0.8273439999999999 0.586719 0.822656 0.584375 0.816406 0.584375 0.801562 0.590625 0.779687 0.605469 0.760156 0.615625 0.75625 0.61875 0.75625 0.622656 0.759375 0.622656 0.765625 0.626563 0.778125 0.626563 0.8054690000000001 0.616406 0.817969 0.609375 0.826562 0.601562 0.8289060000000001 0.596094
0 0.599219 0.541406 0.599219 0.545312 0.603125 0.551562 0.607031 0.551562 0.621875 0.557813 0.630469 0.563281 0.634375 0.570312 0.642969 0.570312 0.646094 0.567187 0.65 0.571875 0.653906 0.570312 0.670312 0.570312 0.674219 0.571875 0.689844 0.56875 0.678125 0.564063 0.675 0.560937 0.670312 0.564063 0.660937 0.564063 0.653125 0.5625 0.65 0.560156 0.646875 0.564063 0.642188 0.547656 0.638281 0.54375 0.621094 0.538281 0.607031 0.538281
0 0.574219 0.639844 0.569531 0.641406 0.570312 0.646094 0.567969 0.653906 0.565625 0.683594 0.557031 0.696875 0.559375 0.700781 0.563281 0.702344 0.575 0.701562 0.583594 0.697656 0.582031 0.696094 0.571875 0.696094 0.570312 0.694531 0.575 0.686719 0.578906 0.683594 0.583594 0.674219 0.585156 0.665625 0.584375 0.651563 0.579688 0.645312 0.579688 0.642969
0 0.29375 0.310937 0.296875 0.3125 0.326562 0.313281 0.336719 0.309375 0.365625 0.307031 0.375 0.303906 0.375781 0.298438 0.357812 0.296094 0.329688 0.295312 0.321875 0.296875 0.307812 0.303906 0.298438 0.303125 0.292969 0.30625
0 0.378906 0.408594 0.372656 0.415625 0.372656 0.424219 0.395313 0.471094 0.399219 0.489844 0.404687 0.49531200000000003 0.409375 0.491406 0.41406200000000004 0.482031 0.41406200000000004 0.463281 0.411719 0.44843700000000003 0.407813 0.43671899999999997 0.398438 0.42109399999999997 0.385937 0.410156
0 0.679688 0.50625 0.674219 0.503125 0.669531 0.503906 0.653125 0.519531 0.639062 0.539844 0.639062 0.545312 0.642188 0.548438 0.649219 0.547656 0.657813 0.54375 0.670312 0.535156 0.678906 0.526563 0.682813 0.51875 0.682813 0.510156