1 0.385156 0.034375 0.379687 0.032031 0.364062 0.03125 0.357812 0.032812999999999995 0.35859399999999997 0.038280999999999996 0.360938 0.039844000000000004 0.369531 0.039844000000000004 0.370313 0.041406 0.3625 0.046094 0.35859399999999997 0.050781 0.353125 0.064062 0.353125 0.069531 0.355469 0.071094 0.36015600000000003 0.070312 0.375 0.058594 0.404687 0.046094 0.404687 0.04375 0.402344 0.040625 0.395312 0.035937000000000004 0.385156 0.034375
2 0.85625 0.124219 0.86875 0.132031 0.8726559999999999 0.132031 0.894531 0.1375 0.901563 0.1375 0.903125 0.135937 0.9046879999999999 0.11640600000000001 0.898438 0.11171899999999998 0.8742190000000001 0.103125 0.8507809999999999 0.098437 0.840625 0.098437 0.8273440000000001 0.096094 0.8070309999999999 0.096094 0.803125 0.099219 0.8265629999999999 0.113281 0.835938 0.115625 0.85625 0.124219
2 0.48359399999999997 0.585938 0.509375 0.605469 0.521875 0.6125 0.525 0.616406 0.527344 0.614844 0.529687 0.610938 0.525781 0.602344 0.515625 0.586719 0.504688 0.574219 0.498437 0.569531 0.49375 0.567969 0.48359399999999997 0.559375 0.477344 0.55625 0.451562 0.5375 0.44375 0.533594 0.43828100000000003 0.532813 0.439063 0.5375 0.446875 0.547656 0.48359399999999997 0.585938
2 0.23593799999999998 0.657813 0.225781 0.654687 0.185937 0.653906 0.141406 0.657813 0.14375 0.6625 0.15859399999999998 0.664844 0.173438 0.670312 0.178125 0.667188 0.20156200000000002 0.667969 0.20468799999999998 0.666406 0.208594 0.666406 0.226562 0.670312 0.23203100000000002 0.670312 0.23593799999999998 0.675 0.24531299999999998 0.674219 0.24765600000000002 0.672656 0.252344 0.674219 0.259375 0.671875 0.258594 0.665625 0.246875 0.659375 0.23593799999999998 0.657813
2 0.142188 0.49921899999999997 0.132031 0.504687 0.11875 0.514062 0.10703100000000002 0.525 0.10703100000000002 0.526563 0.110156 0.528906 0.115625 0.528125 0.134375 0.520312 0.142188 0.519531 0.147656 0.514062 0.16796899999999998 0.503906 0.171875 0.49921899999999997 0.171875 0.496875 0.167188 0.494531 0.150781 0.496094 0.142188 0.49921899999999997
1 0.744531 0.404687 0.727344 0.421875 0.716406 0.439063 0.713281 0.451562 0.7125779999999999 0.45828100000000005 0.712812 0.467187 0.700859 0.46601600000000004 0.685391 0.466094 0.7022660000000001 0.472422 0.7125779999999999 0.476797 0.716406 0.482031 0.727344 0.48359399999999997 0.729687 0.482031 0.728906 0.46953100000000003 0.732812 0.455469 0.749219 0.42656299999999997 0.759375 0.411719 0.766406 0.397656 0.7671870000000001 0.39140600000000003 0.765625 0.38984399999999997 0.7625 0.38984399999999997 0.747656 0.403125 0.744531 0.404687
2 0.925781 0.558594 0.928125 0.560937 0.9351559999999999 0.575 0.9398440000000001 0.574219 0.941406 0.572656 0.940625 0.566406 0.9320309999999999 0.549219 0.9289059999999999 0.539844 0.925 0.535156 0.921875 0.528125 0.917188 0.524219 0.914062 0.524219 0.914062 0.528906 0.917188 0.534375 0.925781 0.558594
1 0.8421879999999999 0.7 0.847656 0.717187 0.85625 0.728906 0.85625 0.730469 0.8585940000000001 0.732031 0.846875 0.732812 0.8382809999999999 0.735938 0.832813 0.739844 0.8335940000000001 0.744531 0.8617190000000001 0.739844 0.8734379999999999 0.740625 0.8757809999999999 0.7375 0.8757809999999999 0.735938 0.86875 0.728906 0.864063 0.721875 0.85 0.678125 0.847656 0.676562 0.8453120000000001 0.676562 0.8421879999999999 0.6875 0.8421879999999999 0.7
1 0.8179690000000001 0.832031 0.815625 0.847656 0.816406 0.870313 0.8195309999999999 0.875 0.8265629999999999 0.8773440000000001 0.8269529999999999 0.887187 0.820312 0.892188 0.817188 0.892188 0.8149219999999999 0.894922 0.8101559999999999 0.898438 0.8070309999999999 0.9 0.8005470000000001 0.905547 0.794531 0.907813 0.791875 0.9117190000000001 0.791406 0.9164059999999999 0.803125 0.9117190000000001 0.807812 0.907813 0.807812 0.9054690000000001 0.809375 0.9039059999999999 0.815781 0.9007809999999999 0.821328 0.898438 0.824609 0.896016 0.8282809999999999 0.892891 0.831016 0.8885160000000001 0.836172 0.8842190000000001 0.834375 0.8804690000000001 0.8335940000000001 0.86875 0.8367190000000001 0.845313 0.834375 0.840625 0.8335940000000001 0.8210940000000001 0.8304690000000001 0.810937 0.8257809999999999 0.8117190000000001 0.821875 0.81875 0.8179690000000001 0.832031
2 0.553906 0.923438 0.560156 0.935937 0.573437 0.945312 0.58125 0.949219 0.584375 0.949219 0.585156 0.942187 0.577344 0.9375 0.567969 0.9273440000000001 0.563281 0.9242190000000001 0.560937 0.917188 0.55 0.9132809999999999 0.546875 0.914062 0.546875 0.917969 0.549219 0.91875 0.553906 0.923438
1 0.51875 1 0.517969 0.9820309999999999 0.521094 0.973437 0.517188 0.970313 0.519531 0.9664059999999999 0.490625 0.957812 0.478906 0.951562 0.473437 0.951562 0.464063 0.954688 0.454688 0.960938 0.454688 0.964063 0.465625 0.9679690000000001 0.473437 0.972656 0.498437 0.976562 0.500781 0.98125 0.498437 0.990625 0.49921899999999997 1 0.51875 1
2 0.587734 0.608594 0.592734 0.6125 0.597031 0.616719 0.603125 0.621875 0.610078 0.625703 0.619531 0.633594 0.625 0.639062 0.625 0.644531 0.626563 0.647656 0.63125 0.647656 0.635937 0.642188 0.636719 0.638281 0.631484 0.633359 0.627344 0.626563 0.623437 0.625 0.61875 0.619531 0.614844 0.617969 0.604687 0.607031 0.584375 0.596094 0.577109 0.593438 0.5671090000000001 0.590781 0.581797 0.603516 0.587734 0.608594