1 0.669531 0.5730470000000001 0.669922 0.529687 0.662109 0.514062 0.674609 0.500781 0.678125 0.49179700000000004 0.685547 0.491406 0.685156 0.415234 0.6683589999999999 0.415625 0.6683589999999999 0.427344 0.6574220000000001 0.44531200000000004 0.654297 0.471094 0.649609 0.484375 0.648047 0.508594 0.646094 0.513672 0.640234 0.514062 0.640234 0.535156 0.648047 0.5375 0.6574220000000001 0.572656 0.669531 0.5730470000000001
0 0.307813 0.21718700000000002 0.307813 0.23125 0.30625 0.23125 0.30468799999999996 0.22343700000000002 0.302344 0.22265600000000002 0.3 0.225 0.3 0.235156 0.303906 0.23593799999999998 0.307813 0.234375 0.310937 0.244531 0.310937 0.253125 0.314844 0.254687 0.321875 0.252344 0.338281 0.240625 0.35 0.240625 0.407813 0.23046899999999998 0.419531 0.225 0.420312 0.20078100000000002 0.360938 0.198438 0.3375 0.203125 0.307813 0.21718700000000002
0 0.18359399999999998 0.533594 0.167188 0.522656 0.150781 0.517188 0.15 0.513281 0.159375 0.5125 0.159375 0.508594 0.147656 0.50625 0.13125 0.50625 0.11953100000000001 0.508594 0.114062 0.500781 0.109375 0.497656 0.109375 0.492969 0.104688 0.485938 0.09218699999999999 0.475781 0.08125 0.470313 0.065625 0.466406 0.052344 0.465625 0.044531 0.466406 0.042969 0.46796899999999997 0.042969 0.472656 0.048437999999999995 0.475781 0.060156 0.4875 0.058594 0.490625 0.036719 0.494531 0.034375 0.496875 0.033594 0.502344 0.04375 0.5125 0.050781 0.515625 0.053125 0.51875 0.094531 0.535938 0.09531300000000001 0.542969 0.101562 0.539844 0.11484399999999999 0.526562 0.11875 0.526562 0.124219 0.532813 0.13671899999999998 0.5375 0.151563 0.548438 0.18125 0.564063 0.19531199999999999 0.566406 0.19921899999999998 0.564063 0.2 0.559375 0.190625 0.540625 0.18359399999999998 0.533594
0 0.364844 0.8726559999999999 0.365625 0.8804690000000001 0.36718799999999996 0.8820309999999999 0.37578100000000003 0.884375 0.383594 0.878125 0.394531 0.8570309999999999 0.396875 0.8453120000000001 0.384375 0.847656 0.377344 0.853125 0.364844 0.8726559999999999
0 0.603125 0.186719 0.6 0.161719 0.596875 0.155469 0.58125 0.139062 0.58125 0.135156 0.584375 0.129687 0.589062 0.096875 0.585156 0.069531 0.582813 0.061719 0.573437 0.046875 0.564063 0.039844000000000004 0.557031 0.038280999999999996 0.555469 0.040625 0.55625 0.061719 0.559375 0.09218699999999999 0.565625 0.1125 0.567969 0.132031 0.574219 0.139062 0.572656 0.15859399999999998 0.575 0.170312 0.583594 0.19375 0.592187 0.197656 0.595313 0.20781200000000002 0.6 0.210156 0.601562 0.208594 0.605469 0.189063 0.603125 0.186719
0 0.7984370000000001 0.346875 0.794531 0.352344 0.785156 0.355469 0.771875 0.353906 0.769531 0.348437 0.760156 0.34453100000000003 0.739063 0.34296899999999997 0.7375 0.341406 0.715625 0.341406 0.711719 0.339844 0.70625 0.333594 0.694531 0.325 0.678125 0.317187 0.665625 0.314063 0.624219 0.314063 0.613281 0.317187 0.614844 0.324219 0.628125 0.32890600000000003 0.639844 0.33593799999999996 0.646875 0.3375 0.654687 0.34296899999999997 0.667969 0.345313 0.671875 0.35 0.69375 0.3625 0.708594 0.37421899999999997 0.720313 0.378906 0.730469 0.388281 0.73125 0.392969 0.729687 0.397656 0.732031 0.400781 0.749219 0.401563 0.7640629999999999 0.397656 0.780469 0.396875 0.792187 0.390625 0.8070309999999999 0.372656 0.8117190000000001 0.35859399999999997 0.8109379999999999 0.35 0.803125 0.346875 0.7984370000000001 0.346875
0 0.93125 0.192187 0.929688 0.18125 0.926562 0.173438 0.928125 0.16953100000000002 0.9117190000000001 0.149219 0.9007809999999999 0.139844 0.8921870000000001 0.135156 0.8679690000000001 0.12734399999999998 0.855469 0.126563 0.8539059999999999 0.13125 0.8773440000000001 0.15625 0.896875 0.182813 0.9078120000000001 0.20468799999999998 0.9125 0.22031299999999998 0.9125 0.228125 0.9148440000000001 0.23046899999999998 0.917969 0.22968799999999998 0.925781 0.22031299999999998 0.9304690000000001 0.210156 0.93125 0.192187
0 0.46093799999999996 0.654687 0.454688 0.660156 0.450781 0.660156 0.44375 0.653125 0.42968799999999996 0.644531 0.420312 0.64375 0.416406 0.641406 0.41406200000000004 0.642188 0.415625 0.649219 0.419531 0.64375 0.42109399999999997 0.65 0.425 0.653906 0.421875 0.657813 0.42109399999999997 0.670312 0.4125 0.670312 0.396875 0.696875 0.382031 0.711719 0.37578100000000003 0.725 0.361719 0.727344 0.341406 0.735938 0.321875 0.7515620000000001 0.300781 0.775 0.301562 0.780469 0.315625 0.7796879999999999 0.317187 0.7828120000000001 0.309375 0.791406 0.303125 0.8023440000000001 0.292188 0.8140620000000001 0.291406 0.8265629999999999 0.292969 0.835938 0.296875 0.839062 0.30468799999999996 0.839062 0.334375 0.8335940000000001 0.35859399999999997 0.817188 0.367969 0.804688 0.36875 0.799219 0.37578100000000003 0.785156 0.376563 0.778906 0.382031 0.767969 0.38281200000000004 0.755469 0.385938 0.748437 0.401563 0.739844 0.423438 0.739063 0.46875 0.710938 0.490625 0.6875 0.503906 0.6625 0.507812 0.647656 0.50625 0.642969 0.482812 0.646875 0.466406 0.654687 0.46093799999999996 0.654687
0 0.11171899999999998 0.227344 0.09218699999999999 0.219531 0.072656 0.21718700000000002 0.0625 0.217969 0.053125 0.22109399999999998 0.049219 0.225 0.049219 0.23046899999999998 0.05625 0.23671899999999998 0.077344 0.24531299999999998 0.094531 0.24765600000000002 0.12265600000000002 0.25781200000000004 0.13125 0.257031 0.135938 0.252344 0.134375 0.24375 0.129687 0.2375 0.11171899999999998 0.227344
0 0.242188 0.21406299999999998 0.23671899999999998 0.20625 0.22968799999999998 0.19921899999999998 0.221875 0.194531 0.198438 0.188281 0.19140600000000002 0.188281 0.18984399999999998 0.19375 0.19531199999999999 0.203125 0.20546899999999998 0.213281 0.22109399999999998 0.224219 0.23671899999999998 0.24375 0.241406 0.244531 0.24531299999999998 0.23671899999999998 0.24531299999999998 0.22265600000000002 0.242188 0.21406299999999998
0 0.8890629999999999 0.650781 0.851562 0.629688 0.8296870000000001 0.625781 0.8296870000000001 0.607031 0.820312 0.597656 0.803125 0.591406 0.789062 0.591406 0.790625 0.596875 0.8023440000000001 0.6125 0.81875 0.621875 0.821875 0.625781 0.8265629999999999 0.627344 0.824219 0.635937 0.828125 0.642969 0.8335940000000001 0.647656 0.8570309999999999 0.661719 0.870312 0.671875 0.8765620000000001 0.672656 0.8898440000000001 0.678125 0.8976559999999999 0.678906 0.8992190000000001 0.675 0.898438 0.663281 0.8890629999999999 0.650781
0 0.7 0.551563 0.680469 0.557812 0.667969 0.565625 0.666406 0.571094 0.670312 0.573437 0.686719 0.573437 0.699219 0.570312 0.7125 0.560937 0.714844 0.555469 0.714844 0.548438 0.713281 0.546094 0.710156 0.546094 0.7 0.551563
0 0.4375 0.707813 0.425 0.705469 0.416406 0.707031 0.411719 0.711719 0.410937 0.717187 0.401563 0.732031 0.400781 0.736719 0.408594 0.740625 0.425 0.738281 0.44531200000000004 0.725781 0.464844 0.708594 0.454688 0.708594 0.45234399999999997 0.707031 0.4375 0.707813
0 0.557031 0.8109379999999999 0.560156 0.800781 0.560156 0.790625 0.551563 0.769531 0.541406 0.755469 0.53125 0.745312 0.510937 0.729687 0.496094 0.724219 0.492969 0.721094 0.494531 0.716406 0.485938 0.709375 0.482812 0.702344 0.479688 0.700781 0.47656200000000004 0.701562 0.46875 0.709375 0.450781 0.721875 0.449219 0.725781 0.471094 0.749219 0.486719 0.757812 0.491406 0.76875 0.503125 0.7828120000000001 0.514844 0.8039059999999999 0.5375 0.83125 0.559375 0.8492190000000001 0.563281 0.848438 0.565625 0.8453120000000001 0.565625 0.832031 0.557031 0.8109379999999999
0 0 0.395312 0.00625 0.39375 0.013281000000000001 0.389062 0.030469000000000003 0.369531 0.052344 0.365625 0.06875 0.36015600000000003 0.075 0.350781 0.07421900000000001 0.346875 0.06640599999999999 0.34296899999999997 0.051562 0.34296899999999997 0.047656 0.340625 0.021093999999999998 0.35859399999999997 0.017188000000000002 0.35859399999999997 0.008594000000000001 0.366406 0.0023439999999999997 0.377344 0 0.378125 0 0.395312
0 0.089063 0.26640600000000003 0.06875 0.259375 0.058594 0.259375 0.039062 0.263281 0.023438 0.271094 0.014844 0.278125 0.017188000000000002 0.282813 0.022656000000000003 0.283594 0.069531 0.282813 0.09765599999999999 0.285937 0.1 0.283594 0.096094 0.277344 0.09531300000000001 0.272656 0.089063 0.26640600000000003
0 0.309375 0.353906 0.308594 0.332031 0.303125 0.317187 0.29375 0.30468799999999996 0.284375 0.299219 0.275 0.29765600000000003 0.27343799999999996 0.3 0.27343799999999996 0.310156 0.278125 0.332812 0.278906 0.360938 0.28125 0.377344 0.286719 0.39843799999999996 0.292188 0.400781 0.303125 0.380469 0.307031 0.367969 0.309375 0.353906
0 0.032031 0.729687 0.023438 0.719531 0.017969 0.708594 0.013281000000000001 0.710156 0.011719 0.717969 0.013281000000000001 0.73125 0.019531 0.745312 0.024218999999999997 0.752344 0.036719 0.7640629999999999 0.053125 0.775 0.055469000000000004 0.771094 0.049219 0.75625 0.032031 0.729687
0 0.06640599999999999 0.9304690000000001 0.061719 0.926562 0.054688 0.9242190000000001 0.048437999999999995 0.917969 0.045312000000000005 0.910156 0.038280999999999996 0.9 0.035937000000000004 0.885938 0.040625 0.8601559999999999 0.04375 0.8578129999999999 0.041406 0.851562 0.040625 0.828125 0.030469000000000003 0.7953129999999999 0.021875 0.783594 0.017188000000000002 0.7828120000000001 0.011719 0.8101559999999999 0.010938 0.8265629999999999 0.0125 0.8460940000000001 0.01875 0.8734379999999999 0.021875 0.878906 0.03125 0.8851559999999999 0.032031 0.8898440000000001 0.03125 0.8976559999999999 0.028905999999999998 0.9 0.021093999999999998 0.9 0.017188000000000002 0.903125 0.016406 0.9125 0.021093999999999998 0.925781 0.033594 0.9375 0.039062 0.949219 0.046875 0.957031 0.060937 0.964844 0.06875 0.965625 0.075 0.95625 0.075 0.945312 0.06640599999999999 0.9304690000000001
0 0.24531299999999998 0.660156 0.23281200000000002 0.658594 0.217969 0.659375 0.198438 0.663281 0.192969 0.66875 0.197656 0.682031 0.20156200000000002 0.684375 0.219531 0.688281 0.26484399999999997 0.689063 0.267969 0.686719 0.26875 0.673438 0.265625 0.66875 0.24531299999999998 0.660156
0 0.24765600000000002 0.689063 0.23203100000000002 0.692188 0.194531 0.708594 0.180469 0.722656 0.16015600000000002 0.732031 0.15 0.739063 0.130469 0.735938 0.109375 0.754688 0.105469 0.763281 0.10625 0.767969 0.109375 0.772656 0.121094 0.771875 0.12734399999999998 0.7671870000000001 0.141406 0.764844 0.171875 0.750781 0.182813 0.740625 0.189063 0.729687 0.18984399999999998 0.724219 0.215625 0.721875 0.252344 0.713281 0.265625 0.705469 0.269531 0.699219 0.269531 0.694531 0.267188 0.691406 0.261719 0.689844 0.24765600000000002 0.689063
0 0.36718799999999996 0.625781 0.361719 0.626563 0.349219 0.636719 0.341406 0.635937 0.332812 0.640625 0.307813 0.660938 0.307031 0.666406 0.309375 0.671094 0.31328100000000003 0.672656 0.319531 0.671875 0.332812 0.666406 0.346094 0.654687 0.349219 0.64375 0.361719 0.64375 0.370313 0.639062 0.38125 0.629688 0.3875 0.61875 0.384375 0.616406 0.377344 0.61875 0.36718799999999996 0.625781
0 0.334375 0.570312 0.329688 0.571094 0.303906 0.591406 0.303125 0.596094 0.305469 0.597656 0.317969 0.597656 0.336719 0.590625 0.360938 0.574219 0.366406 0.56875 0.366406 0.564063 0.357812 0.560937 0.35156200000000004 0.561719 0.334375 0.570312
0 0.457031 0.134375 0.433594 0.171875 0.42265600000000003 0.196875 0.419531 0.20078100000000002 0.416406 0.20078100000000002 0.41875 0.203906 0.41875 0.217969 0.415625 0.22109399999999998 0.415625 0.226562 0.396875 0.234375 0.39140600000000003 0.25625 0.380469 0.279687 0.378906 0.29375 0.380469 0.29609399999999997 0.390625 0.285937 0.40546899999999997 0.264062 0.411719 0.252344 0.417188 0.23203100000000002 0.421875 0.226562 0.444531 0.211719 0.4625 0.18984399999999998 0.478125 0.15625 0.484375 0.124219 0.482812 0.11171899999999998 0.478125 0.113281 0.46953100000000003 0.120313 0.457031 0.134375
0 0.671094 0 0.665625 0.027344 0.651562 0.060937 0.651562 0.069531 0.653906 0.07421900000000001 0.658594 0.075781 0.665625 0.073438 0.667969 0.07421900000000001 0.667969 0.085156 0.669531 0.0875 0.674219 0.0875 0.679688 0.084375 0.686719 0.075 0.690625 0.064844 0.694531 0.036719 0.704688 0.015625 0.708594 0 0.671094 0
0 0.871094 0.395312 0.871875 0.378125 0.870312 0.369531 0.865625 0.35859399999999997 0.854687 0.341406 0.8507809999999999 0.3375 0.8460940000000001 0.338281 0.8375 0.335156 0.83125 0.338281 0.8296870000000001 0.34296899999999997 0.84375 0.404687 0.8429690000000001 0.423438 0.839844 0.432813 0.839844 0.43671899999999997 0.8429690000000001 0.4375 0.8570309999999999 0.428125 0.864063 0.415625 0.871094 0.395312
0 0.9398440000000001 0.654687 0.921875 0.639062 0.9132809999999999 0.634375 0.90625 0.634375 0.9046879999999999 0.636719 0.9054690000000001 0.642969 0.9234370000000001 0.671094 0.9382809999999999 0.6875 0.9429690000000001 0.689844 0.9523440000000001 0.688281 0.954688 0.685156 0.954688 0.678125 0.9398440000000001 0.654687
0 0.784375 0.8921870000000001 0.791406 0.884375 0.796094 0.870312 0.796875 0.8507809999999999 0.79375 0.8296870000000001 0.783594 0.8109379999999999 0.780469 0.800781 0.780469 0.794531 0.771094 0.790625 0.766406 0.79375 0.764844 0.797656 0.7671870000000001 0.8296870000000001 0.766406 0.839844 0.76875 0.854687 0.76875 0.878906 0.771094 0.894531 0.777344 0.901563 0.778125 0.9046879999999999 0.780469 0.9054690000000001 0.780469 0.9007809999999999 0.783594 0.8976559999999999 0.784375 0.8921870000000001
0 0.840625 0.8851559999999999 0.8132809999999999 0.886719 0.809375 0.8890629999999999 0.796875 0.890625 0.789062 0.89375 0.785156 0.898438 0.784375 0.9085940000000001 0.788281 0.9132809999999999 0.8195309999999999 0.9117190000000001 0.8460940000000001 0.9046879999999999 0.8523440000000001 0.9007809999999999 0.853125 0.8960940000000001 0.851562 0.890625 0.848438 0.8875 0.840625 0.8851559999999999
2 0.48867200000000005 0.458594 0.496484 0.442187 0.504297 0.441406 0.504297 0.409375 0.490625 0.40898399999999996 0.49023399999999995 0.416406 0.478125 0.42304700000000006 0.46054700000000004 0.44375 0.45429700000000006 0.454688 0.45429700000000006 0.461719 0.446484 0.464063 0.446875 0.47929700000000003 0.474219 0.47929700000000003 0.47460899999999995 0.473437 0.48867200000000005 0.458594
1 0.032812999999999995 0.023047 0.116797 0.022656000000000003 0.11640600000000001 0.012109 0.082812 0.0058590000000000005 0.07617199999999999 0.000781 0.015234000000000001 0.000781 0.015625 0.007422 0.021093999999999998 0.007422 0.032422 0.015625 0.032812999999999995 0.023047
1 0.919922 0.265625 0.918359 0.277344 0.908984 0.295312 0.910937 0.310547 0.929297 0.310156 0.9289059999999999 0.265234 0.919922 0.265625
2 0.357031 0.354297 0.358984 0.340625 0.366797 0.338281 0.366797 0.292188 0.35 0.290234 0.344922 0.29375 0.341797 0.305469 0.333984 0.307813 0.333984 0.34296899999999997 0.343359 0.346875 0.34375 0.354297 0.357031 0.354297
1 0.862109 0.8453120000000001 0.8851559999999999 0.8449220000000001 0.888672 0.840625 0.8765620000000001 0.8386720000000001 0.8578129999999999 0.8292970000000001 0.8527340000000001 0.821875 0.8679690000000001 0.8136720000000001 0.879687 0.801172 0.8914059999999999 0.794922 0.896875 0.787109 0.904297 0.786719 0.904297 0.740625 0.890625 0.740234 0.888672 0.750781 0.882422 0.754688 0.882422 0.758594 0.8683590000000001 0.778906 0.8460940000000001 0.801172 0.819922 0.8140620000000001 0.835547 0.853125 0.841797 0.8914059999999999 0.8585940000000001 0.8917970000000001 0.862109 0.8453120000000001
2 0.742969 0.43867200000000006 0.753125 0.42773399999999995 0.7605470000000001 0.427344 0.7605470000000001 0.396875 0.742188 0.396484 0.739844 0.404297 0.721875 0.41210899999999995 0.695312 0.43242200000000003 0.691406 0.43867200000000006 0.6839839999999999 0.439063 0.684375 0.45429700000000006 0.724219 0.45429700000000006 0.726562 0.446484 0.742969 0.43867200000000006
1 0.216797 1 0.216797 0.99375 0.209375 0.9933590000000001 0.20273400000000003 0.9835940000000001 0.20273400000000003 0.965625 0.19960899999999998 0.9617190000000001 0.19921899999999998 0.9527340000000001 0.193359 0.953125 0.193359 0.9601559999999999 0.190234 0.960938 0.180859 0.980469 0.171484 0.984375 0.171484 0.9929690000000001 0.178906 0.9933590000000001 0.185547 1 0.216797 1
2 0.8683590000000001 0.46093799999999996 0.888672 0.496875 0.888672 0.503906 0.9039059999999999 0.504297 0.904297 0.471875 0.898047 0.471094 0.8902340000000001 0.448438 0.8855470000000001 0.446094 0.888672 0.440625 0.86875 0.433984 0.8679690000000001 0.42773399999999995 0.8652340000000001 0.428125 0.8648440000000001 0.433984 0.840234 0.439063 0.840625 0.44335899999999995 0.8460940000000001 0.44335899999999995 0.8601559999999999 0.451172 0.8683590000000001 0.46093799999999996
1 0.980859 0.648438 0.98125 0.654297 0.998047 0.653906 0.998047 0.634375 0.990625 0.633984 0.988672 0.628125 0.9820309999999999 0.623047 0.9679690000000001 0.616797 0.95 0.616797 0.9476559999999999 0.6199220000000001 0.940234 0.620312 0.940625 0.623047 0.9523440000000001 0.6261720000000001 0.972656 0.640234 0.980859 0.648438
1 1 0.685547 0.953125 0.685547 0.9152340000000001 0.701562 0.915625 0.710547 1 0.710547 1 0.685547
1 0.65625 0.933984 0.677344 0.9371090000000001 0.680859 0.940625 0.68125 0.9480470000000001 0.6996089999999999 0.9476559999999999 0.6996089999999999 0.939063 0.69375 0.9371090000000001 0.677344 0.918359 0.653125 0.904297 0.652344 0.8964840000000001 0.627734 0.896875 0.627734 0.9054690000000001 0.633594 0.9058590000000001 0.643359 0.9226559999999999 0.65625 0.933984
1 0.472656 0.840234 0.473437 0.848047 0.5480470000000001 0.847656 0.547656 0.835547 0.532813 0.8339840000000001 0.524219 0.8371090000000001 0.504688 0.8371090000000001 0.492969 0.826172 0.46093799999999996 0.810547 0.458594 0.8027340000000001 0.433984 0.803125 0.433984 0.8132809999999999 0.439844 0.8136720000000001 0.454688 0.832422 0.472656 0.840234
1 0.124609 0.051562 0.124609 0.060156 0.16015600000000002 0.060547 0.1625 0.052734 0.20078100000000002 0.030858999999999998 0.22343700000000002 0.007422 0.23671899999999998 0.008984 0.253906 0.0058590000000000005 0.254297 0.000781 0.19492199999999998 0.000781 0.192969 0.0042970000000000005 0.184375 0.0058590000000000005 0.14843800000000001 0.024609 0.124609 0.051562
1 0.435156 0.9839840000000001 0.440625 0.998047 0.45273399999999997 0.9976559999999999 0.449609 0.978125 0.454688 0.9683590000000001 0.46054700000000004 0.9679690000000001 0.460156 0.9636720000000001 0.434375 0.9683590000000001 0.413281 0.9542970000000001 0.404297 0.95625 0.40585899999999997 0.9664059999999999 0.420312 0.982422 0.426562 0.9855470000000001 0.435156 0.9839840000000001
2 0.967187 0.44179700000000005 0.973047 0.441406 0.972656 0.404297 0.9636720000000001 0.40625 0.9542970000000001 0.430469 0.9464840000000001 0.432813 0.9464840000000001 0.45390600000000003 0.9617190000000001 0.45429700000000006 0.9621090000000001 0.446875 0.967187 0.44179700000000005
1 0.260156 0.073047 0.260547 0.048437999999999995 0.254687 0.048047 0.254297 0.04375 0.260547 0.042969 0.260547 0.029687 0.23398400000000003 0.029687 0.23398400000000003 0.041406 0.24179699999999998 0.04375 0.246484 0.072656 0.260156 0.073047
0 0.773047 0.272656 0.786719 0.273047 0.790234 0.254687 0.794922 0.249219 0.794922 0.23281200000000002 0.787109 0.21406299999999998 0.810547 0.20703100000000002 0.810547 0.1875 0.7980470000000001 0.18515600000000002 0.799609 0.165625 0.796875 0.165234 0.796484 0.171094 0.789844 0.17929699999999998 0.766406 0.18398399999999998 0.757812 0.180859 0.752734 0.182813 0.748047 0.190625 0.748047 0.203906 0.765234 0.21718700000000002 0.768359 0.225 0.773047 0.272656
1 0.799609 0.078125 0.801172 0.091406 0.8132809999999999 0.09179699999999999 0.8136720000000001 0.07656199999999999 0.808984 0.067969 0.804297 0.045312000000000005 0.8273440000000001 0.037108999999999996 0.8421879999999999 0.027733999999999998 0.847656 0.027733999999999998 0.848047 0.009375 0.835938 0.008984 0.832031 0.018359 0.8195309999999999 0.023047 0.7777339999999999 0.025 0.7777339999999999 0.038280999999999996 0.783594 0.038672 0.788672 0.045312000000000005 0.799609 0.078125
1 1 0.21835900000000003 0.979687 0.215234 0.9746090000000001 0.211719 0.9683590000000001 0.171875 0.964063 0.171484 0.9636720000000001 0.178906 0.9589840000000001 0.184375 0.957422 0.202344 0.9433590000000001 0.22031299999999998 0.9433590000000001 0.228906 1 0.229297 1 0.21835900000000003
2 0.343359 0.760156 0.348047 0.748437 0.354688 0.741797 0.379297 0.735156 0.379297 0.721875 0.35156200000000004 0.721484 0.350781 0.7292970000000001 0.340625 0.732422 0.32031200000000004 0.749609 0.29765600000000003 0.7761720000000001 0.290234 0.776562 0.290625 0.785547 0.321094 0.785547 0.321484 0.778125 0.343359 0.760156
2 0.650781 0.394922 0.659375 0.383984 0.6667970000000001 0.383594 0.666406 0.34023400000000004 0.655859 0.340625 0.6511720000000001 0.353906 0.6355470000000001 0.370313 0.6105470000000001 0.40625 0.610938 0.41679700000000003 0.628906 0.41679700000000003 0.629688 0.40898399999999996 0.650781 0.394922
1 0.059375 0.46054700000000004 0.09765599999999999 0.46054700000000004 0.09765599999999999 0.44335899999999995 0.089063 0.44335899999999995 0.085156 0.44804700000000003 0.073438 0.44804700000000003 0.060547 0.439844 0.055859000000000006 0.41875 0.049609 0.410156 0.049609 0.403125 0.041797 0.403125 0.041797 0.441406 0.048047 0.449219 0.058594 0.45273399999999997 0.059375 0.46054700000000004
1 0.288672 0.17578100000000002 0.282422 0.184375 0.284375 0.191797 0.307031 0.198047 0.307813 0.204297 0.354297 0.203906 0.353906 0.18398399999999998 0.34375 0.18398399999999998 0.334375 0.191797 0.31328100000000003 0.177734 0.30468799999999996 0.177734 0.304297 0.160937 0.291797 0.146094 0.291797 0.140625 0.271484 0.140625 0.271484 0.149219 0.278906 0.149609 0.290234 0.165625 0.288672 0.17578100000000002
1 0.07656199999999999 0.710547 0.116797 0.710156 0.116797 0.7 0.11093800000000001 0.6996089999999999 0.101172 0.685156 0.099219 0.646484 0.09531300000000001 0.646484 0.088672 0.65625 0.083594 0.6824220000000001 0.0625 0.6824220000000001 0.058594 0.6886720000000001 0.052734 0.689063 0.053125 0.691797 0.060156 0.691797 0.072656 0.701172 0.07656199999999999 0.710547
1 0.5574220000000001 0.9289059999999999 0.560547 0.909375 0.5792970000000001 0.9070309999999999 0.5792970000000001 0.895312 0.557812 0.8917970000000001 0.555469 0.8839840000000001 0.548438 0.8839840000000001 0.5433589999999999 0.9007809999999999 0.530859 0.9210940000000001 0.516406 0.9386720000000001 0.508984 0.939063 0.509375 0.9542970000000001 0.535156 0.9542970000000001 0.535547 0.948438 0.5574220000000001 0.9289059999999999
1 0.973047 0.910156 0.972656 0.8902340000000001 0.9304690000000001 0.8808590000000001 0.903125 0.882422 0.8996090000000001 0.8804690000000001 0.8992190000000001 0.871484 0.8890629999999999 0.871484 0.888672 0.8851559999999999 0.8851559999999999 0.888672 0.877734 0.8890629999999999 0.877734 0.8960940000000001 0.8960940000000001 0.902734 0.898438 0.910547 0.973047 0.910156
1 0.362109 0.408594 0.365625 0.396484 0.383594 0.398047 0.392969 0.394922 0.419531 0.379297 0.43242200000000003 0.366406 0.434375 0.360547 0.44179700000000005 0.36015600000000003 0.44179700000000005 0.334375 0.425 0.333984 0.42265600000000003 0.341797 0.403125 0.351172 0.378906 0.37148400000000004 0.364062 0.379297 0.349219 0.399609 0.315234 0.415625 0.315625 0.42304700000000006 0.353906 0.42304700000000006 0.354297 0.417188 0.362109 0.408594
1 0.733984 0.192187 0.772656 0.16835899999999998 0.7796879999999999 0.158984 0.785547 0.15859399999999998 0.785547 0.128125 0.770313 0.127734 0.767969 0.135547 0.745312 0.149609 0.7308589999999999 0.16406199999999999 0.7136720000000001 0.192969 0.708594 0.198047 0.702734 0.198438 0.702734 0.241406 0.714844 0.24179699999999998 0.718359 0.226562 0.733984 0.192187
0 0.83125 0.296875 0.8140620000000001 0.310156 0.79375 0.33125 0.778125 0.34375 0.7671870000000001 0.345313 0.757812 0.342187 0.747656 0.34296899999999997 0.711719 0.340625 0.704688 0.34296899999999997 0.702344 0.346094 0.710938 0.350781 0.755469 0.360938 0.7796879999999999 0.360938 0.785938 0.357812 0.794531 0.357812 0.8109379999999999 0.35 0.8265629999999999 0.339063 0.8523440000000001 0.315625 0.859375 0.30468799999999996 0.863281 0.28906200000000004 0.8617190000000001 0.286719 0.8421879999999999 0.291406 0.83125 0.296875
0 0.808594 0.953125 0.804688 0.94375 0.794531 0.9273440000000001 0.7875 0.9203129999999999 0.785156 0.9203129999999999 0.782031 0.9164059999999999 0.778906 0.915625 0.776562 0.91875 0.776562 0.9320309999999999 0.785156 0.9585940000000001 0.7984370000000001 0.98125 0.8101559999999999 0.992188 0.8148440000000001 0.992188 0.815625 0.9875 0.809375 0.96875 0.808594 0.953125
0 0.31328100000000003 0.255469 0.310937 0.253125 0.310156 0.23046899999999998 0.308594 0.22031299999999998 0.30625 0.21718700000000002 0.302344 0.21718700000000002 0.299219 0.22343700000000002 0.295312 0.251563 0.289844 0.272656 0.289844 0.279687 0.2875 0.282813 0.28906200000000004 0.288281 0.298438 0.291406 0.314844 0.283594 0.309375 0.267969 0.31328100000000003 0.255469
0 0.64375 0.120313 0.61875 0.159375 0.617188 0.16796899999999998 0.610156 0.184375 0.607031 0.20468799999999998 0.611719 0.20468799999999998 0.623437 0.196875 0.640625 0.17578100000000002 0.669531 0.125781 0.671094 0.126563 0.672656 0.139062 0.678906 0.139062 0.680469 0.125 0.676563 0.098437 0.674219 0.092969 0.661719 0.09375 0.651562 0.103125 0.64375 0.120313
0 0.189063 0.71875 0.1875 0.720313 0.19531199999999999 0.725781 0.20156200000000002 0.727344 0.221875 0.728125 0.23593799999999998 0.726562 0.242969 0.73125 0.24843700000000002 0.729687 0.252344 0.721094 0.25078100000000003 0.713281 0.22343700000000002 0.71875 0.189063 0.71875
0 0.099219 0.18984399999999998 0.085938 0.18984399999999998 0.072656 0.19531199999999999 0.067969 0.19531199999999999 0.067969 0.189063 0.0625 0.1875 0.0625 0.194531 0.065625 0.196875 0.060156 0.202344 0.057031 0.197656 0.052344 0.2 0.052344 0.20546899999999998 0.054688 0.20625 0.055469000000000004 0.213281 0.10703100000000002 0.210156 0.125781 0.20546899999999998 0.125 0.20078100000000002 0.121875 0.198438 0.099219 0.18984399999999998
0 0.370313 0.553125 0.36875 0.55625 0.369531 0.560156 0.385938 0.560156 0.407813 0.555469 0.41406200000000004 0.55 0.414844 0.544531 0.392188 0.544531 0.377344 0.547656 0.370313 0.553125
0 0.35156200000000004 0.688281 0.330469 0.683594 0.32734399999999997 0.68125 0.328125 0.677344 0.325781 0.673438 0.310937 0.673438 0.303125 0.66875 0.299219 0.677344 0.294531 0.675 0.292969 0.677344 0.292969 0.682031 0.290625 0.685937 0.294531 0.69375 0.302344 0.7 0.307031 0.7 0.31328100000000003 0.703906 0.35625 0.720313 0.37421899999999997 0.721875 0.376563 0.720313 0.376563 0.7125 0.357812 0.6875 0.35156200000000004 0.688281
3 0.675781 0.630469 0.655469 0.63125 0.650781 0.623437 0.650781 0.603906 0.646094 0.601562 0.642188 0.608594 0.635156 0.634375 0.630469 0.6375 0.622656 0.6375 0.607031 0.647656 0.596875 0.651562 0.594531 0.653906 0.594531 0.658594 0.600781 0.659375 0.628125 0.650781 0.635156 0.650781 0.639844 0.653125 0.646094 0.661719 0.651562 0.664844 0.6625 0.666406 0.675 0.671094 0.697656 0.673438 0.701562 0.671875 0.702344 0.66875 0.690625 0.658594 0.705469 0.654687 0.710156 0.650781 0.711719 0.64375 0.707813 0.639844 0.689063 0.632031 0.675781 0.630469
0 0.9070309999999999 0.592187 0.903125 0.614063 0.9039059999999999 0.628906 0.9085940000000001 0.625781 0.9148440000000001 0.614844 0.917969 0.594531 0.917188 0.588281 0.9203129999999999 0.585156 0.9195309999999999 0.579688 0.915625 0.579688 0.9117190000000001 0.583594 0.9070309999999999 0.592187
0 0.710938 0.29609399999999997 0.703125 0.3 0.685156 0.317969 0.685937 0.32031200000000004 0.704688 0.332812 0.710156 0.332031 0.714844 0.32890600000000003 0.726562 0.315625 0.735938 0.298438 0.738281 0.275 0.735938 0.27343799999999996 0.732812 0.275 0.710938 0.29609399999999997
0 0.664062 0.21640600000000002 0.639062 0.240625 0.636719 0.24765600000000002 0.6375 0.252344 0.647656 0.252344 0.664844 0.246875 0.689844 0.23125 0.696094 0.225781 0.696875 0.211719 0.689844 0.20625 0.685156 0.20546899999999998 0.664062 0.21640600000000002
0 0 0.674219 0.025 0.689844 0.033594 0.689844 0.032812999999999995 0.677344 0.022656000000000003 0.657813 0.005469 0.642969 0 0.640625 0 0.674219