2 0.629687 0.044531 0.634375 0.051562 0.645312 0.058594 0.657031 0.069531 0.68125 0.082031 0.686719 0.080469 0.684375 0.076563 0.685937 0.070312 0.682813 0.064062 0.664062 0.048438 0.646875 0.042969 0.633594 0.042969
1 0.51875 0.250781 0.521875 0.257031 0.533594 0.266406 0.560937 0.273438 0.5625 0.267969 0.56875 0.260937 0.56875 0.257812 0.546094 0.257031 0.526563 0.25
0 0.449219 0.224219 0.446875 0.22343799999999997 0.435156 0.23046899999999998 0.419531 0.244531 0.41093799999999997 0.2625 0.404687 0.271094 0.403906 0.276562 0.4125 0.274219 0.424219 0.267188 0.428125 0.260937 0.428125 0.25625 0.440625 0.25 0.45 0.23671899999999998 0.450781 0.228906
1 0.550781 0.907813 0.533594 0.901563 0.521094 0.902344 0.513281 0.9070310000000001 0.49375 0.932813 0.49921899999999997 0.934375 0.509375 0.932813 0.519531 0.9289059999999999 0.533594 0.9210939999999999 0.532031 0.914062 0.533594 0.910156 0.549219 0.909375
0 0.032813 0.059375 0.038281 0.073438 0.042969 0.09375 0.055469000000000004 0.091406 0.080469 0.077344 0.084375 0.077344 0.088281 0.080469 0.11875 0.089063 0.136719 0.089844 0.152344 0.088281 0.157031 0.084375 0.145313 0.071875 0.132031 0.064062 0.11953100000000001 0.060156 0.098437 0.060937 0.092969 0.057031 0.0875 0.058594 0.078125 0.047656 0.075 0.047656 0.074219 0.05 0.080469 0.060937 0.078906 0.0625 0.054688 0.053905999999999996 0.034375 0.05625
0 0.33125 0.1375 0.323437 0.133594 0.307812 0.133594 0.297656 0.136719 0.290625 0.142187 0.278906 0.157031 0.270313 0.172656 0.269531 0.182031 0.275781 0.182031 0.291406 0.170313 0.292969 0.157812 0.313281 0.15625 0.326562 0.150781 0.33125 0.145313
0 0.199219 0.180469 0.196875 0.183594 0.196094 0.20078100000000002 0.194531 0.203125 0.189062 0.204687 0.189062 0.210156 0.191406 0.211719 0.192969 0.217188 0.196875 0.220312 0.202344 0.22109399999999998 0.208594 0.219531 0.210156 0.22109399999999998 0.20625 0.22968700000000003 0.2125 0.239844 0.220312 0.24609399999999998 0.23203100000000002 0.246875 0.242188 0.252344 0.257812 0.264844 0.270313 0.271875 0.278906 0.275 0.288281 0.275 0.290625 0.272656 0.291406 0.267188 0.289062 0.257812 0.285938 0.253125 0.275781 0.24375 0.264062 0.23828100000000002 0.24765600000000002 0.234375 0.235156 0.233594 0.23203100000000002 0.225 0.22343799999999997 0.215625 0.219531 0.2 0.215625 0.192188 0.20781299999999997 0.182812
0 0.20781299999999997 0.22109399999999998 0.199219 0.220312 0.186719 0.228125 0.186719 0.23125 0.182812 0.235937 0.182812 0.24375 0.175781 0.25 0.165625 0.266406 0.159375 0.288281 0.160156 0.310937 0.161719 0.317969 0.164844 0.321094 0.170313 0.320312 0.178906 0.314063 0.1875 0.304688 0.192188 0.296094 0.195312 0.280469 0.194531 0.265625 0.198437 0.260937 0.201563 0.260156 0.202344 0.254688 0.197656 0.248438 0.192969 0.25 0.190625 0.24765600000000002 0.191406 0.23828100000000002 0.192969 0.235937 0.197656 0.235937 0.20546899999999998 0.23125 0.20703100000000002 0.226562 0.209375 0.225
0 0.158594 0.304688 0.141406 0.303906 0.127344 0.307031 0.11953100000000001 0.298438 0.115625 0.299219 0.108594 0.317969 0.086719 0.340625 0.085938 0.346875 0.0875 0.353125 0.092969 0.359375 0.102813 0.365703 0.12625 0.383516 0.110703 0.360469 0.127344 0.357812 0.141406 0.35 0.158594 0.328906 0.160938 0.320312
1 0.190625 0.432031 0.190625 0.427344 0.182031 0.410156 0.179688 0.410156 0.176563 0.414844 0.171094 0.413281 0.157031 0.41406200000000004 0.140625 0.419531 0.134375 0.423438 0.1375 0.427344 0.158594 0.42656299999999997 0.178906 0.42968799999999996 0.185156 0.43281200000000003
0 0.35 0.817969 0.353125 0.8257809999999999 0.367188 0.839063 0.3875 0.849219 0.404687 0.849219 0.420312 0.8445310000000001 0.427344 0.835938 0.43125 0.838281 0.435937 0.835938 0.439844 0.839063 0.442969 0.8367190000000001 0.45625 0.8351559999999999 0.467187 0.8304690000000001 0.471094 0.83125 0.49218799999999996 0.81875 0.4875 0.816406 0.474219 0.815625 0.45234399999999997 0.817969 0.44218799999999997 0.817187 0.43125 0.821875 0.427344 0.8257809999999999 0.417969 0.81875 0.396094 0.815625 0.389062 0.8125 0.377344 0.8132810000000001 0.372656 0.810937 0.357031 0.814063
0 0.341406 0.851562 0.3375 0.855469 0.327344 0.875 0.324219 0.8875 0.324219 0.8976559999999999 0.326562 0.90625 0.333594 0.9148440000000001 0.333594 0.921875 0.339062 0.941406 0.342969 0.9445309999999999 0.356406 0.9624219999999999 0.353516 0.944844 0.351562 0.9289059999999999 0.351562 0.923438 0.346094 0.9195309999999999 0.34375 0.911719 0.353906 0.896875 0.35625 0.879687 0.35 0.8617190000000001 0.344531 0.853125
0 0.552344 0.692969 0.553125 0.697656 0.558594 0.702344 0.561719 0.707812 0.576562 0.717969 0.585938 0.721875 0.596094 0.722656 0.609375 0.715625 0.629687 0.732031 0.640625 0.744531 0.657813 0.753125 0.682813 0.759375 0.69375 0.760156 0.715625 0.757812 0.723437 0.754687 0.724219 0.751563 0.721094 0.747656 0.71875 0.739062 0.702344 0.721094 0.686719 0.7125 0.6625 0.703125 0.639844 0.701562 0.610938 0.702344 0.607031 0.69375 0.601562 0.688281 0.594531 0.685156 0.571875 0.685156
0 0.45781299999999997 0.608594 0.45390600000000003 0.610938 0.451562 0.621094 0.442969 0.635156 0.43828100000000003 0.649219 0.43828100000000003 0.688281 0.440625 0.695312 0.449219 0.704688 0.442969 0.708594 0.439063 0.722656 0.439063 0.742969 0.44375 0.764062 0.451562 0.776563 0.454688 0.786719 0.45781299999999997 0.789062 0.463281 0.789844 0.46953100000000003 0.76875 0.470313 0.747656 0.46796899999999997 0.735938 0.459375 0.714063 0.454688 0.708594 0.457031 0.701562 0.464844 0.694531 0.475 0.669531 0.475781 0.640625 0.466406 0.617188 0.4625 0.610938
2 0.571875 0.454688 0.577344 0.459375 0.595313 0.465625 0.602344 0.465625 0.608594 0.461719 0.607812 0.457031 0.603906 0.454688
2 0.7625 0.095312 0.765625 0.1 0.776563 0.10625 0.797656 0.128906 0.804688 0.139844 0.808594 0.139844 0.807031 0.126562 0.803125 0.11875 0.7875 0.1 0.769531 0.09375