0 0.380469 0.545312 0.378125 0.548438 0.378906 0.569531 0.382812 0.602344 0.3875 0.619531 0.386719 0.635938 0.396094 0.646094 0.42109399999999997 0.696875 0.425781 0.703125 0.428906 0.703906 0.432031 0.700781 0.43281200000000003 0.675 0.428125 0.651563 0.420312 0.636719 0.413281 0.630469 0.404687 0.628125 0.395313 0.63125 0.391406 0.630469 0.391406 0.627344 0.400781 0.610938 0.40156200000000003 0.602344 0.391406 0.566406 0.382812 0.546875
0 0.173906 0.062031 0.157812 0.06875 0.148438 0.075781 0.146094 0.079687 0.132812 0.074219 0.11875 0.075 0.107813 0.078906 0.097656 0.085938 0.091406 0.09375 0.083594 0.110937 0.084375 0.115625 0.088281 0.117188 0.09375 0.11484399999999999 0.108594 0.103125 0.121094 0.096094 0.146094 0.090625 0.153906 0.084375 0.153125 0.080469 0.154688 0.078906 0.160703 0.075 0.165469 0.071016
1 0.403906 0.18125 0.396094 0.179688 0.388281 0.191406 0.384375 0.194531 0.373437 0.194531 0.367969 0.201563 0.353125 0.213281 0.328125 0.228906 0.325781 0.23203100000000002 0.326562 0.234375 0.332031 0.235937 0.344531 0.232813 0.369531 0.22109399999999998 0.377344 0.215625 0.38125 0.20625 0.392969 0.201563 0.402344 0.189844
1 0.330469 0.12265600000000002 0.329688 0.126562 0.325781 0.128125 0.321094 0.139844 0.320312 0.15 0.317969 0.152344 0.30625 0.15625 0.3 0.161719 0.295312 0.169531 0.295312 0.183594 0.298438 0.1875 0.325 0.160938 0.325 0.153125 0.329688 0.138281
0 0.244531 0.2 0.239844 0.2 0.235156 0.202344 0.221875 0.21640600000000002 0.21484399999999998 0.22968700000000003 0.2125 0.22968700000000003 0.208594 0.220312 0.20078100000000002 0.242188 0.194531 0.267188 0.199219 0.286719 0.198437 0.294531 0.1875 0.30625 0.186719 0.310156 0.183594 0.313281 0.182812 0.35625 0.18125 0.366406 0.189062 0.38125 0.19375 0.380469 0.199219 0.361719 0.210156 0.342187 0.213281 0.324219 0.2125 0.308594 0.22109399999999998 0.303906 0.235937 0.289844 0.252344 0.24609399999999998 0.252344 0.215625 0.249219 0.20546899999999998
0 0.30625 0 0.264062 0 0.264062 0.00625 0.2625 0.007812000000000001 0.253125 0.009375 0.246875 0.0125 0.240625 0.01875 0.233594 0.032031 0.233594 0.039062 0.235937 0.041406 0.248438 0.039062 0.271875 0.023438 0.273438 0.025 0.275 0.0375 0.279687 0.041406 0.282813 0.034375 0.282031 0.023438 0.280469 0.021094 0.283594 0.017969 0.2875 0.01875 0.292187 0.0125 0.303906 0.005469
0 0.399219 0.082031 0.399219 0.0875 0.40156200000000003 0.090625 0.41406200000000004 0.1 0.425781 0.10390600000000001 0.435937 0.10390600000000001 0.44843700000000003 0.117188 0.466406 0.125 0.475 0.124219 0.47343799999999997 0.11875 0.461719 0.10390600000000001 0.461719 0.099219 0.465625 0.095312 0.454688 0.095312 0.450781 0.090625 0.44375 0.088281 0.435937 0.089844 0.432031 0.084375 0.423438 0.078906 0.402344 0.079687
0 0.413281 0.040625 0.41406200000000004 0.045312 0.41875 0.05 0.42109399999999997 0.0625 0.435156 0.080469 0.446875 0.077344 0.470313 0.085156 0.49218799999999996 0.089844 0.496875 0.088281 0.497656 0.083594 0.492969 0.072656 0.48585899999999993 0.067734 0.46953100000000003 0.064062 0.482812 0.047656 0.475547 0.051328 0.465625 0.057031 0.455469 0.064844 0.451562 0.055469000000000004 0.446094 0.049219 0.44375 0.042188 0.435937 0.03125 0.430469 0.032031 0.42265600000000003 0.039844 0.415625 0.039062
2 0.49218799999999996 0.052344 0.494531 0.057031 0.514844 0.064844 0.528125 0.066406 0.535156 0.064844 0.534375 0.061719 0.510938 0.053905999999999996 0.494531 0.05
2 0.586719 0.03125 0.585156 0.034375 0.586719 0.041406 0.585156 0.044531 0.585938 0.060156 0.584375 0.066406 0.589063 0.086719 0.588281 0.092188 0.59375 0.096094 0.594531 0.1 0.592969 0.10390600000000001 0.596094 0.107813 0.599219 0.105469 0.600781 0.099219 0.596094 0.084375 0.590625 0.053125 0.591406 0.048438 0.588281 0.03125
0 0.634375 0.12265600000000002 0.630469 0.120313 0.623437 0.11953100000000001 0.607031 0.11171899999999998 0.598437 0.11640599999999998 0.585156 0.132812 0.580469 0.142187 0.575781 0.1375 0.564063 0.146875 0.542188 0.152344 0.511719 0.173437 0.513281 0.176563 0.522656 0.176563 0.528906 0.173437 0.533594 0.174219 0.525 0.19375 0.525 0.201563 0.53125 0.197656 0.548438 0.175781 0.561719 0.163281 0.572656 0.158594 0.576562 0.153125 0.582812 0.149219 0.590625 0.150781 0.596875 0.15 0.611719 0.142969 0.625 0.134375 0.632812 0.126562
0 0.761719 0.032813 0.746094 0.021875 0.732812 0.019531 0.717187 0.019531 0.715625 0.016406 0.725 0.00625 0.724219 0 0.723437 0.002344 0.720313 0.002344 0.714063 0.007031 0.702344 0.021094 0.685937 0.035156 0.678125 0.028905999999999998 0.660937 0.029687 0.64375 0.038281 0.634375 0.045312 0.628125 0.053125 0.634375 0.055469000000000004 0.648438 0.054688 0.674219 0.049219 0.686719 0.04375 0.732031 0.04375 0.750781 0.038281 0.760156 0.0375
2 0.146094 0.421875 0.144531 0.425781 0.146094 0.439063 0.159375 0.463281 0.1625 0.46406200000000003 0.163281 0.45625 0.160156 0.442969 0.158594 0.425 0.15625 0.421875
0 0.047656 0.19375 0.038281 0.19375 0.03125 0.196875 0.004687 0.22343799999999997 0.002344 0.23046899999999998 0 0.23125 0 0.265625 0.00625 0.265625 0.016406 0.259375 0.029687 0.242969 0.048438 0.209375 0.05 0.196094
2 0.025 0.528906 0.027344 0.533594 0.058594 0.548438 0.075 0.559375 0.080469 0.560156 0.08125 0.555469 0.079687 0.551562 0.070312 0.539844 0.039062 0.528906
2 0.140625 0.677344 0.138281 0.675781 0.133594 0.678125 0.124219 0.6875 0.11171899999999998 0.692969 0.10703100000000002 0.690625 0.104688 0.696875 0.10625 0.701562 0.110937 0.705469 0.11640599999999998 0.705469 0.126562 0.701562 0.134375 0.692969
2 0.24765600000000002 0.47968700000000003 0.246875 0.482812 0.251563 0.489844 0.252344 0.494531 0.263281 0.509375 0.267969 0.511719 0.266406 0.5 0.253906 0.48359399999999997
2 0.505469 0.515625 0.501563 0.532031 0.502344 0.553125 0.505469 0.564844 0.514062 0.573438 0.51875 0.571094 0.520312 0.564063 0.511719 0.544531 0.509375 0.534375 0.508594 0.517188
2 0.392188 0.8570309999999999 0.394531 0.8617190000000001 0.42968799999999996 0.882812 0.446875 0.8898439999999999 0.44843700000000003 0.889062 0.442969 0.8742189999999999 0.42968799999999996 0.864844 0.410156 0.857812
2 0.710156 0.86875 0.7125 0.871875 0.721875 0.8757810000000001 0.748437 0.8835940000000001 0.757031 0.884375 0.7625 0.8773440000000001 0.759375 0.8726559999999999 0.741406 0.8664059999999999 0.711719 0.8664059999999999
2 0.990625 0.646094 0.9875 0.642969 0.9554690000000001 0.644531 0.9367189999999999 0.649219 0.932813 0.654687 0.9398440000000001 0.657031 0.978906 0.65
0 0.816406 0 0.809375 0.007812000000000001 0.796094 0.029687 0.79375 0.039062 0.79375 0.05 0.801562 0.084375 0.810937 0.092969 0.822656 0.094531 0.825 0.092188 0.81875 0.071875 0.8132810000000001 0.065625 0.8132810000000001 0.060156 0.817187 0.053125 0.8195309999999999 0.029687 0.822656 0.01875 0.822656 0
2 0.863281 0.10390600000000001 0.867188 0.104688 0.8820309999999999 0.10078099999999998 0.9070310000000001 0.097656 0.927344 0.092188 0.926562 0.0875 0.9125 0.083594 0.882812 0.085156 0.870313 0.091406
1 0.9085940000000001 0 0.909375 0.007031 0.917188 0.029687 0.917188 0.034375 0.9195309999999999 0.039844 0.9242190000000001 0.042188 0.926562 0.038281 0.925781 0.027344 0.927344 0.023438 0.927344 0.013280999999999998 0.923438 0
2 0.973437 0.18125 0.974219 0.186719 0.989844 0.202344 0.99375 0.202344 0.9976559999999999 0.20546899999999998 0.9976559999999999 0.20781299999999997 1 0.20781299999999997 1 0.188281 0.984375 0.18125
2 0.857812 0.321094 0.85 0.321094 0.8445310000000001 0.328125 0.835938 0.333594 0.821875 0.353906 0.8210940000000001 0.363281 0.8257809999999999 0.365625 0.8304690000000001 0.365625 0.839844 0.352344 0.84375 0.341406 0.85625 0.326562
0 0.8976559999999999 0.361719 0.896094 0.360156 0.8835940000000001 0.358594 0.8726559999999999 0.367969 0.864844 0.371875 0.8257809999999999 0.375781 0.825 0.378125 0.832031 0.384375 0.8460940000000001 0.390625 0.8617190000000001 0.391406 0.8679690000000001 0.383594 0.885938 0.382812 0.896875 0.376563 0.898438 0.373437
1 0.792188 0.375 0.791406 0.389844 0.792969 0.396875 0.796875 0.40156200000000003 0.817969 0.407813 0.829688 0.409375 0.849219 0.416406 0.853906 0.416406 0.8523440000000001 0.409375 0.84375 0.40156200000000003 0.828125 0.39375 0.8125 0.390625 0.807813 0.3875 0.802344 0.388281 0.798438 0.384375 0.796094 0.373437 0.794531 0.372656
2 0.849219 0.441406 0.8429689999999999 0.446875 0.84375 0.453125 0.864844 0.474219 0.8679690000000001 0.474219 0.8679690000000001 0.467187 0.859375 0.450781 0.853125 0.44218799999999997
0 0.721094 0.347656 0.710156 0.351562 0.686719 0.380469 0.683594 0.388281 0.684375 0.396094 0.675 0.414844 0.673438 0.42265600000000003 0.674219 0.430469 0.678906 0.43125 0.688281 0.425781 0.696094 0.415625 0.697656 0.41093799999999997 0.697656 0.396875 0.701562 0.395313 0.717187 0.371094 0.721094 0.360938
0 0.674219 0.348438 0.66875 0.348438 0.661719 0.351562 0.649219 0.365625 0.645312 0.375781 0.644531 0.3875 0.642188 0.394531 0.635156 0.400781 0.632031 0.409375 0.63125 0.42968799999999996 0.634375 0.439063 0.639062 0.439063 0.640625 0.4375 0.646094 0.421875 0.65 0.419531 0.654687 0.42109399999999997 0.658594 0.414844 0.6625 0.400781 0.658594 0.396094 0.66875 0.38125 0.672656 0.371875 0.675 0.355469
0 0.657031 0.317188 0.651563 0.317188 0.64375 0.321875 0.632812 0.335938 0.628125 0.352344 0.622656 0.354687 0.615625 0.364844 0.6125 0.378906 0.608594 0.386719 0.609375 0.392969 0.614062 0.391406 0.621094 0.384375 0.629687 0.371875 0.646875 0.352344 0.653125 0.335156 0.658594 0.329688 0.658594 0.319531
0 0.576562 0.363281 0.571875 0.364063 0.555469 0.389844 0.54375 0.432031 0.54375 0.44375 0.539062 0.44843700000000003 0.5375 0.453125 0.540625 0.507812 0.542188 0.513281 0.544531 0.514844 0.549219 0.513281 0.553906 0.50625 0.561719 0.48359399999999997 0.563281 0.46406200000000003 0.560156 0.451562 0.55625 0.444531 0.557031 0.440625 0.560937 0.43671899999999997 0.575781 0.435937 0.573438 0.43125 0.564844 0.428906 0.564063 0.424219 0.570312 0.395313 0.579688 0.373437 0.579688 0.364844
0 0.69375 0.475781 0.686719 0.477344 0.671875 0.49218799999999996 0.667188 0.503125 0.666406 0.515625 0.664844 0.517188 0.674219 0.527344 0.677344 0.534375 0.68125 0.535937 0.691406 0.546094 0.694531 0.545312 0.695312 0.541406 0.69375 0.532813 0.689844 0.525 0.678906 0.514062 0.689063 0.503906 0.696875 0.494531 0.702344 0.482031 0.700781 0.478125
1 0.607031 0.596094 0.59375 0.601562 0.592187 0.615625 0.59375 0.621094 0.603906 0.636719 0.60625 0.646875 0.613281 0.657031 0.616406 0.658594 0.617969 0.65625 0.617969 0.645312 0.621875 0.635938 0.621875 0.628906 0.616406 0.616406 0.610938 0.610938 0.610156 0.598437
0 0.607812 0.707812 0.599219 0.7125 0.580469 0.736719 0.558594 0.760156 0.552344 0.770312 0.548438 0.784375 0.540625 0.789844 0.524219 0.80625 0.521875 0.8132810000000001 0.516406 0.8148440000000001 0.533594 0.814063 0.554688 0.803125 0.563281 0.79375 0.572656 0.789844 0.575781 0.786719 0.588281 0.783594 0.60625 0.775781 0.607812 0.771094 0.588281 0.775781 0.586719 0.775 0.586719 0.771875 0.594531 0.760156 0.607812 0.730469 0.610156 0.721094 0.610156 0.711719
1 0.48125 0.8101559999999999 0.47968700000000003 0.810937 0.47968700000000003 0.8195309999999999 0.4875 0.846875 0.486719 0.857812 0.489844 0.860938 0.496094 0.8914060000000001 0.494531 0.900781 0.5 0.9054689999999999 0.50625 0.9054689999999999 0.509375 0.901563 0.513281 0.903125 0.525 0.915625 0.530312 0.9210160000000001 0.536641 0.9243749999999998 0.533594 0.91875 0.529687 0.9148440000000001 0.528125 0.907813 0.517969 0.8992190000000001 0.508594 0.894531 0.514062 0.8835940000000001 0.515625 0.8757810000000001 0.514844 0.8523440000000001 0.5125 0.8445310000000001 0.49218799999999996 0.817969
0 0.42109399999999997 0.8976559999999999 0.415625 0.9 0.409375 0.9195309999999999 0.408594 0.9507809999999999 0.400781 0.970313 0.400781 0.976562 0.397656 0.982812 0.396875 0.990625 0.39375 0.99375 0.39375 1 0.428906 1 0.428906 0.992188 0.42656299999999997 0.9867190000000001 0.428906 0.982812 0.427344 0.978906 0.43281200000000003 0.9710940000000001 0.43281200000000003 0.967187 0.428125 0.963281 0.430469 0.946875 0.428906 0.9226560000000001 0.425 0.911719 0.423438 0.9
2 0.375781 0.871875 0.371875 0.8726559999999999 0.366406 0.904687 0.366406 0.920312 0.371875 0.9382810000000001 0.373437 0.9382810000000001 0.377344 0.9289059999999999 0.378906 0.9148440000000001 0.378125 0.8875
0 0.608672 0.897344 0.604688 0.904687 0.601562 0.907813 0.599219 0.907813 0.600781 0.9132809999999999 0.594531 0.923438 0.595313 0.928125 0.611719 0.9289059999999999 0.623437 0.9375 0.63125 0.9382810000000001 0.639844 0.949219 0.640625 0.953125 0.648438 0.954688 0.65 0.959375 0.657813 0.957812 0.659375 0.9539060000000001 0.651563 0.942187 0.642969 0.934375 0.633594 0.9289059999999999 0.628203 0.922344 0.619531 0.918437 0.605547 0.9190629999999999 0.610703 0.910234 0.614375 0.902734 0.613672 0.8930469999999999
2 0.838281 0.939063 0.829688 0.939063 0.825 0.9445309999999999 0.8148440000000001 0.9507809999999999 0.8101559999999999 0.951562 0.79375 0.9601559999999999 0.782813 0.9617190000000001 0.78125 0.967187 0.790625 0.9695310000000001 0.802344 0.9695310000000001 0.8148440000000001 0.9664059999999999 0.8304690000000001 0.9523439999999999
0 0.561719 0.792969 0.557031 0.8 0.557031 0.809375 0.561719 0.8367190000000001 0.56875 0.845313 0.575781 0.849219 0.580469 0.857812 0.589063 0.867188 0.597656 0.884375 0.603906 0.892188 0.607812 0.8929690000000001 0.610156 0.8898439999999999 0.610156 0.880469 0.60625 0.860938 0.601562 0.85 0.592969 0.839844 0.588281 0.8375 0.580469 0.8375 0.582812 0.829688 0.582812 0.8101559999999999 0.580469 0.803125 0.571875 0.790625
0 1 0.699219 0.9835939999999999 0.701562 0.95625 0.710938 0.927344 0.732812 0.895312 0.739062 0.865625 0.753906 0.864062 0.757031 0.869531 0.760156 0.911719 0.754687 0.925 0.751563 0.934375 0.744531 0.9625 0.749219 0.979688 0.748437 0.974219 0.740625 1 0.724219
2 0.314063 0.325 0.313281 0.328125 0.315625 0.334375 0.329688 0.353125 0.333594 0.354687 0.3375 0.360156 0.342969 0.359375 0.345313 0.349219 0.334375 0.335938 0.31875 0.325
0 0.35 0.517969 0.353125 0.521094 0.36875 0.524219 0.382812 0.524219 0.396094 0.520312 0.421875 0.519531 0.42656299999999997 0.517969 0.439063 0.51875 0.446094 0.521875 0.474219 0.522656 0.501563 0.514844 0.505469 0.511719 0.505469 0.508594 0.49531200000000003 0.502344 0.478125 0.497656 0.457031 0.498437 0.43828100000000003 0.50625 0.43281200000000003 0.498437 0.424219 0.49531200000000003 0.411719 0.485938 0.398438 0.482031 0.400781 0.48515600000000003 0.40812499999999996 0.49390600000000007 0.398516 0.493828 0.389844 0.491406 0.377344 0.49375 0.363281 0.5 0.353125 0.510156