0 0.36875 0.369531 0.370312 0.379688 0.373437 0.385156 0.378906 0.389844 0.392188 0.396875 0.419531 0.404687 0.428906 0.410156 0.43828100000000003 0.4125 0.447656 0.4125 0.45234399999999997 0.407813 0.467187 0.403125 0.480469 0.404687 0.48906299999999997 0.396875 0.48515600000000003 0.39375 0.478125 0.392969 0.4625 0.395313 0.450781 0.4 0.44843700000000003 0.392969 0.439844 0.390625 0.435156 0.382812 0.419531 0.36875 0.402344 0.360938 0.385156 0.361719 0.376563 0.364063
1 0.224219 0.35625 0.225 0.369531 0.22265600000000002 0.373437 0.226562 0.379688 0.255469 0.399219 0.260156 0.398438 0.258594 0.389844 0.249219 0.373437 0.241406 0.366406 0.23203100000000002 0.363281 0.228906 0.360156 0.228906 0.357812
0 0.20703100000000002 0.46953100000000003 0.204687 0.471094 0.203906 0.47656200000000004 0.20703100000000002 0.50625 0.211719 0.521094 0.23046899999999998 0.551562 0.244531 0.570312 0.258594 0.585156 0.271094 0.592187 0.260156 0.617969 0.259375 0.635156 0.260937 0.642188 0.267188 0.654687 0.275 0.660937 0.279687 0.660156 0.283594 0.654687 0.2875 0.632812 0.2875 0.610156 0.283594 0.595313 0.279687 0.591406 0.279687 0.5875 0.283594 0.582031 0.285156 0.564063 0.282031 0.541406 0.276562 0.523438 0.267969 0.510156 0.24375 0.48125 0.226562 0.472656
0 0.025781 0.695312 0.022656 0.697656 0.020313 0.74375 0.021875 0.75625 0.026561999999999995 0.767969 0.019531 0.772656 0.007031 0.785156 0.002344 0.794531 0 0.795312 0 0.8445310000000001 0.009375 0.8507809999999999 0.019531 0.8429689999999999 0.029687 0.8257809999999999 0.034375 0.810937 0.038281 0.788281 0.038281 0.78125 0.035156 0.771094 0.041406 0.764062 0.04375 0.752344 0.038281 0.720313 0.030469000000000003 0.700781
0 0.114062 0.794531 0.103125 0.8054690000000001 0.099219 0.8148440000000001 0.096875 0.826562 0.096875 0.846875 0.101562 0.864844 0.109375 0.880469 0.121875 0.898438 0.121875 0.9125 0.125 0.91875 0.125 0.9226560000000001 0.11875 0.9367189999999999 0.11875 0.953125 0.12265600000000002 0.967187 0.127344 0.96875 0.139844 0.9539060000000001 0.147656 0.935937 0.147656 0.9226560000000001 0.144531 0.9085940000000001 0.150781 0.902344 0.154688 0.8898439999999999 0.15625 0.876563 0.155469 0.8570309999999999 0.151562 0.8289060000000001 0.146875 0.8148440000000001 0.136719 0.8039059999999999 0.12265600000000002 0.795312
0 0.43828100000000003 0.802344 0.43828100000000003 0.807031 0.440625 0.810937 0.464844 0.8351559999999999 0.484375 0.849219 0.498437 0.85625 0.509375 0.8679690000000001 0.523438 0.879687 0.528906 0.8820309999999999 0.530469 0.885156 0.554688 0.882812 0.561719 0.8773440000000001 0.559375 0.871094 0.553125 0.864844 0.540625 0.863281 0.528906 0.8664059999999999 0.524219 0.8460940000000001 0.513281 0.826562 0.49531200000000003 0.808594 0.46953100000000003 0.8 0.45234399999999997 0.799219 0.442969 0.8
2 0.589844 0.851562 0.580469 0.848437 0.574219 0.85 0.561719 0.8664059999999999 0.560937 0.873437 0.566406 0.875 0.571875 0.8726559999999999 0.586719 0.859375 0.590625 0.853906
0 0.570312 0.845313 0.571875 0.848437 0.575781 0.85 0.604688 0.851562 0.614062 0.853906 0.663281 0.8460940000000001 0.66875 0.848437 0.675781 0.8570309999999999 0.694531 0.871094 0.721094 0.8820309999999999 0.724219 0.88125 0.728125 0.875 0.728125 0.8664059999999999 0.71875 0.85 0.710156 0.8429689999999999 0.697656 0.835938 0.685156 0.835938 0.669531 0.839844 0.666406 0.824219 0.658594 0.8117189999999999 0.657031 0.8125 0.657031 0.817187 0.660937 0.826562 0.660937 0.832812 0.659375 0.834375 0.651563 0.8257809999999999 0.639062 0.81875 0.628125 0.816406 0.610938 0.816406 0.603125 0.817969 0.5875 0.8273439999999999
1 0.763281 0.903125 0.763281 0.9210939999999999 0.760938 0.927344 0.7625 0.9445309999999999 0.764844 0.947656 0.758594 0.9507809999999999 0.757812 0.9554690000000001 0.766406 1 0.81875 1 0.815625 0.9875 0.8054690000000001 0.972656 0.786719 0.95625 0.775 0.9523439999999999 0.76875 0.947656 0.779687 0.9367189999999999 0.783594 0.928125 0.783594 0.91875 0.778125 0.911719 0.778125 0.909375 0.767969 0.903125
0 0.8898439999999999 0.778125 0.8882809999999999 0.779687 0.8882809999999999 0.7875 0.894531 0.804688 0.898438 0.826562 0.8976559999999999 0.834375 0.903125 0.8375 0.903125 0.842187 0.914062 0.8617190000000001 0.91875 0.865625 0.929688 0.870313 0.9367189999999999 0.878125 0.957812 0.8929690000000001 0.978125 0.904687 0.982812 0.904687 0.973437 0.88125 0.964063 0.86875 0.948438 0.8617190000000001 0.928125 0.8617190000000001 0.932031 0.8523440000000001 0.933594 0.839844 0.932031 0.822656 0.928125 0.807813 0.909375 0.782813 0.900781 0.777344
0 0.8148440000000001 0.9820309999999999 0.8195309999999999 1 0.928125 1 0.928125 0.9976559999999999 0.9148440000000001 0.989062 0.900781 0.9851560000000001 0.879687 0.9851560000000001 0.860938 0.989844 0.8414059999999999 0.979688 0.826562 0.978906
0 0.9210939999999999 0.634375 0.917969 0.628125 0.911719 0.622656 0.894531 0.617969 0.876563 0.61875 0.8679690000000001 0.617188 0.857812 0.61875 0.8414059999999999 0.625 0.834375 0.630469 0.834375 0.633594 0.83125 0.635938 0.829688 0.635156 0.8289060000000001 0.630469 0.821875 0.622656 0.801562 0.61875 0.790625 0.61875 0.778906 0.622656 0.771094 0.627344 0.759375 0.642969 0.758594 0.650781 0.763281 0.654687 0.772656 0.65625 0.8054690000000001 0.648438 0.8117189999999999 0.648438 0.821875 0.644531 0.8273439999999999 0.644531 0.839063 0.652344 0.855469 0.658594 0.860938 0.658594 0.869531 0.651563 0.878125 0.651563 0.889062 0.655469 0.903125 0.646094 0.914062 0.642188
0 0.607031 0.59375 0.6 0.595313 0.582031 0.613281 0.571875 0.633594 0.56875 0.648438 0.560937 0.652344 0.55 0.667188 0.542969 0.696875 0.538281 0.7375 0.538281 0.754687 0.540625 0.759375 0.546875 0.758594 0.560156 0.748437 0.573438 0.726562 0.577344 0.708594 0.575781 0.671875 0.571875 0.659375 0.575781 0.655469 0.583594 0.654687 0.584375 0.652344 0.585156 0.654687 0.590625 0.654687 0.585156 0.650781 0.598437 0.638281 0.607812 0.615625 0.608594 0.603906
0 0.6 0.396094 0.595313 0.396875 0.5875 0.40156200000000003 0.580469 0.408594 0.578125 0.41406200000000004 0.574219 0.433594 0.575 0.459375 0.578906 0.47656200000000004 0.578906 0.48359399999999997 0.583594 0.494531 0.583594 0.49921899999999997 0.589063 0.497656 0.592187 0.501563 0.603125 0.540625 0.607031 0.548438 0.611719 0.546875 0.613281 0.5375 0.613281 0.504687 0.616406 0.500781 0.611719 0.497656 0.607031 0.5 0.602344 0.496875 0.605469 0.48906299999999997 0.611719 0.48359399999999997 0.611719 0.478906 0.616406 0.475 0.614844 0.471094 0.621094 0.454688 0.623437 0.45234399999999997 0.625781 0.42656299999999997 0.623437 0.41406200000000004 0.620313 0.407813 0.607812 0.396875
1 0.61875 0.389844 0.620313 0.391406 0.642969 0.389062 0.661719 0.390625 0.666406 0.392969 0.672656 0.390625 0.679688 0.390625 0.685156 0.386719 0.69375 0.388281 0.723437 0.383594 0.732812 0.376563 0.736719 0.378125 0.738281 0.372656 0.728906 0.367969 0.7125 0.367188 0.692969 0.374219 0.685156 0.383594 0.678125 0.371875 0.657813 0.365625 0.64375 0.365625 0.6375 0.367188 0.620313 0.385937
1 0.910937 0.388281 0.9148440000000001 0.390625 0.9351559999999999 0.388281 0.974219 0.4 0.9820309999999999 0.404687 0.9820309999999999 0.41406200000000004 0.9867190000000001 0.41406200000000004 0.994531 0.40546899999999997 1 0.402344 1 0.39375 0.9976559999999999 0.39375 0.990625 0.4 0.9875 0.389844 0.9820309999999999 0.38125 0.9710940000000001 0.371094 0.959375 0.367188 0.9445309999999999 0.367188 0.934375 0.370312 0.916406 0.380469
0 0.917969 0.43125 0.9125 0.425 0.904687 0.42109399999999997 0.892188 0.42109399999999997 0.882812 0.43125 0.871875 0.454688 0.871875 0.4625 0.869531 0.464844 0.8617190000000001 0.463281 0.8601560000000001 0.460156 0.85 0.453125 0.849219 0.45625 0.8523440000000001 0.457031 0.853125 0.463281 0.85625 0.465625 0.8570309999999999 0.46875 0.860938 0.471094 0.873437 0.471875 0.885156 0.466406 0.894531 0.457031 0.911719 0.44531200000000004 0.917969 0.4375
1 0.896094 0.5 0.8914060000000001 0.5125 0.892188 0.538281 0.896094 0.549219 0.904687 0.554688 0.9054689999999999 0.560156 0.909375 0.565625 0.934375 0.584375 0.942969 0.588281 0.9507809999999999 0.594531 0.973437 0.605469 0.978906 0.603906 0.980469 0.598437 0.973437 0.577344 0.9664059999999999 0.565625 0.959375 0.557813 0.94375 0.549219 0.933594 0.546094 0.9226560000000001 0.546094 0.915625 0.548438 0.9132809999999999 0.546875 0.9125 0.53125 0.909375 0.51875 0.902344 0.503906
0 0.175781 0.8757810000000001 0.174219 0.8835940000000001 0.178125 0.896875 0.164844 0.900781 0.161719 0.9039059999999999 0.161719 0.9085940000000001 0.164062 0.910937 0.192188 0.923438 0.20781299999999997 0.9242190000000001 0.2125 0.9226560000000001 0.213281 0.928125 0.21875 0.934375 0.235937 0.9460940000000001 0.255469 0.95625 0.264062 0.957031 0.274219 0.953125 0.274219 0.95 0.271094 0.9460940000000001 0.253906 0.9382810000000001 0.233594 0.925 0.22109399999999998 0.9195309999999999 0.21640600000000002 0.920312 0.21406200000000003 0.917969 0.213281 0.90625 0.203125 0.886719 0.186719 0.8742189999999999 0.178125 0.873437
1 0.524219 0.265625 0.516406 0.275 0.5125 0.29375 0.513281 0.313281 0.516406 0.329688 0.516406 0.349219 0.520312 0.353125 0.528906 0.349219 0.535937 0.359375 0.545312 0.366406 0.550781 0.373437 0.557031 0.376563 0.558594 0.371094 0.554688 0.367188 0.553125 0.360156 0.548438 0.357031 0.546875 0.35 0.542188 0.345313 0.533594 0.341406 0.539062 0.309375 0.539062 0.285156 0.5375 0.278125 0.529687 0.266406
0 0.442969 0.215625 0.43828100000000003 0.225781 0.435937 0.239844 0.460156 0.261719 0.471094 0.265625 0.471875 0.260156 0.463281 0.24531200000000003 0.45234399999999997 0.23671899999999998 0.451562 0.225 0.447656 0.217188
1 0.504687 0.055469000000000004 0.501563 0.055469000000000004 0.49921899999999997 0.057813 0.496875 0.067187 0.492969 0.071875 0.48906299999999997 0.083594 0.489844 0.110937 0.475 0.117188 0.471875 0.124219 0.471094 0.138281 0.47343799999999997 0.152344 0.482031 0.182031 0.485938 0.186719 0.490625 0.182812 0.49921899999999997 0.159375 0.500781 0.145313 0.505469 0.128906 0.5 0.114062 0.496094 0.110937 0.50625 0.069531 0.507031 0.060156
1 0.239844 0.046094 0.235937 0.046094 0.228125 0.052344 0.220312 0.0625 0.21484399999999998 0.076563 0.21406200000000003 0.103125 0.204687 0.109375 0.204687 0.113281 0.210938 0.1125 0.21640600000000002 0.11640599999999998 0.21875 0.11484399999999999 0.225 0.11484399999999999 0.23046899999999998 0.10703100000000002 0.23671899999999998 0.08125 0.240625 0.053905999999999996
1 0.060937 0.177344 0.063281 0.190625 0.070312 0.201563 0.132031 0.203125 0.178125 0.197656 0.180469 0.194531 0.179688 0.189062 0.167969 0.175781 0.144531 0.163281 0.125 0.161719 0.121094 0.158594 0.11953100000000001 0.152344 0.115625 0.15 0.10234400000000002 0.157812 0.091406 0.169531 0.089063 0.175 0.074219 0.189844 0.072656 0.19375 0.071094 0.192969 0.06875 0.174219 0.064062 0.170313
2 0.021875 0.142187 0 0.146094 0 0.152344 0.00625 0.151562 0.009375 0.157812 0.0039060000000000006 0.175781 0.005469 0.19375 0.009375 0.202344 0.014063 0.201563 0.013280999999999998 0.18125 0.021875 0.149219
0 0.319531 0.15625 0.313281 0.153906 0.298438 0.154688 0.290625 0.1625 0.280469 0.191406 0.277344 0.210938 0.278906 0.23203100000000002 0.275 0.23671899999999998 0.261719 0.242969 0.24609399999999998 0.259375 0.234375 0.282813 0.235937 0.2875 0.250781 0.282813 0.277344 0.266406 0.285156 0.25625 0.286719 0.252344 0.285938 0.241406 0.283594 0.235156 0.280469 0.23203100000000002 0.291406 0.22968700000000003 0.294531 0.227344 0.307812 0.20703100000000002 0.316406 0.189844 0.323437 0.16875 0.323437 0.161719
0 0.753906 0.423438 0.748437 0.420312 0.740625 0.420312 0.732812 0.416406 0.725 0.420312 0.728125 0.40546899999999997 0.726562 0.400781 0.724219 0.400781 0.710938 0.41093799999999997 0.699219 0.42656299999999997 0.692969 0.439063 0.677344 0.439063 0.673438 0.44375 0.669531 0.444531 0.667188 0.44843700000000003 0.646094 0.466406 0.639062 0.475 0.636719 0.482812 0.64375 0.48359399999999997 0.650781 0.48125 0.682031 0.465625 0.692969 0.457031 0.69375 0.451562 0.697656 0.44843700000000003 0.709375 0.447656 0.736719 0.43828100000000003 0.75 0.430469