2 0.410937 0.614844 0.410937 0.607031 0.400781 0.561719 0.39140600000000003 0.539844 0.384375 0.535937 0.383594 0.557031 0.385938 0.574219 0.399219 0.609375 0.403906 0.617969 0.404687 0.623437 0.407813 0.625781 0.4125 0.625781 0.413281 0.622656 0.410937 0.614844
1 0.055469000000000004 0.732031 0.053125 0.736719 0.049219 0.750781 0.044531 0.761719 0.04375 0.767969 0.040625 0.774219 0.040625 0.777344 0.032812999999999995 0.803125 0.027344 0.8382809999999999 0.027344 0.8617190000000001 0.028905999999999998 0.8679690000000001 0.032812999999999995 0.873437 0.0375 0.871094 0.053905999999999996 0.848437 0.064844 0.8257809999999999 0.071875 0.791406 0.072656 0.735938 0.070312 0.728906 0.065625 0.725781 0.060156 0.727344 0.055469000000000004 0.732031
2 0.166406 0.9585940000000001 0.163281 0.9585940000000001 0.15859399999999998 0.95625 0.15390600000000002 0.95625 0.139844 0.951562 0.126563 0.95 0.11796899999999999 0.9507809999999999 0.1125 0.953125 0.103125 0.9523440000000001 0.09765599999999999 0.954688 0.103125 0.959375 0.113281 0.957812 0.12265600000000002 0.9601559999999999 0.126563 0.964063 0.134375 0.967187 0.164844 0.96875 0.17578100000000002 0.967187 0.171094 0.960938 0.166406 0.9585940000000001
1 0.546094 0.677344 0.545312 0.672656 0.542187 0.670312 0.540625 0.665625 0.5375 0.661719 0.5375 0.657813 0.533594 0.653906 0.524219 0.636094 0.520078 0.6258589999999999 0.535547 0.626406 0.521875 0.61875 0.514844 0.611719 0.510156 0.603906 0.505469 0.603125 0.502344 0.607031 0.503125 0.620313 0.50625 0.634375 0.510937 0.646875 0.515625 0.652344 0.517188 0.657031 0.521094 0.6625 0.526562 0.667188 0.528906 0.673438 0.535938 0.679688 0.536719 0.682031 0.542187 0.686719 0.548438 0.686719 0.549219 0.68125 0.546094 0.677344
2 0.9117190000000001 0.675781 0.9070309999999999 0.680469 0.894531 0.689063 0.89375 0.69375 0.9070309999999999 0.69375 0.9132809999999999 0.692187 0.9210940000000001 0.6875 0.9234370000000001 0.684375 0.9234370000000001 0.679688 0.9203129999999999 0.670312 0.915625 0.66875 0.9117190000000001 0.675781
1 0.925781 0.142187 0.921875 0.14375 0.9195309999999999 0.147656 0.9164059999999999 0.146875 0.914062 0.14375 0.9078120000000001 0.141406 0.9046879999999999 0.15390600000000002 0.9070309999999999 0.17578100000000002 0.9132809999999999 0.19531199999999999 0.914062 0.203906 0.917969 0.21484399999999998 0.91875 0.224219 0.925 0.234375 0.9273440000000001 0.242969 0.9351559999999999 0.259375 0.9398440000000001 0.25781200000000004 0.941406 0.248438 0.945312 0.2375 0.9476559999999999 0.225 0.9476559999999999 0.208594 0.9445309999999999 0.192969 0.9382809999999999 0.176563 0.93125 0.163281 0.926562 0.157812 0.926562 0.15625 0.9234370000000001 0.15390600000000002 0.9320309999999999 0.153125 0.9351559999999999 0.151562 0.948438 0.139844 0.9523440000000001 0.139063 0.9554690000000001 0.134375 0.951562 0.130469 0.9351559999999999 0.141406 0.925781 0.142187
2 0.742188 0.9351559999999999 0.742188 0.9242190000000001 0.738281 0.910937 0.732031 0.902344 0.727344 0.9070309999999999 0.727344 0.910937 0.734375 0.9320309999999999 0.735156 0.9523440000000001 0.740625 0.954688 0.745312 0.939063 0.742188 0.9351559999999999
2 0.780469 0.834375 0.775781 0.8304690000000001 0.765625 0.8273440000000001 0.75625 0.820312 0.7515620000000001 0.8210940000000001 0.748437 0.8257809999999999 0.749219 0.828125 0.753906 0.829688 0.759375 0.834375 0.7625 0.834375 0.766406 0.8367190000000001 0.780469 0.840625 0.789062 0.839844 0.789062 0.8375 0.780469 0.834375
1 0.554688 0.8117190000000001 0.550781 0.8132809999999999 0.534375 0.832031 0.519531 0.8445309999999999 0.510937 0.85 0.505469 0.8570309999999999 0.503125 0.865625 0.505469 0.867188 0.51875 0.865625 0.535156 0.859375 0.546094 0.8507809999999999 0.548438 0.8460940000000001 0.550781 0.8445309999999999 0.552344 0.839844 0.55625 0.8367190000000001 0.557812 0.8375 0.557812 0.8429690000000001 0.5589839999999999 0.8467969999999999 0.560937 0.851562 0.5625 0.846875 0.561719 0.832812 0.563281 0.825 0.563281 0.814063 0.560156 0.8117190000000001 0.554688 0.8117190000000001
2 0.28046899999999997 0.4125 0.25 0.37578100000000003 0.2375 0.355469 0.228906 0.334375 0.225781 0.33125 0.225 0.328125 0.22265600000000002 0.32890600000000003 0.221875 0.334375 0.224219 0.33906200000000003 0.224219 0.34296899999999997 0.23593799999999998 0.375 0.24375 0.38593700000000003 0.278906 0.42109399999999997 0.28046899999999997 0.42109399999999997 0.28203100000000003 0.41875 0.28046899999999997 0.4125
2 0.282813 0.09765599999999999 0.260156 0.095312 0.24765600000000002 0.092188 0.239844 0.094531 0.23203100000000002 0.094531 0.22031299999999998 0.096875 0.21640600000000002 0.10078100000000001 0.209375 0.103125 0.208594 0.107813 0.225781 0.10390600000000001 0.285937 0.104688 0.28906200000000004 0.103125 0.285937 0.099219 0.282813 0.09765599999999999
1 0.288281 0.153125 0.251563 0.142187 0.225 0.132031 0.215625 0.13125 0.209375 0.133594 0.20546899999999998 0.133594 0.202344 0.135937 0.2 0.140625 0.2 0.14453100000000002 0.20546899999999998 0.154688 0.20546899999999998 0.161719 0.203125 0.164844 0.20468799999999998 0.16796899999999998 0.208594 0.167187 0.21640600000000002 0.15859399999999998 0.2375 0.167187 0.254687 0.170313 0.278125 0.16953100000000002 0.292188 0.165625 0.29765600000000003 0.1625 0.295312 0.157812 0.288281 0.153125