0 0.425781 0.302344 0.42109399999999997 0.291406 0.41718700000000003 0.289062 0.384375 0.291406 0.374219 0.295312 0.363281 0.296875 0.353906 0.302344 0.348438 0.309375 0.345313 0.321094 0.342969 0.323437 0.332031 0.316406 0.317969 0.314844 0.301563 0.319531 0.289844 0.325781 0.285156 0.330469 0.286719 0.332031 0.295312 0.332813 0.325781 0.328125 0.336719 0.328125 0.344531 0.33125 0.365625 0.329688 0.3875 0.324219 0.396875 0.317969 0.409375 0.314844 0.41093799999999997 0.310937 0.420312 0.303125 0.424219 0.30625
1 0.240625 0.84375 0.21875 0.859375 0.21406200000000003 0.860938 0.209375 0.867188 0.204687 0.869531 0.192188 0.8898439999999999 0.18125 0.917969 0.178906 0.9351559999999999 0.169531 0.970313 0.169531 0.976562 0.173437 0.985938 0.178125 0.9851560000000001 0.182031 0.978125 0.191406 0.96875 0.20703100000000002 0.940625 0.21484399999999998 0.9210939999999999 0.22265600000000002 0.886719 0.22265600000000002 0.879687 0.23906299999999997 0.853906 0.242188 0.8460940000000001
0 0.4 0.878125 0.398438 0.879687 0.4 0.890625 0.403125 0.89375 0.40546899999999997 0.902344 0.432031 0.9523439999999999 0.441406 0.959375 0.449219 0.9601559999999999 0.45625 0.957812 0.457031 0.965625 0.4625 0.975 0.458594 0.9820309999999999 0.460156 0.994531 0.457031 0.9976559999999999 0.457031 1 0.47656200000000004 1 0.475 0.9867190000000001 0.46875 0.978125 0.46875 0.9617190000000001 0.465625 0.9554690000000001 0.464844 0.9460940000000001 0.460156 0.935937 0.447656 0.9195309999999999 0.41875 0.8882809999999999 0.40703100000000003 0.878906
1 0.428906 0.829688 0.43671899999999997 0.8507809999999999 0.444531 0.8617190000000001 0.44375 0.865625 0.451562 0.884375 0.453125 0.8929690000000001 0.45781299999999997 0.896094 0.484375 0.925 0.504687 0.9367189999999999 0.508594 0.935937 0.509375 0.928125 0.505469 0.911719 0.502344 0.9039059999999999 0.4875 0.882812 0.475 0.870313 0.467187 0.865625 0.46093799999999996 0.871875 0.457031 0.871094 0.451562 0.8625 0.451562 0.857812 0.44843700000000003 0.853125 0.447656 0.847656 0.439063 0.840625 0.435937 0.829688
1 0.107813 0.739844 0.0875 0.748437 0.073438 0.757812 0.060937 0.771094 0.057031 0.78125 0.051562 0.78125 0.028905999999999998 0.788281 0.017188 0.794531 0 0.807031 0 0.849219 0.007031 0.846875 0.036719 0.826562 0.053905999999999996 0.8101559999999999 0.055469000000000004 0.80625 0.064062 0.796875 0.067187 0.799219 0.072656 0.798438 0.089063 0.785937 0.1 0.76875 0.10703100000000002 0.747656
1 0.069531 0.661719 0.075 0.671094 0.088281 0.683594 0.103125 0.6875 0.123438 0.686719 0.129688 0.701562 0.149219 0.71875 0.1625 0.725781 0.164062 0.716406 0.171094 0.710938 0.171094 0.707812 0.140625 0.68125 0.128906 0.675 0.120313 0.678125 0.085938 0.667188 0.074219 0.661719
2 0.382812 0.764844 0.379688 0.765625 0.358594 0.799219 0.357812 0.807031 0.367188 0.8101559999999999 0.372656 0.8054690000000001 0.383594 0.775 0.384375 0.766406
1 0.375 0.723437 0.377344 0.727344 0.385156 0.729688 0.392188 0.734375 0.40703100000000003 0.736719 0.4125 0.735938 0.41406200000000004 0.740625 0.425 0.749219 0.435156 0.750781 0.439063 0.753906 0.450781 0.755469 0.45234399999999997 0.757031 0.48906299999999997 0.758594 0.498437 0.757031 0.501563 0.752344 0.500781 0.747656 0.48906299999999997 0.7375 0.482812 0.736719 0.471875 0.730469 0.463281 0.728906 0.459375 0.725 0.444531 0.719531 0.423438 0.719531 0.4125 0.727344 0.404687 0.724219 0.376563 0.721094
0 0.342187 0.609375 0.34375 0.619531 0.396875 0.678125 0.404687 0.683594 0.415625 0.685937 0.41875 0.688281 0.428125 0.688281 0.446094 0.703125 0.478125 0.717187 0.489844 0.725 0.494531 0.725 0.490625 0.717187 0.475781 0.701562 0.454688 0.682813 0.44218799999999997 0.676562 0.440625 0.674219 0.442969 0.667188 0.45390600000000003 0.651875 0.444766 0.658203 0.4375 0.664844 0.428125 0.671875 0.424219 0.667969 0.420312 0.658594 0.41601600000000005 0.657734 0.41164100000000003 0.653125 0.40789100000000006 0.649766 0.403906 0.644531 0.396875 0.6375 0.374219 0.621875 0.350781 0.608594 0.34375 0.607812
0 0.091406 0.555469 0.094531 0.563281 0.10703100000000002 0.578125 0.135156 0.595313 0.141406 0.596875 0.15625 0.596094 0.166406 0.588281 0.172656 0.596875 0.188281 0.609375 0.21875 0.623437 0.239844 0.628906 0.269531 0.633594 0.2875 0.632031 0.290625 0.628125 0.288281 0.621875 0.274219 0.611719 0.244531 0.596875 0.234375 0.589844 0.183594 0.567187 0.167187 0.563281 0.160156 0.564063 0.159375 0.575781 0.157812 0.577344 0.142969 0.569531 0.121875 0.561719 0.1125 0.560937 0.096875 0.554688
2 0.15 0.470313 0.139844 0.467187 0.132812 0.46796899999999997 0.126562 0.471094 0.09375 0.47968700000000003 0.091406 0.482812 0.09375 0.486719 0.11640599999999998 0.4875 0.142187 0.47656200000000004
2 0.296094 0.507812 0.294531 0.509375 0.295312 0.514062 0.303906 0.535156 0.310937 0.542188 0.317969 0.553125 0.321094 0.553125 0.321875 0.547656 0.310937 0.514844 0.305469 0.510156
0 0.44375 0.404687 0.439844 0.40625 0.43125 0.415625 0.414844 0.43828100000000003 0.402344 0.47656200000000004 0.402344 0.488281 0.41093799999999997 0.501563 0.40703100000000003 0.513281 0.392969 0.532813 0.384375 0.553906 0.382031 0.564063 0.385156 0.564844 0.403125 0.54375 0.404687 0.54375 0.417969 0.585156 0.42109399999999997 0.611719 0.42656299999999997 0.624219 0.430469 0.626563 0.43671899999999997 0.624219 0.442969 0.596094 0.44375 0.546094 0.435156 0.517188 0.424219 0.498437 0.432031 0.48906299999999997 0.446094 0.433594 0.447656 0.407813
1 0.44375 0.454688 0.44531200000000004 0.459375 0.458594 0.474219 0.470313 0.48359399999999997 0.490625 0.49375 0.492969 0.507031 0.507031 0.524219 0.529687 0.536719 0.538281 0.546094 0.557031 0.561719 0.564063 0.564844 0.56875 0.564063 0.56875 0.557031 0.55625 0.536719 0.536719 0.517188 0.521875 0.500781 0.516406 0.496875 0.505469 0.485938 0.494531 0.484375 0.48515600000000003 0.474219 0.471094 0.471094 0.45625 0.461719 0.451562 0.454688
1 0.504687 0.583594 0.509375 0.589844 0.514844 0.592969 0.517188 0.598437 0.521094 0.6 0.542969 0.6 0.548438 0.608594 0.564063 0.625781 0.580469 0.639844 0.611719 0.660156 0.621875 0.664844 0.628125 0.664062 0.628906 0.658594 0.623437 0.642969 0.614844 0.628906 0.596875 0.609375 0.573438 0.590625 0.557813 0.582812 0.546094 0.585156 0.541406 0.582031 0.536719 0.584375
1 0.258594 0.480469 0.254688 0.482031 0.254688 0.489844 0.261719 0.516406 0.263281 0.527344 0.261719 0.534375 0.271875 0.54375 0.277344 0.510156 0.276562 0.505469 0.266406 0.48515600000000003
1 0.140625 0.261719 0.138281 0.260937 0.134375 0.263281 0.107813 0.290625 0.092969 0.314844 0.089844 0.328125 0.089063 0.338281 0.090625 0.340625 0.094531 0.339844 0.1125 0.317188 0.11875 0.314844 0.134375 0.29375 0.142187 0.276562 0.146875 0.273438 0.146094 0.267188
0 0.030469000000000003 0.171094 0.029687 0.177344 0.03125 0.180469 0.045312 0.195312 0.046875 0.20078100000000002 0.05625 0.210156 0.059375 0.210938 0.064062 0.217188 0.0875 0.232813 0.096094 0.23671899999999998 0.103125 0.242969 0.120313 0.24375 0.138281 0.240625 0.142187 0.244531 0.144531 0.261719 0.151562 0.280469 0.164062 0.299219 0.176563 0.314844 0.18125 0.316406 0.195312 0.326562 0.199219 0.326562 0.2 0.319531 0.194531 0.30625 0.189844 0.285938 0.182812 0.271094 0.175 0.261719 0.153906 0.24531200000000003 0.150781 0.23671899999999998 0.146875 0.23203100000000002 0.138281 0.226562 0.135156 0.219531 0.124219 0.20781299999999997 0.108594 0.196875 0.099219 0.19375 0.089844 0.1875 0.067187 0.179688 0.064844 0.177344 0.046094 0.171094
2 0.311719 0.060156 0.308594 0.064062 0.310156 0.079687 0.315625 0.10390600000000001 0.319531 0.10625 0.321094 0.10234400000000002 0.321094 0.071875 0.317969 0.063281 0.314844 0.060156
2 0.190625 0.169531 0.183594 0.176563 0.176563 0.192969 0.176563 0.209375 0.180469 0.211719 0.186719 0.211719 0.189062 0.209375 0.192969 0.189844 0.192969 0.173437
0 0.415625 0.103125 0.41406200000000004 0.099219 0.40703100000000003 0.098437 0.371875 0.110937 0.360938 0.113281 0.349219 0.11953100000000001 0.328125 0.125781 0.310937 0.142187 0.3 0.141406 0.29375 0.132031 0.274219 0.11953100000000001 0.2625 0.115625 0.227344 0.110937 0.210156 0.115625 0.202344 0.121094 0.186719 0.136719 0.185156 0.14375 0.188281 0.151562 0.201563 0.164844 0.2125 0.171094 0.23828100000000002 0.174219 0.264844 0.172656 0.288281 0.165625 0.303125 0.153125 0.310156 0.151562 0.317969 0.154688 0.335938 0.155469 0.350781 0.153125 0.367969 0.146875 0.391406 0.132031 0.4125 0.110156
0 0.510938 0.129688 0.505469 0.1375 0.49375 0.16875 0.490625 0.189844 0.489844 0.217188 0.49375 0.227344 0.504687 0.232813 0.501563 0.234375 0.498437 0.242969 0.49921899999999997 0.265625 0.505469 0.296094 0.513281 0.314844 0.517969 0.317188 0.521094 0.310937 0.526563 0.273438 0.525781 0.257812 0.519531 0.24375 0.50625 0.23203100000000002 0.511719 0.227344 0.522656 0.20078100000000002 0.525781 0.179688 0.524219 0.152344 0.520312 0.139844 0.514062 0.129688
0 0.47656200000000004 0.2375 0.46796899999999997 0.2375 0.457031 0.24375 0.449219 0.252344 0.44375 0.2625 0.435156 0.292187 0.433594 0.311719 0.4375 0.317969 0.439063 0.330469 0.44375 0.328906 0.44375 0.317188 0.45625 0.307812 0.47343799999999997 0.278125 0.47968700000000003 0.264062 0.48359399999999997 0.24765600000000002 0.482812 0.244531
0 0.329688 0.349219 0.325 0.349219 0.313281 0.357031 0.302344 0.369531 0.299219 0.376563 0.276562 0.378125 0.257812 0.383594 0.239844 0.392188 0.235937 0.40156200000000003 0.22343799999999997 0.415625 0.224219 0.420312 0.22968700000000003 0.42109399999999997 0.264844 0.41093799999999997 0.271875 0.411719 0.275 0.40703100000000003 0.303906 0.392969 0.308594 0.383594 0.310937 0.373437 0.326562 0.355469
0 0.63125 0.358594 0.621875 0.357812 0.619531 0.360156 0.613281 0.388281 0.613281 0.416406 0.61875 0.420312 0.615625 0.421875 0.610938 0.420312 0.603125 0.42656299999999997 0.6 0.442969 0.592969 0.464844 0.589063 0.498437 0.589063 0.517969 0.591406 0.522656 0.602344 0.514844 0.608594 0.503906 0.622656 0.45625 0.629687 0.44375 0.63125 0.4375 0.630469 0.428906 0.627344 0.423438 0.620313 0.42109399999999997 0.619531 0.41875 0.621875 0.415625 0.630469 0.4125 0.638281 0.403906 0.646875 0.382031 0.646875 0.375781 0.642188 0.371875 0.642188 0.36875
0 0.552344 0.21640600000000002 0.55 0.21875 0.548438 0.226562 0.549219 0.244531 0.554688 0.271875 0.557813 0.275781 0.557031 0.279687 0.559375 0.282813 0.560937 0.295312 0.569531 0.310937 0.579688 0.320312 0.586719 0.323437 0.591406 0.323437 0.599219 0.338281 0.635156 0.369531 0.636719 0.373437 0.640625 0.376563 0.640625 0.388281 0.642969 0.392969 0.646875 0.382031 0.646875 0.372656 0.642969 0.364063 0.615625 0.329688 0.610156 0.325781 0.599219 0.323437 0.594531 0.319531 0.592969 0.3125 0.59375 0.288281 0.590625 0.275 0.5625 0.224219 0.557031 0.217969
0 0.583594 0.2125 0.582812 0.217188 0.601562 0.234375 0.608594 0.235937 0.615625 0.23203100000000002 0.621875 0.23203100000000002 0.626563 0.23906299999999997 0.628125 0.251563 0.633594 0.257812 0.65 0.271875 0.659375 0.276562 0.667969 0.276562 0.669531 0.278125 0.671875 0.290625 0.6875 0.317188 0.703906 0.333594 0.713281 0.346094 0.746094 0.375 0.754687 0.378906 0.757812 0.377344 0.757031 0.366406 0.751563 0.346094 0.735156 0.307031 0.736719 0.305469 0.758594 0.303125 0.763281 0.299219 0.763281 0.294531 0.753125 0.288281 0.735156 0.283594 0.73125 0.280469 0.704688 0.274219 0.688281 0.266406 0.672656 0.266406 0.664062 0.249219 0.647656 0.232813 0.614844 0.217188 0.59375 0.2125
2 0.669531 0.199219 0.667188 0.20546899999999998 0.667188 0.2125 0.674219 0.225 0.688281 0.2625 0.692187 0.263281 0.696875 0.258594 0.7 0.248438 0.696875 0.228906 0.690625 0.217969 0.680469 0.20625
1 0.85 0.253906 0.840625 0.24765600000000002 0.8367190000000001 0.24765600000000002 0.839844 0.251563 0.8367190000000001 0.254688 0.829688 0.255469 0.798438 0.266406 0.777344 0.277344 0.774219 0.28125 0.770312 0.28125 0.770312 0.278906 0.767188 0.277344 0.767188 0.28125 0.770312 0.28125 0.771094 0.286719 0.767969 0.289844 0.763281 0.301563 0.748437 0.314063 0.746875 0.317188 0.74375 0.317969 0.74375 0.319531 0.752344 0.319531 0.761719 0.314844 0.771875 0.303906 0.775781 0.289844 0.78125 0.294531 0.791406 0.296094 0.8054690000000001 0.29375 0.8148440000000001 0.289062 0.8367190000000001 0.272656 0.847656 0.260156
0 0.9554690000000001 0.305469 0.95 0.303906 0.9367189999999999 0.308594 0.9195309999999999 0.310156 0.886719 0.317188 0.8757810000000001 0.321875 0.8570309999999999 0.335156 0.853125 0.335938 0.8523440000000001 0.338281 0.855469 0.342187 0.85625 0.349219 0.8523440000000001 0.357031 0.829688 0.382031 0.81875 0.397656 0.817969 0.402344 0.828125 0.402344 0.8460940000000001 0.392969 0.8617190000000001 0.376563 0.867188 0.365625 0.867188 0.357812 0.869531 0.354687 0.90625 0.350781 0.928125 0.339844 0.939063 0.332031 0.95 0.319531 0.9554690000000001 0.310937
0 0.9875 0.189844 0.9835939999999999 0.191406 0.978125 0.22109399999999998 0.974219 0.23203100000000002 0.96875 0.239844 0.9679689999999999 0.246875 0.9617190000000001 0.250781 0.958594 0.25625 0.957031 0.26875 0.958594 0.3 0.964063 0.299219 0.973437 0.279687 0.9757809999999999 0.267969 0.9835939999999999 0.260937 0.9835939999999999 0.252344 0.9929690000000001 0.24531200000000003 1 0.242969 1 0.211719 0.9976559999999999 0.210938 0.995313 0.199219
0 0.733594 0.11953100000000001 0.735156 0.127344 0.739062 0.128906 0.745313 0.139063 0.757031 0.147656 0.770312 0.1625 0.770312 0.166406 0.766406 0.171094 0.7625 0.173437 0.767188 0.175781 0.782813 0.190625 0.8 0.199219 0.816406 0.210156 0.845313 0.22109399999999998 0.8523440000000001 0.220312 0.853125 0.21640600000000002 0.8507809999999999 0.211719 0.8414059999999999 0.202344 0.8148440000000001 0.183594 0.800781 0.175781 0.792969 0.174219 0.7875 0.171094 0.778125 0.170313 0.782031 0.165625 0.783594 0.159375 0.782813 0.153906 0.766328 0.134609 0.755469 0.125781 0.748437 0.121094 0.738281 0.11796900000000002
0 0.742969 0 0.742969 0.00625 0.746094 0.010937 0.742969 0.014063 0.728125 0.013280999999999998 0.728125 0.01875 0.733594 0.030469000000000003 0.742969 0.042188 0.74375 0.046875 0.752344 0.060156 0.755469 0.069531 0.764062 0.082812 0.767969 0.078125 0.767969 0.053905999999999996 0.760938 0.029687 0.763281 0.01875 0.761719 0.005469 0.759375 0
0 0.9523439999999999 0.040625 0.948438 0.0375 0.939063 0.0375 0.9289059999999999 0.039844 0.928125 0.042969 0.923438 0.044531 0.9125 0.060156 0.904687 0.066406 0.902344 0.064062 0.900781 0.046094 0.896094 0.046094 0.871875 0.054688 0.8617190000000001 0.064062 0.840625 0.0625 0.8132810000000001 0.064844 0.794531 0.069531 0.7875 0.072656 0.785156 0.076563 0.788281 0.078906 0.8039059999999999 0.08125 0.8273439999999999 0.08125 0.864844 0.078125 0.869531 0.080469 0.882812 0.080469 0.903125 0.077344 0.910156 0.072656 0.935937 0.0625 0.942187 0.057031 0.9507809999999999 0.045312
0 0.35625 0.239844 0.358594 0.244531 0.353906 0.253125 0.353125 0.260937 0.3625 0.290625 0.36875 0.295312 0.374219 0.295312 0.392969 0.290625 0.414844 0.289844 0.415625 0.285938 0.41406200000000004 0.282813 0.389062 0.257031 0.367188 0.25 0.361719 0.242188 0.358594 0.242188 0.358594 0.239844