1 0.278906 0.646094 0.274219 0.652344 0.266406 0.672656 0.263281 0.686719 0.259375 0.717187 0.252344 0.748437 0.248438 0.751563 0.24375 0.751563 0.242188 0.760156 0.25 0.766406 0.251563 0.770312 0.255469 0.773438 0.25625 0.775781 0.276562 0.800781 0.28125 0.810937 0.289844 0.823438 0.292969 0.83125 0.3 0.8429689999999999 0.310937 0.857812 0.3125 0.855469 0.311719 0.849219 0.307031 0.8351559999999999 0.295312 0.810937 0.271875 0.775781 0.270313 0.775781 0.263281 0.767188 0.259375 0.765625 0.25625 0.7625 0.25625 0.760938 0.252344 0.760156 0.25625 0.758594 0.258594 0.755469 0.271094 0.752344 0.283594 0.744531 0.295312 0.728906 0.299219 0.717969 0.299219 0.696875 0.296094 0.682813 0.283594 0.648438
1 0.392969 0.946875 0.373437 0.9460940000000001 0.36875 0.94375 0.364844 0.9460940000000001 0.357031 0.946875 0.352344 0.951562 0.350781 0.964063 0.348438 0.9695310000000001 0.348438 0.978906 0.353125 0.988281 0.354687 1 0.363281 1 0.367969 0.984375 0.367188 0.96875 0.364063 0.957031 0.365625 0.9554690000000001 0.384375 0.9554690000000001 0.392188 0.951562
2 0.024219 0.896094 0.024219 0.900781 0.032031 0.910937 0.035156 0.920312 0.039062 0.9242190000000001 0.047656 0.9289059999999999 0.060156 0.932813 0.072656 0.932813 0.089844 0.928125 0.096875 0.9226560000000001 0.096875 0.9195309999999999 0.064062 0.9210939999999999 0.052344 0.91875 0.047656 0.916406 0.034375 0.9054689999999999 0.032813 0.903125 0.032813 0.9 0.029687 0.896875 0.026561999999999995 0.895312
2 0.494531 0.091406 0.48515600000000003 0.099219 0.491406 0.11796900000000002 0.491406 0.126562 0.486719 0.133594 0.486719 0.138281 0.488281 0.139063 0.498437 0.136719 0.502344 0.13125 0.503906 0.108594 0.498437 0.096094
2 0.227344 0.876563 0.227344 0.88125 0.232813 0.884375 0.254688 0.8929690000000001 0.266406 0.895312 0.271875 0.894531 0.283594 0.896094 0.2875 0.894531 0.302344 0.8929690000000001 0.307812 0.8898439999999999 0.307812 0.8875 0.303906 0.884375 0.296094 0.8820309999999999 0.271094 0.879687 0.264062 0.8773440000000001 0.257812 0.871875 0.239844 0.865625 0.234375 0.865625
2 0.8726559999999999 0.5875 0.865625 0.583594 0.851562 0.582031 0.833594 0.5875 0.829688 0.590625 0.829688 0.59375 0.832812 0.595313 0.8367190000000001 0.595313 0.849219 0.592187 0.867188 0.591406 0.871094 0.589844
2 0.320312 0.334375 0.319531 0.338281 0.321875 0.339844 0.326562 0.346875 0.347656 0.366406 0.35 0.372656 0.385937 0.40546899999999997 0.408594 0.419531 0.416406 0.420312 0.4125 0.410156 0.392969 0.377344 0.374219 0.354687 0.338281 0.334375 0.332031 0.332813 0.322656 0.332813
1 0.11171899999999998 0.732812 0.10390600000000001 0.735938 0.10234400000000002 0.740625 0.095312 0.748437 0.09375 0.75625 0.0875 0.757812 0.085156 0.7625 0.091406 0.803125 0.095312 0.810937 0.095312 0.814063 0.098437 0.817187 0.1 0.817187 0.103125 0.8101559999999999 0.105469 0.785937 0.103125 0.76875 0.101562 0.765625 0.09375 0.759375 0.09375 0.757031 0.096094 0.757031 0.096875 0.754687 0.10078099999999998 0.752344 0.10078099999999998 0.750781 0.110156 0.740625 0.1125 0.736719
1 0.126562 0.084375 0.107813 0.082812 0.1 0.083594 0.086719 0.092188 0.085156 0.095312 0.085156 0.10234400000000002 0.083594 0.10390600000000001 0.092188 0.105469 0.10078099999999998 0.1 0.114062 0.096875 0.125 0.090625 0.127344 0.088281
1 0.8585939999999999 0.30625 0.8585939999999999 0.310156 0.8570309999999999 0.313281 0.857812 0.315625 0.8835940000000001 0.326562 0.9132809999999999 0.34375 0.929688 0.350781 0.9625 0.367969 0.975 0.373437 0.982812 0.374219 0.982812 0.371094 0.9757809999999999 0.363281 0.946875 0.341406 0.928125 0.329688 0.9132809999999999 0.321875 0.895312 0.315625 0.8875 0.310156 0.9039059999999999 0.299219 0.928125 0.272656 0.928125 0.270313 0.923438 0.270313 0.9132809999999999 0.278906 0.88125 0.3 0.871094 0.302344 0.865625 0.305469
2 0.623437 0.213281 0.61875 0.2125 0.617188 0.21484399999999998 0.610938 0.217969 0.597656 0.244531 0.592969 0.261719 0.585938 0.271094 0.585938 0.275781 0.592187 0.276562 0.6 0.274219 0.607031 0.270313 0.615625 0.260937 0.626563 0.232813 0.626563 0.224219
1 0.517969 0.032813 0.509766 0.034922 0.502344 0.036719 0.484375 0.040625 0.482812 0.04375 0.48359399999999997 0.048438 0.482031 0.05 0.47968700000000003 0.096094 0.482031 0.097656 0.486719 0.098437 0.494531 0.092188 0.501563 0.072656 0.501563 0.060156 0.496094 0.05625 0.494531 0.051562 0.491406 0.049219 0.494531 0.047656 0.498437 0.047656 0.500781 0.05 0.510547 0.046328 0.519141 0.044766 0.530156 0.036797
1 0.539844 0.384375 0.540625 0.389062 0.54375 0.389844 0.547656 0.395313 0.55625 0.396094 0.564063 0.398438 0.650781 0.398438 0.657031 0.396875 0.653906 0.392188 0.623437 0.382812 0.614062 0.382031 0.610938 0.380469 0.589063 0.376563 0.573438 0.375781 0.563281 0.377344 0.563281 0.36875 0.561719 0.367188 0.558594 0.36875 0.553906 0.376563 0.545312 0.380469 0.542969 0.383594
2 0.350781 0.466406 0.352344 0.471094 0.35625 0.472656 0.36875 0.48359399999999997 0.375 0.486719 0.380469 0.491406 0.399219 0.498437 0.407813 0.498437 0.403906 0.49218799999999996 0.400781 0.491406 0.390625 0.482812 0.370312 0.471875 0.367969 0.46953100000000003 0.35625 0.465625
1 0.302344 0.423438 0.301563 0.428125 0.30625 0.439063 0.307031 0.446875 0.310156 0.454688 0.316406 0.45625 0.325 0.46406200000000003 0.324219 0.471094 0.328906 0.488281 0.332031 0.492969 0.339062 0.49921899999999997 0.348438 0.505469 0.358594 0.509375 0.360156 0.507812 0.360156 0.501563 0.354687 0.49218799999999996 0.342969 0.47656200000000004 0.328125 0.464844 0.328125 0.461719 0.330469 0.459375 0.329688 0.454688 0.332031 0.45234399999999997 0.332031 0.447656 0.330469 0.444531 0.326562 0.442969 0.310937 0.425 0.307031 0.42265600000000003
1 0.024219 0.4125 0.047656 0.425781 0.060156 0.43828100000000003 0.075781 0.450781 0.105469 0.464844 0.125 0.471094 0.128906 0.471094 0.128125 0.466406 0.098437 0.442969 0.08125 0.43125 0.082812 0.428906 0.095312 0.425 0.096094 0.421875 0.067969 0.421875 0.059375 0.419531 0.053125 0.415625 0.041406 0.413281 0.03125 0.408594 0.026561999999999995 0.408594
1 0.077344 0.258594 0.06875 0.260937 0.05625 0.267188 0.035156 0.28125 0.013280999999999998 0.292187 0.0125 0.296094 0.017969 0.305469 0.017188 0.310937 0.021094 0.336719 0.023438 0.339062 0.025781 0.339062 0.029687 0.334375 0.033594 0.322656 0.033594 0.307031 0.032031 0.303125 0.025 0.298438 0.025 0.295312 0.042969 0.288281 0.053905999999999996 0.282031 0.071875 0.267969 0.078125 0.260937
2 0 0.291406 0 0.307031 0.015625 0.310937 0.021094 0.310156 0.021875 0.30625 0.01875 0.304688 0.010937 0.295312
2 0.08125 0.696875 0.084375 0.703906 0.089844 0.708594 0.090625 0.713281 0.10703100000000002 0.727344 0.121875 0.7375 0.134375 0.749219 0.141406 0.752344 0.147656 0.752344 0.154688 0.744531 0.15625 0.741406 0.15625 0.7375 0.147656 0.727344 0.117188 0.710156 0.096875 0.701562 0.089063 0.696875
1 0.376563 0.583594 0.378906 0.591406 0.375781 0.592969 0.375781 0.596875 0.382812 0.617188 0.384375 0.625781 0.388281 0.634375 0.39375 0.6375 0.403906 0.650781 0.42656299999999997 0.671094 0.447656 0.682031 0.45625 0.683594 0.457031 0.68125 0.455469 0.678906 0.425781 0.659375 0.40546899999999997 0.639844 0.399219 0.628906 0.399219 0.627344 0.403906 0.624219 0.403906 0.621094 0.396875 0.605469 0.382812 0.590625 0.38125 0.585938 0.378125 0.586719