1 0.963281 0.8742189999999999 0.960938 0.882812 0.960469 0.903672 0.962266 0.9193750000000002 0.965391 0.936875 0.972109 0.9539060000000001 0.984453 0.946875 1 0.933672 0.979688 0.9373439999999998 0.9773440000000001 0.903125 0.967187 0.86875
1 0.0875 0.046875 0.083594 0.051562 0.083594 0.0625 0.091406 0.101562 0.095312 0.11171899999999998 0.096875 0.139063 0.092969 0.146875 0.089063 0.171875 0.091406 0.174219 0.0875 0.182031 0.0875 0.208594 0.090625 0.210938 0.096875 0.211719 0.10234400000000002 0.20625 0.10625 0.189844 0.10703100000000002 0.153125 0.10234400000000002 0.139844 0.104688 0.10078099999999998 0.10078099999999998 0.06875 0.09375 0.052344 0.09375 0.048438
1 0.251563 0.110937 0.246875 0.10703100000000002 0.23906299999999997 0.105469 0.227344 0.10625 0.21406200000000003 0.110937 0.203125 0.11796900000000002 0.186719 0.133594 0.17125 0.157734 0.161875 0.149297 0.150703 0.138672 0.128047 0.12007799999999999 0.148594 0.151406 0.128906 0.146094 0.110937 0.147656 0.108594 0.15 0.108594 0.154688 0.110156 0.15625 0.12265600000000002 0.157031 0.146875 0.164062 0.159375 0.170313 0.172656 0.179688 0.178125 0.180469 0.182031 0.177344 0.185938 0.178125 0.185938 0.173437 0.189062 0.165625 0.204687 0.146875 0.21640600000000002 0.139844 0.228125 0.129688 0.249219 0.11796900000000002 0.251563 0.115625
1 0.305469 0 0.282031 0 0.28125 0.007031 0.283594 0.021875 0.282813 0.069531 0.286719 0.079687 0.291406 0.075781 0.295312 0.057031 0.301563 0.039062
1 0.342969 0 0.342969 0.007031 0.346094 0.014844 0.355469 0.028905999999999998 0.369531 0.034375 0.369531 0.025 0.364063 0.013280999999999998 0.357031 0.008594 0.35625 0
1 0.30625 0.048438 0.309375 0.051562 0.313281 0.0625 0.321094 0.070312 0.36875 0.10703100000000002 0.376563 0.109375 0.389062 0.11640599999999998 0.407813 0.120313 0.428125 0.130469 0.42968799999999996 0.128906 0.430469 0.12265600000000002 0.428125 0.117188 0.416406 0.104688 0.389844 0.092188 0.4 0.084375 0.4 0.082031 0.396094 0.08125 0.392188 0.083594 0.382812 0.084375 0.36875 0.089844 0.364844 0.089844 0.35 0.070312 0.333594 0.055469000000000004 0.314844 0.045312
1 0.367969 0.139063 0.364844 0.141406 0.367969 0.175 0.374219 0.179688 0.383594 0.198437 0.388281 0.202344 0.396875 0.204687 0.398438 0.201563 0.397656 0.192188 0.390625 0.176563 0.385156 0.16875 0.376563 0.165625 0.370312 0.139844
1 0.007031 0.196875 0.007031 0.203125 0.009375 0.20625 0.032813 0.217188 0.040625 0.217188 0.064062 0.22265600000000002 0.075781 0.221875 0.078906 0.22343799999999997 0.088281 0.22343799999999997 0.099219 0.22968700000000003 0.158594 0.23125 0.164844 0.228906 0.182812 0.22968700000000003 0.189062 0.232813 0.198437 0.232813 0.202344 0.22968700000000003 0.202344 0.22343799999999997 0.199219 0.220312 0.189844 0.21875 0.163281 0.20703100000000002 0.144531 0.203906 0.12265600000000002 0.203906 0.107813 0.20703100000000002 0.099219 0.2125 0.071094 0.21484399999999998 0.060937 0.208594 0.055469000000000004 0.20781299999999997 0.053905999999999996 0.204687 0.049219 0.204687 0.046094 0.201563 0.032813 0.20078100000000002 0.029687 0.198437 0.017969 0.198437 0.015625 0.196094
1 0.046875 0.296094 0.045312 0.297656 0.045312 0.303125 0.05 0.310937 0.059375 0.319531 0.0625 0.332031 0.071875 0.341406 0.077344 0.35 0.079687 0.35 0.091406 0.357812 0.096094 0.357812 0.095312 0.347656 0.092188 0.346875 0.078125 0.332813 0.072656 0.323437 0.061719 0.314844 0.060937 0.308594 0.055469000000000004 0.303125 0.053905999999999996 0.298438 0.050781 0.296094
1 0.096094 0.41875 0.091406 0.419531 0.091406 0.430469 0.089844 0.434375 0.072656 0.446875 0.057813 0.463281 0.055469000000000004 0.46875 0.05625 0.47343799999999997 0.065625 0.471094 0.083594 0.45625 0.088281 0.45625 0.10078099999999998 0.45 0.10078099999999998 0.42656299999999997
1 0.157812 0.446875 0.15625 0.455469 0.161719 0.463281 0.178125 0.47968700000000003 0.209375 0.503125 0.228125 0.513281 0.234375 0.524219 0.249219 0.541406 0.271094 0.554688 0.273438 0.553125 0.275781 0.548438 0.272656 0.54375 0.260937 0.532031 0.249219 0.514062 0.241406 0.507031 0.239844 0.502344 0.232813 0.498437 0.227344 0.497656 0.224219 0.49218799999999996 0.22343799999999997 0.485938 0.220312 0.48515600000000003 0.20546899999999998 0.46953100000000003 0.19375 0.463281 0.180469 0.451562 0.166406 0.44531200000000004
1 0.040625 0.545312 0.025781 0.559375 0.024219 0.563281 0.025 0.567969 0.030469000000000003 0.577344 0.038281 0.585156 0.05 0.592187 0.057031 0.592187 0.057031 0.586719 0.053905999999999996 0.579688 0.042188 0.567969 0.041406 0.557031 0.046875 0.553906 0.046875 0.548438
1 0.115625 0.585156 0.11171899999999998 0.586719 0.10703100000000002 0.59375 0.103125 0.592969 0.10078099999999998 0.611719 0.103125 0.616406 0.108594 0.617969 0.11171899999999998 0.614844 0.121094 0.592969 0.126562 0.5775
1 0.346094 0.496094 0.336719 0.498437 0.307812 0.514844 0.279687 0.544531 0.254688 0.583594 0.253125 0.589844 0.253125 0.60625 0.249219 0.614062 0.23906299999999997 0.622656 0.242969 0.627344 0.242969 0.638281 0.227344 0.670312 0.21640600000000002 0.676562 0.208594 0.688281 0.208594 0.700781 0.213281 0.700781 0.22265600000000002 0.691406 0.228125 0.688281 0.244531 0.672656 0.252344 0.6625 0.264062 0.635156 0.267188 0.6125 0.271875 0.609375 0.275 0.609375 0.28125 0.603125 0.282813 0.598437 0.292969 0.589844 0.297656 0.58125 0.307812 0.571094 0.327344 0.542188 0.339062 0.521094 0.346094 0.505469
1 0.0375 0.78125 0.032813 0.782031 0.028905999999999998 0.789844 0.025 0.802344 0.025 0.8101559999999999 0.019531 0.814063 0.019531 0.8210940000000001 0.016406 0.8257809999999999 0.017969 0.83125 0.028905999999999998 0.8351559999999999 0.03125 0.828125 0.033594 0.826562 0.035156 0.807031 0.039062 0.795312
1 0.299219 0.735938 0.289062 0.739062 0.282813 0.747656 0.279687 0.758594 0.273906 0.783906 0.271094 0.7625 0.26875 0.783594 0.270313 0.8039059999999999 0.267969 0.807031 0.259375 0.810937 0.24765600000000002 0.8257809999999999 0.242969 0.839844 0.235937 0.8523440000000001 0.235937 0.863281 0.24609399999999998 0.857812 0.257812 0.838281 0.264062 0.83125 0.269531 0.8195309999999999 0.278906 0.8125 0.2875 0.801562 0.299219 0.771875 0.301563 0.761719 0.302344 0.742188
1 0.258594 0.8367190000000001 0.255469 0.8414059999999999 0.255469 0.851562 0.260156 0.86875 0.271875 0.880469 0.285156 0.8835940000000001 0.2875 0.8976559999999999 0.292187 0.9054689999999999 0.308594 0.9070310000000001 0.325781 0.900781 0.321094 0.8976559999999999 0.309375 0.898438 0.304688 0.896875 0.295312 0.886719 0.294531 0.8757810000000001 0.289062 0.873437 0.278125 0.860938 0.278906 0.8570309999999999 0.275 0.853125 0.270313 0.8414059999999999 0.265625 0.838281 0.264062 0.834375
1 0.228125 0.939063 0.228125 0.94375 0.24609399999999998 0.9695310000000001 0.265625 0.9820309999999999 0.278125 0.9851560000000001 0.280469 0.984375 0.280469 0.978125 0.275781 0.973437 0.267188 0.96875 0.2375 0.94375
1 0.114062 0.9664059999999999 0.115625 0.974219 0.12265600000000002 0.978906 0.20703100000000002 0.984375 0.209375 0.982812 0.209375 0.978125 0.19375 0.96875 0.173437 0.9617190000000001 0.158594 0.958594 0.127344 0.9601559999999999 0.11796900000000002 0.9625
1 0.0375 0.923438 0.044766 0.933984 0.051483999999999995 0.942266 0.058906 0.9503129999999999 0.067187 0.9559370000000001 0.077187 0.961875 0.084531 0.965781 0.090234 0.965781 0.091563 0.9650779999999999 0.092969 0.9625 0.092969 0.958594 0.089844 0.954688 0.076563 0.948438 0.072656 0.9445309999999999 0.063047 0.9403120000000001 0.049844 0.928984
1 0.478125 0.864062 0.475781 0.8835940000000001 0.477344 0.8972659999999999 0.47765599999999997 0.9041409999999999 0.48054699999999995 0.917422 0.48601600000000006 0.940234 0.48914099999999994 0.940391 0.490313 0.93125 0.490313 0.921797 0.49218799999999996 0.9125 0.49218799999999996 0.8914060000000001 0.490625 0.8875 0.48359399999999997 0.882812 0.482812 0.8679690000000001
1 0.545312 0.939063 0.548438 0.948438 0.55625 0.95625 0.557031 0.95 0.565156 0.951719 0.577344 0.9539060000000001 0.585938 0.951562 0.575 0.9460940000000001 0.564063 0.94375 0.557813 0.939063 0.546875 0.9375
1 0.654687 0.964063 0.645312 0.9664059999999999 0.621875 0.982812 0.614844 0.985938 0.610156 0.989844 0.608594 1 0.625781 1 0.63125 0.990625 0.654687 0.9679689999999999
1 0.790625 0.884375 0.786719 0.8882809999999999 0.783594 0.9039059999999999 0.782031 0.9289059999999999 0.777344 0.94375 0.782813 0.948438 0.786719 0.947656 0.796094 0.95 0.802031 0.945937 0.79375 0.942969 0.788047 0.941563 0.795312 0.9304690000000001 0.796875 0.90625 0.79375 0.890625
1 0.608594 0.716406 0.602734 0.721328 0.634453 0.724219 0.648359 0.722813 0.660078 0.722578 0.670312 0.725 0.683594 0.727344 0.690625 0.730469 0.701562 0.73125 0.72 0.713828 0.735078 0.703906 0.760156 0.693906 0.770469 0.687656 0.736797 0.694453 0.712969 0.703984 0.703125 0.721094 0.701562 0.722656 0.692187 0.709375 0.679688 0.703906 0.66875 0.702344 0.649219 0.703125
1 0.654687 0.555469 0.65 0.55625 0.635156 0.567969 0.610938 0.591406 0.605469 0.599219 0.596875 0.619531 0.596875 0.623437 0.600781 0.63125 0.598437 0.632812 0.591406 0.632812 0.582031 0.640625 0.582031 0.645312 0.579688 0.648438 0.575 0.666406 0.575781 0.675781 0.574219 0.682031 0.576562 0.682031 0.577344 0.676562 0.580469 0.673438 0.585156 0.659375 0.595313 0.640625 0.603906 0.632812 0.607812 0.632812 0.613281 0.627344 0.614844 0.621875 0.626563 0.603125 0.646875 0.577344 0.654687 0.5625
1 0.86875 0.505469 0.860938 0.503125 0.839844 0.507812 0.822656 0.514844 0.804688 0.525 0.776563 0.546875 0.771875 0.559375 0.764844 0.570312 0.752344 0.578125 0.739844 0.580469 0.735156 0.585938 0.732031 0.585938 0.721875 0.594531 0.708594 0.602344 0.707031 0.607812 0.710938 0.607812 0.725 0.602344 0.732031 0.597656 0.739844 0.596094 0.767188 0.572656 0.772656 0.573438 0.786719 0.570312 0.8257809999999999 0.539062 0.832812 0.535937 0.842187 0.527344 0.8679690000000001 0.510156
1 0.271719 0.627891 0.277188 0.645547 0.285156 0.658594 0.288047 0.671094 0.292187 0.678125 0.294531 0.689844 0.300625 0.697813 0.298438 0.704688 0.306875 0.7025 0.309766 0.69625 0.315078 0.694063 0.326797 0.694453 0.311719 0.689063 0.307812 0.685937 0.303906 0.677344 0.302344 0.667969 0.297656 0.661719 0.296875 0.657031 0.2875 0.646094
1 0.377344 0.616406 0.371094 0.61875 0.360156 0.626563 0.351562 0.642188 0.351562 0.65 0.349219 0.652344 0.342187 0.653906 0.327344 0.673438 0.323437 0.685156 0.323437 0.690625 0.329688 0.698438 0.334375 0.694531 0.335156 0.689844 0.360156 0.658594 0.358594 0.649219 0.363281 0.640625 0.367969 0.636719 0.378125 0.622656
1 0.44375 0.595313 0.439063 0.594531 0.43671899999999997 0.596094 0.430469 0.624219 0.420312 0.630469 0.417969 0.638281 0.397656 0.667969 0.392188 0.683594 0.392188 0.689063 0.394531 0.691406 0.400781 0.688281 0.4125 0.674219 0.42656299999999997 0.65 0.428906 0.642969 0.428906 0.634375 0.439844 0.625 0.442969 0.611719
1 0.580469 0.509375 0.564063 0.511719 0.5625 0.514062 0.54375 0.523438 0.520312 0.541406 0.516406 0.549219 0.503906 0.559375 0.496875 0.560937 0.4875 0.555469 0.474219 0.555469 0.447656 0.566406 0.434375 0.576562 0.420312 0.590625 0.415625 0.6 0.432031 0.6 0.4625 0.582031 0.471875 0.579688 0.482031 0.574219 0.49375 0.572656 0.504687 0.564844 0.517969 0.560937 0.53125 0.550781 0.548438 0.542188 0.561719 0.532813 0.577344 0.517188
1 0.551562 0.317969 0.548438 0.314063 0.542969 0.3125 0.536719 0.3125 0.517188 0.317188 0.490625 0.328125 0.478906 0.340625 0.46406200000000003 0.335156 0.44843700000000003 0.335938 0.43828100000000003 0.334375 0.435937 0.335938 0.435937 0.339062 0.44218799999999997 0.34375 0.4625 0.347656 0.474219 0.346094 0.4875 0.346875 0.504687 0.34375 0.538281 0.330469 0.547656 0.325
1 0.44375 0.285938 0.434375 0.2875 0.425 0.3 0.42109399999999997 0.3125 0.420312 0.322656 0.411719 0.332813 0.40625 0.351562 0.407813 0.360938 0.409375 0.360938 0.41093799999999997 0.35625 0.421875 0.342969 0.42265600000000003 0.338281 0.430469 0.328906 0.43828100000000003 0.314844 0.44531200000000004 0.289062
1 0.342969 0.353125 0.342969 0.357812 0.349219 0.364844 0.360938 0.3625 0.367969 0.357812 0.367969 0.353125 0.365625 0.350781 0.349219 0.350781
1 0.415625 0.42265600000000003 0.417969 0.432031 0.424219 0.439844 0.459375 0.471094 0.471875 0.47343799999999997 0.485938 0.49218799999999996 0.506797 0.504063 0.514141 0.509687 0.521875 0.511719 0.534297 0.513828 0.532813 0.50875 0.529687 0.502344 0.525391 0.49984400000000007 0.520625 0.49523400000000006 0.517109 0.491406 0.508203 0.486406 0.497813 0.48007799999999995 0.48515600000000003 0.46796899999999997 0.478125 0.465625 0.45875000000000005 0.441953 0.44132800000000005 0.426797 0.429609 0.417656 0.425781 0.419531 0.41875 0.419531
1 0.455469 0 0.44531200000000004 0 0.44531200000000004 0.009375 0.442969 0.016406 0.43828100000000003 0.016406 0.434375 0.013280999999999998 0.428125 0.011719 0.415625 0.011719 0.414844 0.013280999999999998 0.43671899999999997 0.022656 0.440625 0.026561999999999995 0.439844 0.063281 0.446875 0.075 0.451562 0.072656 0.451562 0.064844 0.45625 0.055469000000000004 0.460156 0.041406 0.463281 0.038281 0.47656200000000004 0.040625 0.49921899999999997 0.040625 0.503125 0.038281 0.49921899999999997 0.032813 0.4875 0.028125 0.478906 0.020313 0.46796899999999997 0.017969 0.463281 0.0125 0.458594 0.011719
1 0.585156 0.009375 0.579688 0.009375 0.561719 0.019531 0.55 0.032813 0.547656 0.038281 0.548438 0.042969 0.55625 0.039062 0.564063 0.030469000000000003 0.584375 0.014063
1 0.552344 0.067969 0.551562 0.073438 0.575781 0.090625 0.582031 0.092969 0.585938 0.092188 0.584375 0.086719 0.564063 0.06875 0.560937 0.067187
1 0.514844 0.10703100000000002 0.521094 0.115625 0.53125 0.120313 0.550781 0.140625 0.555469 0.153125 0.55625 0.16875 0.560937 0.167187 0.5625 0.164062 0.572656 0.160156 0.592187 0.159375 0.616406 0.164844 0.625781 0.170313 0.638281 0.173437 0.642188 0.176563 0.648438 0.175 0.651563 0.170313 0.652344 0.165625 0.646094 0.15625 0.628125 0.146875 0.6125 0.141406 0.592187 0.140625 0.583594 0.142187 0.570312 0.149219 0.567969 0.154688 0.564844 0.154688 0.563281 0.152344 0.5625 0.138281 0.552344 0.12265600000000002 0.538281 0.1125 0.527344 0.10703100000000002 0.517969 0.105469
1 0.721094 0.06875 0.711719 0.067187 0.700781 0.069531 0.691406 0.075 0.688281 0.080469 0.692969 0.086719 0.698438 0.089063 0.705469 0.080469 0.716406 0.078125 0.721094 0.072656
1 0.730469 0 0.734375 0.010156 0.742969 0.021094 0.752344 0.038281 0.755469 0.048438 0.755469 0.061719 0.760156 0.063281 0.76875 0.057813 0.775781 0.05625 0.779687 0.057813 0.7875 0.054688 0.801562 0.054688 0.8039059999999999 0.053125 0.792969 0.046875 0.778125 0.044531 0.775781 0.040625 0.771875 0.040625 0.767188 0.029687 0.763281 0.026561999999999995 0.746875 0
1 0.617188 0.203906 0.616406 0.202344 0.609375 0.202344 0.604688 0.204687 0.599219 0.203906 0.596875 0.20546899999999998 0.592969 0.203906 0.5875 0.20546899999999998 0.575 0.203906 0.56875 0.20625 0.566406 0.209375 0.596094 0.21875 0.603906 0.210938 0.614844 0.209375
1 0.650781 0.210938 0.642188 0.213281 0.638281 0.21875 0.626563 0.219531 0.625781 0.240625 0.628125 0.252344 0.638281 0.282031 0.646094 0.295312 0.648438 0.29375 0.649219 0.289844 0.647656 0.248438 0.639062 0.227344 0.646094 0.22109399999999998 0.65 0.219531 0.654687 0.220312 0.658594 0.217188 0.657031 0.2125
1 0.732812 0.219531 0.735156 0.22343799999999997 0.746875 0.227344 0.763281 0.228125 0.782813 0.235156 0.785156 0.232813 0.7875 0.220312 0.783594 0.219531 0.780469 0.21640600000000002 0.76875 0.21406200000000003 0.7375 0.215625
1 0.8460940000000001 0.213281 0.8414059999999999 0.21484399999999998 0.828125 0.22968700000000003 0.822656 0.239844 0.815625 0.246875 0.801562 0.267188 0.799219 0.275 0.775781 0.286719 0.773438 0.291406 0.789062 0.292187 0.803125 0.289062 0.820312 0.271094 0.845313 0.232813 0.847656 0.221875 0.847656 0.215625
1 0.9989060000000001 0.296016 0.988203 0.294453 0.9757809999999999 0.292187 0.957812 0.291406 0.9367189999999999 0.294531 0.9289059999999999 0.296875 0.9152340000000001 0.304219 0.9054689999999999 0.302344 0.886328 0.300156 0.872109 0.300234 0.891094 0.306875 0.911719 0.316406 0.920312 0.316406 0.953125 0.308594 0.967187 0.307812 0.982812 0.303906 0.990625 0.304688 0.9929690000000001 0.303125 0.9978909999999999 0.302031
1 0.967187 0.167187 0.9601559999999999 0.173437 0.957812 0.182031 0.951562 0.192969 0.95 0.20078100000000002 0.95 0.217969 0.958594 0.228906 0.960938 0.228906 0.9625 0.226562 0.960938 0.20703100000000002 0.963281 0.191406 0.96875 0.179688 0.9695310000000001 0.171875
1 0.634375 0.335156 0.629687 0.335156 0.625781 0.3375 0.607031 0.372656 0.607031 0.378906 0.611719 0.378125 0.635938 0.35 0.638281 0.344531
1 0.707031 0.259375 0.692969 0.260937 0.670312 0.275781 0.657813 0.289844 0.652344 0.299219 0.652344 0.303906 0.65625 0.315625 0.661719 0.323437 0.675 0.305469 0.6875 0.282813 0.703125 0.267188
1 0.5875 0.242969 0.578906 0.242188 0.572656 0.24609399999999998 0.563281 0.2625 0.558594 0.267188 0.553906 0.296875 0.552344 0.298438 0.554688 0.307031 0.560937 0.305469 0.563281 0.299219 0.577344 0.283594 0.583594 0.271094 0.588281 0.267969 0.590625 0.260156 0.590625 0.246875
1 0.325781 0.298438 0.323437 0.300781 0.324219 0.325781 0.332813 0.344531 0.3375 0.349219 0.342187 0.350781 0.344531 0.346094 0.34375 0.335938 0.332031 0.302344 0.329688 0.299219
1 0.900781 0.327344 0.896094 0.322656 0.890625 0.320312 0.876563 0.321094 0.8625 0.325 0.8273439999999999 0.34375 0.810937 0.355469 0.796094 0.372656 0.796094 0.377344 0.803125 0.377344 0.8195309999999999 0.370312 0.828125 0.369531 0.839844 0.361719 0.8460940000000001 0.360156 0.853906 0.354687 0.8617190000000001 0.352344 0.885938 0.339062 0.8976559999999999 0.335938 0.901563 0.330469
1 0.794297 0.405156 0.800938 0.407813 0.8113279999999999 0.414141 0.8195309999999999 0.416406 0.838281 0.42109399999999997 0.8523440000000001 0.42109399999999997 0.864062 0.428125 0.890625 0.433594 0.9210939999999999 0.435937 0.928125 0.43828100000000003 0.9382810000000001 0.43828100000000003 0.947656 0.435937 0.941406 0.424219 0.9351559999999999 0.41875 0.9132809999999999 0.41093799999999997 0.882812 0.410156 0.851562 0.41406200000000004 0.8378910000000002 0.407969 0.828125 0.40570300000000004 0.8210940000000001 0.403906 0.817109 0.401406 0.810937 0.400781 0.780234 0.3925 0.790312 0.40085899999999997
1 0.788281 0.647656 0.783594 0.660156 0.783594 0.664844 0.79375 0.68125 0.801562 0.704688 0.800781 0.717187 0.807031 0.717187 0.8117189999999999 0.710156 0.8257809999999999 0.703906 0.842187 0.70625 0.842187 0.700781 0.833594 0.697656 0.83125 0.694531 0.8257809999999999 0.697656 0.815625 0.694531 0.8195309999999999 0.677344 0.810937 0.670312 0.802344 0.65625 0.79375 0.647656
1 0.742188 0.734375 0.74375 0.763281 0.753906 0.763281 0.760938 0.767188 0.790625 0.800781 0.797656 0.804688 0.801562 0.8039059999999999 0.802344 0.800781 0.79375 0.774219 0.7875 0.764844 0.777344 0.75625 0.763281 0.752344 0.75 0.755469 0.748437 0.753906 0.749219 0.734375
1 0.31875 0.815625 0.311875 0.818047 0.306719 0.8204689999999999 0.300781 0.817187 0.294531 0.815625 0.290625 0.817969 0.290625 0.822656 0.295312 0.8289060000000001 0.299219 0.8304690000000001 0.315625 0.8289060000000001 0.31875 0.8273439999999999
1 0.153906 0.496094 0.153906 0.507031 0.163281 0.520312 0.182031 0.538281 0.197656 0.547656 0.199219 0.546094 0.198437 0.541406 0.189062 0.526563 0.158594 0.494531
1 0.845313 0.23046899999999998 0.8375 0.242188 0.835938 0.248438 0.853906 0.257812 0.8679690000000001 0.267969 0.873437 0.267969 0.873437 0.257812 0.864844 0.242188 0.8585939999999999 0.235937
1 0.8304690000000001 0.228125 0.821875 0.226562 0.809375 0.22968700000000003 0.8039059999999999 0.235156 0.800781 0.244531 0.804688 0.24765600000000002 0.817187 0.24609399999999998 0.826562 0.23671899999999998
1 0.648438 0.425781 0.64375 0.424219 0.632031 0.427344 0.622656 0.434375 0.622656 0.4375 0.627344 0.43828100000000003 0.63125 0.435937 0.647656 0.433594
1 0.694531 0.31875 0.692187 0.321094 0.690625 0.329688 0.691406 0.354687 0.699219 0.374219 0.702344 0.375 0.707031 0.369531 0.703906 0.357031 0.703906 0.335938 0.700781 0.321875 0.699219 0.319531
1 0.8 0.189844 0.794531 0.190625 0.790625 0.19375 0.7875 0.2 0.783594 0.23046899999999998 0.778125 0.250781 0.777344 0.264844 0.778906 0.273438 0.782031 0.278906 0.785937 0.28125 0.792969 0.276562 0.800781 0.264844 0.804688 0.25 0.804688 0.23906299999999997 0.808594 0.228906 0.809375 0.20703100000000002 0.804688 0.199219 0.803125 0.192188
1 0.78125 0.301563 0.771875 0.301563 0.76875 0.303125 0.757812 0.319531 0.747656 0.328906 0.739844 0.357031 0.740625 0.361719 0.746094 0.361719 0.752344 0.357812 0.780469 0.325781 0.785937 0.315625 0.785937 0.309375
1 0.685937 0.132031 0.682031 0.133594 0.664844 0.152344 0.629687 0.198437 0.610938 0.20546899999999998 0.607031 0.208594 0.608594 0.2125 0.607812 0.215625 0.603125 0.219531 0.599219 0.217969 0.598437 0.228906 0.59375 0.239844 0.595313 0.248438 0.592969 0.251563 0.592969 0.25625 0.595313 0.259375 0.603906 0.2625 0.605469 0.260156 0.615625 0.255469 0.628125 0.23203100000000002 0.642969 0.22109399999999998 0.64375 0.217188 0.664844 0.189844 0.682031 0.1625 0.689063 0.139063
1 0.614844 0.260156 0.607812 0.263281 0.610156 0.275781 0.628906 0.317188 0.640625 0.349219 0.648438 0.361719 0.653906 0.377344 0.658594 0.38125 0.663281 0.378125 0.664062 0.371875 0.663281 0.336719 0.660937 0.325 0.651563 0.301563 0.642188 0.289844 0.639062 0.280469 0.629687 0.263281 0.621094 0.259375