2 0.978125 0.135938 0.973438 0.142188 0.9742190000000001 0.147656 0.9773440000000001 0.146094 0.982812 0.146875 0.984375 0.145312 0.984375 0.14296899999999998 0.9929690000000001 0.135156 0.9929690000000001 0.11875 0.9898440000000001 0.11796899999999999 0.9835940000000001 0.124219 0.978125 0.135938
2 0.709375 0.547656 0.695312 0.55 0.694531 0.553125 0.696875 0.557031 0.715625 0.557812 0.725 0.553906 0.732031 0.553125 0.734375 0.548438 0.730469 0.546094 0.719531 0.544531 0.709375 0.547656
2 0.929062 0.6371089999999999 0.917813 0.637734 0.9168749999999999 0.642266 0.922344 0.644531 0.929688 0.644531 0.934375 0.642969 0.941563 0.629375 0.936797 0.633047 0.929062 0.6371089999999999
2 0.921875 0.21406299999999998 0.914062 0.22109399999999998 0.9203129999999999 0.22265600000000002 0.9289059999999999 0.221875 0.9367190000000001 0.21406299999999998 0.9382809999999999 0.210156 0.9375 0.20546899999999998 0.933594 0.20546899999999998 0.925781 0.213281 0.921875 0.21406299999999998
1 0.592187 0.670312 0.5875 0.665625 0.586719 0.660938 0.584375 0.657813 0.569531 0.652344 0.557812 0.652344 0.553125 0.653906 0.553906 0.660156 0.561719 0.66875 0.571875 0.672656 0.578125 0.673438 0.583594 0.676563 0.5875 0.676563 0.607031 0.689063 0.610156 0.6875 0.610156 0.685156 0.6 0.674219 0.592187 0.670312
1 0.648438 0.629688 0.64375 0.625 0.641406 0.625 0.635156 0.630469 0.630469 0.638281 0.630469 0.642969 0.635937 0.650781 0.640625 0.651562 0.646875 0.655469 0.658594 0.667187 0.659375 0.657813 0.646875 0.642188 0.648438 0.629688
1 0.65625 0.482812 0.663281 0.474219 0.6625 0.471094 0.654687 0.458594 0.652344 0.460156 0.649219 0.46953100000000003 0.645313 0.473437 0.639062 0.475 0.625781 0.473437 0.619531 0.474219 0.621094 0.478906 0.63125 0.48359399999999997 0.634375 0.486719 0.639844 0.4875 0.652344 0.5 0.655469 0.500781 0.658594 0.49921899999999997 0.659375 0.492969 0.65625 0.486719 0.65625 0.482812
1 0.536719 0.40703100000000003 0.525 0.40625 0.516406 0.411719 0.511719 0.423438 0.509375 0.4375 0.514062 0.43828100000000003 0.517969 0.434375 0.522656 0.432031 0.530469 0.42265600000000003 0.541406 0.417188 0.550781 0.404687 0.550781 0.4 0.546875 0.4 0.542187 0.404687 0.536719 0.40703100000000003
1 0.363281 0.472656 0.3625 0.466406 0.35625 0.464063 0.350781 0.460156 0.355469 0.451562 0.355469 0.442187 0.353125 0.439063 0.345313 0.43828100000000003 0.342187 0.442969 0.338281 0.454688 0.338281 0.460156 0.347656 0.465625 0.347656 0.467187 0.352344 0.471094 0.357031 0.478906 0.365625 0.488281 0.36718799999999996 0.4875 0.36718799999999996 0.482031 0.363281 0.472656
2 0.15859399999999998 0.610156 0.16015600000000002 0.617188 0.16875 0.617188 0.17578100000000002 0.610156 0.180469 0.607812 0.182031 0.603125 0.173438 0.600781 0.163281 0.603125 0.15859399999999998 0.610156
2 0.642188 0.157031 0.635156 0.15859399999999998 0.621875 0.157031 0.617188 0.159375 0.617188 0.163281 0.61875 0.166406 0.639062 0.165625 0.65 0.161719 0.650781 0.15625 0.65 0.154687 0.646094 0.154687 0.642188 0.157031
2 0.05625 0.077266 0.055469000000000004 0.08249999999999999 0.058281000000000006 0.08499999999999999 0.061016 0.08249999999999999 0.063281 0.07656199999999999 0.065625 0.072656 0.070312 0.069531 0.073438 0.065625 0.072656 0.0625 0.06406300000000001 0.064844 0.060156 0.067969 0.05625 0.077266
2 0.125 0.364844 0.12343699999999999 0.363281 0.11171899999999998 0.371875 0.10781199999999999 0.372656 0.108594 0.37421899999999997 0.11171899999999998 0.375 0.117188 0.385156 0.121875 0.3875 0.12734399999999998 0.392969 0.145312 0.404687 0.15234399999999998 0.403906 0.15390600000000002 0.4 0.126563 0.372656 0.125 0.364844
1 0.173438 0.329688 0.166406 0.33125 0.1625 0.334375 0.15859399999999998 0.335156 0.15390600000000002 0.339844 0.15234399999999998 0.34375 0.15234399999999998 0.353906 0.154687 0.355469 0.164844 0.352344 0.16953100000000002 0.346875 0.171875 0.338281 0.184375 0.330469 0.1875 0.325 0.184375 0.323438 0.17968800000000001 0.325 0.173438 0.329688
1 0.09218699999999999 0.326562 0.086719 0.32734399999999997 0.086719 0.334375 0.10234399999999999 0.34453100000000003 0.108594 0.345313 0.125 0.340625 0.125781 0.338281 0.13125 0.333594 0.13281199999999999 0.329688 0.117188 0.329688 0.09375 0.325 0.09218699999999999 0.326562
2 0.154687 0.24375 0.155469 0.24843700000000002 0.164844 0.25078100000000003 0.177344 0.24843700000000002 0.184375 0.244531 0.182031 0.242188 0.157031 0.242188 0.154687 0.24375
1 0.026562999999999996 0.43828100000000003 0.019531 0.42968799999999996 0.020312 0.42265600000000003 0.017969 0.413281 0.017969 0.40703100000000003 0.015625 0.403125 0.013281000000000001 0.402344 0.011719 0.415625 0.009375 0.423438 0.00625 0.426562 0.00625 0.42968799999999996 0.010938 0.439844 0.010938 0.444531 0.0125 0.448438 0.022656000000000003 0.460156 0.026562999999999996 0.46093799999999996 0.029687 0.459375 0.029687 0.446094 0.026562999999999996 0.43828100000000003
2 0.403125 0.696875 0.392188 0.69375 0.388281 0.696875 0.392188 0.707031 0.395312 0.709375 0.394531 0.713281 0.390625 0.720313 0.39140600000000003 0.723438 0.392969 0.723438 0.403906 0.714062 0.40546899999999997 0.703906 0.403125 0.696875
2 0.8820309999999999 0.901563 0.8773440000000001 0.8960940000000001 0.86875 0.8960940000000001 0.8734379999999999 0.8992190000000001 0.875 0.9046879999999999 0.875 0.9242190000000001 0.8773440000000001 0.926562 0.8835940000000001 0.9164059999999999 0.884375 0.9078120000000001 0.8820309999999999 0.901563
2 0.859375 0.90625 0.854687 0.902344 0.8460940000000001 0.8992190000000001 0.834375 0.9 0.8382809999999999 0.9046879999999999 0.8421879999999999 0.90625 0.8492190000000001 0.9125 0.8585940000000001 0.9132809999999999 0.864063 0.9164059999999999 0.8757809999999999 0.9164059999999999 0.873672 0.913594 0.872109 0.9117190000000001 0.859375 0.90625
2 0.701562 0.592969 0.696875 0.59375 0.695312 0.595313 0.696875 0.6 0.702344 0.601562 0.710938 0.601562 0.714844 0.6 0.714062 0.596875 0.70625 0.595313 0.701562 0.592969