1 0.22968700000000003 0.619141 0.220703 0.61875 0.220703 0.602344 0.228125 0.601953 0.233203 0.596875 0.23164100000000004 0.585156 0.237891 0.576562 0.23828100000000002 0.570703 0.253125 0.570703 0.253516 0.604688 0.241406 0.606641 0.22968700000000003 0.619141
0 0.661719 0.625 0.663281 0.639062 0.667188 0.646094 0.66875 0.657031 0.675781 0.671094 0.6875 0.68125 0.701562 0.6875 0.702344 0.678906 0.7 0.673438 0.694531 0.66875 0.692187 0.661719 0.68125 0.65 0.678125 0.642188 0.663281 0.628906
0 0.959375 0.6875 0.9601559999999999 0.70625 0.9679689999999999 0.721094 0.9976559999999999 0.760156 1 0.760156 1 0.746094 0.9976559999999999 0.745313 0.985938 0.7125 0.96875 0.689844 0.963281 0.686719
0 0.489844 0.8125 0.491406 0.835938 0.4875 0.845313 0.486719 0.8898439999999999 0.4875 0.9226560000000001 0.490625 0.925 0.494531 0.921875 0.501563 0.903125 0.504687 0.885156 0.504687 0.85625 0.496875 0.8304690000000001 0.496094 0.820312 0.492969 0.814063
0 0.529687 0.022656 0.515625 0.035156 0.50625 0.051562 0.496875 0.060156 0.5 0.067969 0.501563 0.08125 0.491406 0.095312 0.49375 0.10078099999999998 0.498437 0.097656 0.503906 0.086719 0.510156 0.085938 0.520312 0.053905999999999996 0.528125 0.042188 0.532813 0.025781
0 0.672656 0.220312 0.673438 0.225 0.678125 0.225 0.68125 0.228906 0.685937 0.228906 0.689844 0.226562 0.696875 0.23671899999999998 0.702344 0.239844 0.725781 0.24609399999999998 0.789062 0.24531200000000003 0.797656 0.24375 0.801562 0.240625 0.797656 0.23671899999999998 0.7875 0.232813 0.74375 0.22109399999999998 0.732812 0.21640600000000002 0.703906 0.21406200000000003 0.696875 0.217188 0.692969 0.221875 0.682031 0.219531
0 0.400781 0.370312 0.396875 0.367969 0.392188 0.36875 0.392188 0.373437 0.389062 0.376563 0.383594 0.378125 0.364844 0.389844 0.360156 0.395313 0.359375 0.403125 0.351562 0.410156 0.346875 0.411719 0.35 0.416406 0.347656 0.424219 0.330469 0.459375 0.325 0.464844 0.321094 0.464844 0.314844 0.46875 0.320312 0.485938 0.325781 0.489844 0.334375 0.4875 0.352344 0.46953100000000003 0.367188 0.446094 0.378125 0.41875 0.378125 0.409375 0.403906 0.389062 0.403906 0.376563
0 0.665625 0.421875 0.660156 0.413281 0.653125 0.411719 0.624219 0.41875 0.58125 0.42109399999999997 0.572656 0.423438 0.571094 0.428125 0.575781 0.432031 0.5875 0.435937 0.591406 0.439063 0.61875 0.439844 0.639844 0.44218799999999997 0.646875 0.444531 0.654687 0.44218799999999997 0.6625 0.43671899999999997 0.665625 0.428125
0 0.764062 0.501563 0.764844 0.507812 0.771094 0.510938 0.776563 0.516406 0.779687 0.517188 0.782813 0.510156 0.7875 0.507812 0.796875 0.523438 0.814063 0.528125 0.834375 0.528906 0.853906 0.525 0.867188 0.517969 0.8664059999999999 0.509375 0.857812 0.503906 0.847656 0.502344 0.84375 0.497656 0.8460940000000001 0.49375 0.821875 0.494531 0.8054690000000001 0.490625 0.786719 0.48906299999999997 0.775 0.49218799999999996 0.770312 0.49921899999999997
0 0.95 0.564063 0.946875 0.567969 0.945312 0.578125 0.945312 0.621875 0.942969 0.650781 0.946875 0.661719 0.9507809999999999 0.664844 0.9554690000000001 0.664844 0.957031 0.659375 0.9679689999999999 0.652344 0.975 0.642188 0.9773440000000001 0.630469 0.9773440000000001 0.614844 0.973437 0.599219 0.967187 0.585156 0.9523439999999999 0.564063
0 0.907813 0.911719 0.90625 0.916406 0.9125 0.935937 0.935937 0.959375 0.946875 0.9664059999999999 0.9664059999999999 0.975 0.9851560000000001 0.980469 0.988281 0.978906 0.979688 0.964063 0.948438 0.9304690000000001 0.921875 0.915625 0.9148440000000001 0.915625
0 0.465625 0.745313 0.46406200000000003 0.746875 0.464844 0.760156 0.470313 0.784375 0.477344 0.800781 0.484375 0.8039059999999999 0.490625 0.810937 0.49375 0.808594 0.501563 0.794531 0.500781 0.782813 0.48359399999999997 0.757031 0.470313 0.745313
0 0.444531 0.522656 0.442969 0.526563 0.446094 0.533594 0.460156 0.551562 0.48359399999999997 0.586719 0.503125 0.60625 0.513281 0.6125 0.522656 0.614062 0.530469 0.610938 0.5375 0.598437 0.536719 0.592969 0.532031 0.586719 0.49218799999999996 0.548438 0.475781 0.535937 0.451562 0.522656
0 0.21640600000000002 0.465625 0.204687 0.475 0.189062 0.494531 0.188281 0.49921899999999997 0.177344 0.510938 0.175781 0.517969 0.177344 0.521094 0.194531 0.53125 0.197656 0.536719 0.21640600000000002 0.551562 0.22109399999999998 0.553125 0.22343799999999997 0.549219 0.22265600000000002 0.541406 0.20781299999999997 0.517188 0.196094 0.505469 0.197656 0.501563 0.201563 0.498437 0.202344 0.494531 0.20703100000000002 0.490625 0.217969 0.475 0.22109399999999998 0.466406
0 0.4125 0.176563 0.403906 0.180469 0.4 0.1875 0.396094 0.202344 0.392188 0.225781 0.392188 0.242188 0.396094 0.257812 0.400781 0.255469 0.404687 0.24531200000000003 0.407813 0.244531 0.40625 0.242969 0.407813 0.228125 0.420312 0.196875 0.41718700000000003 0.179688
0 0.409375 0.265625 0.398438 0.276562 0.389062 0.296875 0.384375 0.314063 0.388281 0.317188 0.40156200000000003 0.313281 0.404687 0.308594 0.413281 0.282031 0.4125 0.267969
0 0.574219 0.057031 0.575 0.064844 0.58125 0.071094 0.614062 0.071875 0.627344 0.069531 0.635156 0.061719 0.646875 0.061719 0.65 0.05625 0.648438 0.050781 0.634375 0.040625 0.627344 0.038281 0.610156 0.038281 0.591406 0.041406 0.586719 0.04375 0.576562 0.052344
1 0.959375 0.8972659999999999 0.9460940000000001 0.8972659999999999 0.945703 0.8898439999999999 0.934766 0.879687 0.925391 0.864844 0.901563 0.845703 0.870703 0.845313 0.871094 0.8347659999999999 0.886328 0.834375 0.878516 0.81875 0.878906 0.808203 0.8957029999999999 0.808594 0.8957029999999999 0.814063 0.903516 0.8195309999999999 0.9066410000000001 0.8257809999999999 0.9066410000000001 0.834375 0.930078 0.8507809999999999 0.950391 0.880469 0.9519529999999999 0.8875 0.9597659999999999 0.8882809999999999 0.959375 0.8972659999999999
1 0.328125 0.297266 0.302344 0.297266 0.301563 0.291016 0.277344 0.284766 0.244531 0.267578 0.232813 0.250391 0.208594 0.248828 0.198437 0.253516 0.177344 0.251953 0.176953 0.239844 0.264062 0.239453 0.264453 0.24531200000000003 0.275781 0.253516 0.303125 0.266016 0.321094 0.280078 0.328125 0.280078 0.328125 0.297266
1 0.46093799999999996 0.353516 0.45195299999999994 0.353125 0.45234399999999997 0.333203 0.45781299999999997 0.333203 0.48359399999999997 0.320703 0.49531200000000003 0.320703 0.504687 0.316016 0.517969 0.300391 0.530078 0.295312 0.530469 0.289453 0.587891 0.289844 0.589453 0.303125 0.564063 0.323828 0.528125 0.336328 0.519531 0.336328 0.510938 0.330078 0.503906 0.330078 0.484375 0.344141 0.461719 0.347266 0.46093799999999996 0.353516
1 0.864062 0.43320299999999995 0.856641 0.43125 0.8503909999999999 0.388281 0.845313 0.383203 0.839453 0.382812 0.839844 0.314453 0.854688 0.314453 0.8660159999999999 0.34375 0.872266 0.344531 0.872266 0.385937 0.864844 0.386328 0.862891 0.389844 0.8660159999999999 0.41093799999999997 0.872266 0.411719 0.872266 0.42968799999999996 0.864062 0.43320299999999995
1 0.776563 0.353516 0.767969 0.353516 0.767578 0.347656 0.748437 0.326953 0.727344 0.325391 0.726953 0.314844 0.746875 0.314453 0.753516 0.309375 0.753906 0.301953 0.767188 0.301953 0.767578 0.321875 0.764453 0.328125 0.776953 0.344531 0.776563 0.353516
1 0.596875 0.747266 0.589844 0.747266 0.5875 0.739453 0.578906 0.736328 0.557031 0.719141 0.528516 0.685937 0.528516 0.680469 0.519141 0.664062 0.519141 0.650781 0.514062 0.645703 0.508203 0.645312 0.508594 0.626953 0.51875 0.626953 0.521094 0.634766 0.525391 0.632812 0.525781 0.626953 0.533203 0.627344 0.536328 0.640625 0.562891 0.68125 0.575391 0.694531 0.589453 0.725 0.597266 0.727344 0.596875 0.747266
1 0.678125 0.8347659999999999 0.670703 0.834375 0.670703 0.796094 0.678516 0.79375 0.678906 0.776953 0.690625 0.776953 0.691016 0.782813 0.710938 0.797266 0.712891 0.804688 0.696094 0.805078 0.686328 0.826562 0.678125 0.8347659999999999
1 0.704688 0.347266 0.691406 0.347266 0.691016 0.341406 0.672656 0.330078 0.653125 0.305078 0.633594 0.305078 0.633203 0.289844 0.676562 0.289453 0.676953 0.295312 0.689453 0.307031 0.705078 0.328906 0.704688 0.347266
1 0.484375 0.4847659999999999 0.470703 0.484375 0.470703 0.464844 0.47656200000000004 0.46445299999999995 0.486328 0.454688 0.488281 0.44570300000000007 0.520312 0.44570300000000007 0.522656 0.4535159999999999 0.529687 0.4535159999999999 0.534766 0.457031 0.532813 0.46132800000000007 0.525 0.46445299999999995 0.513281 0.46445299999999995 0.502344 0.458203 0.49257800000000007 0.47343799999999997 0.4847659999999999 0.478906 0.484375 0.4847659999999999
2 0.465625 0.41601600000000005 0.446094 0.41601600000000005 0.44375 0.408203 0.40195299999999995 0.390625 0.402344 0.351953 0.41718700000000003 0.351953 0.419531 0.359766 0.423438 0.359766 0.43632799999999994 0.369531 0.455078 0.391406 0.459766 0.404687 0.46601599999999993 0.40546899999999997 0.465625 0.41601600000000005
1 0.635938 0.378516 0.626953 0.378125 0.627344 0.356641 0.639062 0.353516 0.639844 0.345703 0.670703 0.346094 0.66875 0.355078 0.638281 0.370703 0.635938 0.378516
1 0.892188 0.251953 0.878906 0.250391 0.85 0.233203 0.838281 0.233203 0.8191409999999999 0.209375 0.805078 0.182031 0.795312 0.172266 0.789453 0.171875 0.789453 0.152344 0.807813 0.151953 0.808203 0.157812 0.828125 0.172266 0.847266 0.194531 0.8503909999999999 0.20078100000000002 0.8503909999999999 0.221875 0.870313 0.228516 0.885938 0.237891 0.894141 0.24609399999999998 0.892188 0.251953
2 0.69375 0.291016 0.683203 0.290625 0.683203 0.261719 0.691016 0.259375 0.698828 0.246875 0.699219 0.239453 0.720313 0.239453 0.719141 0.254688 0.694141 0.285156 0.69375 0.291016
1 0.803125 0.489453 0.785156 0.487891 0.773828 0.467187 0.772266 0.45390600000000003 0.764453 0.451562 0.764844 0.41445300000000007 0.780078 0.414844 0.781641 0.42656299999999997 0.792578 0.441406 0.795703 0.454688 0.8035159999999999 0.457031 0.803125 0.489453
1 0.159375 0.322266 0.147656 0.322266 0.147266 0.316406 0.135937 0.305078 0.126953 0.303125 0.127344 0.281641 0.135937 0.281641 0.142578 0.292187 0.148828 0.296094 0.150391 0.304688 0.159766 0.307031 0.159375 0.322266
2 0.692187 0.43007800000000007 0.683203 0.42968799999999996 0.683594 0.412891 0.725 0.397266 0.727344 0.389453 0.751953 0.389844 0.751953 0.398438 0.745313 0.40507799999999994 0.710938 0.425391 0.692187 0.43007800000000007
1 0.9992189999999999 0.245703 0.975 0.23476599999999997 0.964453 0.234375 0.964453 0.213281 0.972266 0.210938 0.972266 0.20078100000000002 0.964453 0.198437 0.964844 0.176953 0.976953 0.177344 0.976953 0.184375 0.986328 0.20078100000000002 0.986328 0.209375 0.980078 0.221875 0.9992189999999999 0.230078
1 0.42656299999999997 0.709766 0.408203 0.709375 0.408203 0.691406 0.428125 0.687891 0.435156 0.670703 0.446875 0.670703 0.44726600000000005 0.692187 0.441406 0.692578 0.435937 0.701953 0.427344 0.703516 0.42656299999999997 0.709766
0 0.24101600000000004 0 0.242969 0.0035159999999999996 0.255078 0.008594 0.256641 0.015625 0.267969 0.028515999999999996 0.284375 0.031641 0.315625 0.045703 0.325781 0.055078 0.334375 0.056641 0.334766 0.064062 0.303906 0.064453 0.289844 0.06132800000000001 0.274219 0.053515999999999994 0.253125 0.033203 0.248438 0.036328 0.23828100000000002 0.034766 0.191406 0.017578 0.182812 0.011328 0.177344 0.011328 0.176953 0
1 0.196875 0.8535160000000002 0.189453 0.851562 0.178125 0.830078 0.170703 0.829688 0.170703 0.808594 0.182812 0.808203 0.185156 0.816016 0.198437 0.8175779999999999 0.205078 0.814063 0.20546899999999998 0.808203 0.232813 0.808203 0.23125 0.8175779999999999 0.21406200000000003 0.830078 0.20039100000000004 0.8351559999999999 0.196875 0.8535160000000002
1 0.9992189999999999 0.291016 0.981641 0.303906 0.980078 0.309375 0.9847660000000001 0.314844 0.9847660000000001 0.323437 0.980078 0.328906 0.980078 0.334375 0.974219 0.334766 0.9691410000000001 0.313281 0.965625 0.309766 0.9582029999999999 0.309375 0.9582029999999999 0.286719 0.970313 0.281641 0.980078 0.271875 0.980469 0.264453 0.9992189999999999 0.264453
1 0.160938 0.41757799999999995 0.151953 0.41718700000000003 0.152344 0.394141 0.179688 0.391016 0.2 0.384766 0.202344 0.376953 0.233203 0.377344 0.233203 0.384375 0.2125 0.40195299999999995 0.18125 0.412891 0.164844 0.409766 0.160938 0.41757799999999995
1 0.084375 0.709766 0.081641 0.709375 0.08125 0.691016 0.067187 0.686328 0.033594 0.683203 0.033203 0.671094 0.039062 0.670703 0.039844 0.664453 0.114062 0.664453 0.114453 0.671875 0.11914099999999998 0.675781 0.11914099999999998 0.679688 0.128125 0.681641 0.128516 0.685937 0.11484399999999999 0.686328 0.108594 0.680078 0.084766 0.702344 0.084375 0.709766
2 0.921875 0.4535159999999999 0.894531 0.4535159999999999 0.892188 0.44570300000000007 0.8757810000000001 0.4378909999999999 0.871875 0.43164100000000005 0.8644529999999999 0.43125 0.864844 0.395703 0.882812 0.395703 0.885156 0.40351599999999993 0.896875 0.411328 0.916406 0.43320299999999995 0.9222660000000001 0.433594 0.921875 0.4535159999999999
2 0.696875 0.741016 0.664844 0.741016 0.664453 0.730469 0.673438 0.728516 0.6875 0.717578 0.697266 0.707812 0.700781 0.695703 0.715625 0.695703 0.716016 0.715625 0.710156 0.716016 0.703516 0.722656 0.698828 0.728906 0.696875 0.741016
1 0.848437 0.053515999999999994 0.8195309999999999 0.053515999999999994 0.8191409999999999 0.047656 0.815625 0.045703 0.777344 0.041016 0.752344 0.031641 0.751953 0.008594 0.765625 0.008203 0.767969 0.017578 0.83125 0.017578 0.8507809999999999 0.028515999999999996 0.854688 0.028515999999999996 0.8679690000000001 0.017578 0.878125 0.016016 0.880469 0.008203 0.9207029999999999 0.008594 0.9207029999999999 0.015625 0.910937 0.023828 0.884375 0.036328 0.863281 0.037891 0.859375 0.045703 0.8488279999999999 0.047656 0.848437 0.053515999999999994
1 0.817187 0.641016 0.8128910000000001 0.640625 0.8128910000000001 0.633594 0.8066410000000002 0.620313 0.8035159999999999 0.558594 0.801562 0.555078 0.795703 0.554688 0.796094 0.520703 0.808203 0.521094 0.8128910000000001 0.546875 0.8191409999999999 0.550781 0.822656 0.559766 0.8285160000000001 0.560156 0.8285160000000001 0.628125 0.820703 0.628906 0.817187 0.641016
1 0.662891 0 0.661328 0.014063 0.651953 0.025781 0.664453 0.050781 0.6625 0.066016 0.655078 0.065625 0.655078 0.058594 0.647266 0.042969 0.639453 0.042188 0.639453 0
2 0.765625 0.578516 0.751953 0.578125 0.751953 0.558594 0.761328 0.554688 0.780078 0.517188 0.780078 0.508594 0.795312 0.508203 0.795703 0.515625 0.8035159999999999 0.517969 0.8035159999999999 0.532813 0.797266 0.533594 0.795703 0.540625 0.787891 0.547656 0.781641 0.559375 0.766016 0.572656 0.765625 0.578516
1 0.098437 0.697266 0.083594 0.697266 0.08125 0.689453 0.06875 0.686328 0.033594 0.681641 0.033203 0.671094 0.039062 0.670703 0.039844 0.664453 0.114062 0.664453 0.114453 0.671875 0.11914099999999998 0.675781 0.11914099999999998 0.679688 0.128125 0.681641 0.128516 0.685937 0.11484399999999999 0.686328 0.108594 0.680078 0.098828 0.688281 0.098437 0.697266
1 0.917188 0.291016 0.8957029999999999 0.290625 0.8957029999999999 0.266406 0.920312 0.259766 0.9269529999999999 0.251563 0.927344 0.245703 0.95 0.245703 0.950391 0.253125 0.925391 0.271094 0.917188 0.291016
2 0.726562 0.222266 0.708203 0.221875 0.708203 0.174219 0.716016 0.173437 0.742578 0.13125 0.744531 0.120703 0.765625 0.120703 0.766016 0.164062 0.759766 0.164844 0.748828 0.192188 0.726953 0.21484399999999998 0.726562 0.222266
1 0.253125 0.734766 0.23046899999999998 0.734766 0.226562 0.725391 0.214453 0.723437 0.21484399999999998 0.695703 0.23164100000000004 0.696094 0.23164100000000004 0.703125 0.236328 0.709375 0.24609399999999998 0.719141 0.253516 0.719531 0.253125 0.734766