1 0.719531 0.149219 0.716406 0.146875 0.703906 0.15625 0.691406 0.170313 0.6875 0.182031 0.685156 0.184375 0.674219 0.173437 0.667188 0.172656 0.653906 0.175781 0.64375 0.18125 0.640625 0.185938 0.649219 0.190625 0.670312 0.191406 0.682031 0.197656 0.685937 0.197656 0.689063 0.191406 0.69375 0.189062 0.703906 0.176563 0.70625 0.16875
1 0.4 0.026561999999999995 0.4 0.03125 0.411719 0.04375 0.419531 0.05625 0.430469 0.082812 0.4325 0.089063 0.432422 0.096172 0.43937499999999996 0.096094 0.439844 0.087344 0.440781 0.077422 0.44531200000000004 0.064844 0.44859400000000005 0.056328 0.449219 0.045078 0.442969 0.052344 0.439844 0.05625 0.435937 0.05625 0.42109399999999997 0.036719 0.404687 0.027344
1 0.98125 0.265625 0.946875 0.295312 0.935937 0.317188 0.942969 0.345313 0.9460940000000001 0.350781 0.9679689999999999 0.361719 0.9773440000000001 0.364844 0.990625 0.366406 1 0.370312 1 0.355156 0.985 0.350156 0.963594 0.338359 0.957109 0.324375 0.9679689999999999 0.307812 0.982812 0.278906 0.984375 0.267188
1 0.611797 0.362266 0.617188 0.373437 0.623437 0.377344 0.625781 0.382812 0.638281 0.397656 0.646094 0.392188 0.651563 0.390625 0.653125 0.388281 0.667969 0.385156 0.666406 0.380469 0.644531 0.378906 0.628906 0.372656 0.625 0.369531 0.621484 0.365859
1 0.169531 0.155469 0.167187 0.157031 0.167969 0.189844 0.182812 0.211719 0.201563 0.224219 0.201563 0.213281 0.203906 0.204687 0.194531 0.194531 0.176563 0.160938
1 0.069531 0.20078100000000002 0.069531 0.20546899999999998 0.075781 0.217188 0.079687 0.219531 0.085938 0.228906 0.096875 0.260156 0.099219 0.2625 0.10234400000000002 0.2625 0.110937 0.244531 0.108594 0.23125 0.096875 0.215625 0.084375 0.203906 0.078906 0.20078100000000002
1 0.254688 0.052344 0.251563 0.057031 0.265625 0.085156 0.271875 0.10703100000000002 0.275781 0.10078099999999998 0.276562 0.091406 0.272656 0.072656 0.260937 0.053905999999999996
1 0.341406 0.023438 0.335938 0.023438 0.325781 0.033594 0.320312 0.04375 0.314063 0.064844 0.31875 0.064844 0.333594 0.047656 0.340625 0.033594
1 0.722656 0.3875 0.728125 0.394531 0.746094 0.408594 0.739062 0.415625 0.7375 0.420312 0.739844 0.42109399999999997 0.754687 0.417969 0.776563 0.417969 0.789844 0.423438 0.799219 0.424219 0.8117189999999999 0.421875 0.826562 0.421875 0.840625 0.415625 0.851562 0.415625 0.8601560000000001 0.4125 0.8585939999999999 0.408594 0.8523440000000001 0.403125 0.838281 0.396875 0.804688 0.396875 0.789062 0.4 0.783594 0.40546899999999997 0.778906 0.40625 0.771094 0.400781 0.742188 0.389062 0.724219 0.385156
1 0.067969 0.839766 0.064297 0.835938 0.063281 0.840625 0.05625 0.8460940000000001 0.053905999999999996 0.8507809999999999 0.034375 0.8637499999999999 0.036719 0.867188 0.049219 0.8664059999999999 0.059375 0.8617190000000001 0.064844 0.8617190000000001 0.064141 0.853438 0.066484 0.8445310000000001
1 0.359375 0.080469 0.357031 0.079687 0.340625 0.088281 0.332031 0.090625 0.31875 0.089063 0.30625 0.089844 0.289062 0.099219 0.2875 0.104688 0.29375 0.107813 0.311719 0.10703100000000002 0.324219 0.099219 0.346875 0.095312 0.35625 0.088281 0.359375 0.084375
1 0.564844 0.310156 0.56875 0.311719 0.595313 0.3125 0.610156 0.314844 0.628125 0.314844 0.63125 0.311719 0.630469 0.309375 0.603125 0.299219 0.59375 0.297656 0.589844 0.294531 0.590625 0.289531 0.591172 0.283594 0.589219 0.275312 0.588125 0.268437 0.585781 0.258828 0.582969 0.265937 0.583594 0.28125 0.583516 0.285078 0.585156 0.288281 0.58125 0.295312 0.572656 0.3
1 0.435156 0.30625 0.425 0.325781 0.423438 0.346094 0.428906 0.365625 0.434375 0.375781 0.43671899999999997 0.376563 0.439844 0.369531 0.439063 0.357812 0.442969 0.346094 0.44375 0.319531 0.44218799999999997 0.310156 0.439844 0.307031
1 0.439844 0.42656299999999997 0.440625 0.42968799999999996 0.447656 0.43671899999999997 0.45390600000000003 0.440625 0.4625 0.442969 0.498437 0.439063 0.515625 0.435937 0.51875 0.43281200000000003 0.517969 0.428906 0.514844 0.427344 0.491406 0.424219 0.465625 0.424219 0.454688 0.428125 0.44375 0.41718700000000003
1 0.285625 0.43320299999999995 0.288047 0.44312500000000005 0.293125 0.446328 0.298438 0.45390600000000003 0.310156 0.46406200000000003 0.314063 0.46406200000000003 0.317969 0.467187 0.322656 0.467187 0.329297 0.459453 0.335 0.45609400000000005 0.342422 0.460234 0.335938 0.449219 0.328906 0.449219 0.318672 0.45921899999999993 0.315234 0.4527340000000001 0.303125 0.440781 0.294687 0.436641
1 0.227344 0.458594 0.23125 0.467187 0.270313 0.513281 0.279687 0.516406 0.289062 0.516406 0.294531 0.514844 0.3 0.510156 0.311719 0.50625 0.3125 0.501563 0.310937 0.5 0.295312 0.500781 0.285938 0.503125 0.280469 0.494531 0.26875 0.482031 0.263437 0.47874999999999995 0.260156 0.475 0.240625 0.46093799999999996 0.232813 0.45781299999999997
1 0.272656 0.540625 0.270313 0.540625 0.261719 0.551562 0.23828100000000002 0.59375 0.23671899999999998 0.600781 0.2375 0.613281 0.239844 0.61875 0.248438 0.623437 0.25 0.607031 0.252344 0.603906 0.254688 0.590625 0.264062 0.576562 0.273438 0.548438
1 0.466406 0.58125 0.48125 0.580469 0.522656 0.571875 0.535156 0.566406 0.535937 0.561719 0.529687 0.558594 0.510938 0.557031 0.48515600000000003 0.557813 0.480469 0.560156 0.46875 0.572656
1 0.398438 0.604688 0.396094 0.609375 0.396875 0.625781 0.400781 0.63125 0.404687 0.63125 0.408594 0.627344 0.409375 0.61875 0.402344 0.605469
1 0.276562 0.775 0.278906 0.779687 0.289844 0.785156 0.299219 0.79375 0.302344 0.804688 0.310156 0.8054690000000001 0.3125 0.803125 0.3125 0.772656 0.310937 0.765625 0.307031 0.774219 0.299219 0.778125 0.291406 0.774219 0.28125 0.773438
1 0.271094 0.814063 0.26875 0.817969 0.269531 0.8460940000000001 0.274219 0.8507809999999999 0.278125 0.8507809999999999 0.278906 0.8445310000000001 0.276562 0.821875 0.274219 0.816406
1 0.034375 0.9351559999999999 0.028905999999999998 0.935937 0.025781 0.941406 0.023906 0.944297 0.014844 0.946875 0.000156 0.9458590000000001 0.000078 0.954453 0.012344 0.9563279999999998 0.017031 0.9563279999999998 0.020703 0.955156 0.028125 0.951562 0.033594 0.94375
1 0.619531 0.9148440000000001 0.615625 0.917188 0.610938 0.9375 0.607031 0.942187 0.6 0.957812 0.601562 0.9617190000000001 0.60625 0.9617190000000001 0.619531 0.9398440000000001 0.621875 0.9242190000000001
1 0.702344 0.790625 0.703906 0.796875 0.719531 0.820312 0.720313 0.8304690000000001 0.724219 0.8367190000000001 0.732031 0.824219 0.736719 0.822656 0.742969 0.814063 0.754687 0.807031 0.754844 0.803125 0.747656 0.8039059999999999 0.736719 0.808594 0.732031 0.815625 0.728906 0.8148440000000001 0.726562 0.8039059999999999 0.717969 0.792969 0.7125 0.789062 0.705469 0.7875
1 0.678125 0.630469 0.673438 0.63125 0.66875 0.640625 0.661719 0.646094 0.659375 0.653906 0.665625 0.671094 0.673438 0.682813 0.677344 0.680469 0.677344 0.673438 0.675 0.669531 0.673438 0.660156 0.677344 0.654687 0.679688 0.646094 0.679688 0.633594
1 0.842187 0.439063 0.840625 0.441406 0.8375 0.441406 0.829688 0.449219 0.8210940000000001 0.46093799999999996 0.804688 0.49531200000000003 0.8054690000000001 0.507031 0.809375 0.514844 0.803125 0.525781 0.8039059999999999 0.532813 0.814063 0.539062 0.83125 0.542969 0.838281 0.542188 0.838281 0.536719 0.820312 0.526563 0.817969 0.521875 0.8273439999999999 0.510156 0.828125 0.505469 0.825 0.501563 0.826562 0.489844 0.8367190000000001 0.463281
1 0.705469 0.539844 0.700781 0.539062 0.692969 0.545312 0.6875 0.553125 0.660937 0.580469 0.657813 0.5875 0.658594 0.602344 0.65 0.608594 0.646094 0.617969 0.647656 0.629687 0.65 0.634375 0.655469 0.633594 0.657031 0.624219 0.664844 0.607812 0.680469 0.6 0.684375 0.5875 0.703125 0.55625
1 0.642969 0.825 0.638281 0.826562 0.632812 0.83125 0.614062 0.85625 0.6125 0.865625 0.617188 0.88125 0.621875 0.88125 0.628906 0.876563 0.638281 0.857812 0.644531 0.8367190000000001 0.644531 0.8273439999999999
1 0.877266 0.798672 0.8748439999999998 0.785547 0.873437 0.774219 0.86875 0.771094 0.867188 0.795312 0.8706250000000001 0.800781 0.8721879999999999 0.8048439999999999 0.8771090000000001 0.812187 0.8835940000000001 0.8094529999999999 0.878438 0.8041409999999999
1 0.457031 0.2125 0.459375 0.21640600000000002 0.482812 0.225 0.488281 0.232813 0.497656 0.241406 0.501563 0.252344 0.5 0.25625 0.50625 0.259375 0.524219 0.252344 0.521875 0.240625 0.517969 0.235937 0.513281 0.235937 0.510156 0.239844 0.505469 0.233594 0.504687 0.228125 0.49921899999999997 0.219531 0.471875 0.210156 0.46093799999999996 0.210156