1 0.90625 0.763281 0.903125 0.759375 0.8976559999999999 0.759375 0.8929690000000001 0.754687 0.885938 0.753906 0.879687 0.755469 0.860938 0.773438 0.857812 0.771094 0.8523440000000001 0.771094 0.851562 0.784375 0.853125 0.785937 0.857812 0.785937 0.8679690000000001 0.780469 0.8757810000000001 0.780469 0.8882809999999999 0.772656 0.9 0.770312 0.900781 0.767188
0 0.8898439999999999 0.810937 0.885938 0.815625 0.878906 0.83125 0.8757810000000001 0.849219 0.876563 0.857812 0.8835940000000001 0.880469 0.89375 0.894531 0.9054689999999999 0.904687 0.9070310000000001 0.9398440000000001 0.915625 0.94375 0.9367189999999999 0.964844 0.9507809999999999 0.971875 0.9695310000000001 0.989062 0.978906 0.990625 0.980469 0.9875 0.978906 0.963281 0.972656 0.945312 0.959375 0.921875 0.9507809999999999 0.9148440000000001 0.942187 0.910937 0.920312 0.910937 0.917188 0.904687 0.9242190000000001 0.896094 0.927344 0.88125 0.927344 0.8625 0.925 0.846875 0.91875 0.832812 0.910937 0.821875 0.900781 0.8148440000000001 0.898438 0.810937
0 0.964844 0.8054690000000001 0.953125 0.797656 0.9304690000000001 0.792969 0.923438 0.792969 0.907813 0.798438 0.9054689999999999 0.795312 0.9085940000000001 0.789062 0.909375 0.778906 0.9039059999999999 0.772656 0.896094 0.771094 0.884375 0.774219 0.8773440000000001 0.779687 0.871875 0.789844 0.86875 0.804688 0.863281 0.803125 0.8304690000000001 0.804688 0.8148440000000001 0.810937 0.8117189999999999 0.8148440000000001 0.81875 0.81875 0.835938 0.823438 0.859375 0.8273439999999999 0.8773440000000001 0.828125 0.88125 0.8257809999999999 0.885156 0.817187 0.8898439999999999 0.8117189999999999 0.896094 0.810937 0.901563 0.816406 0.916406 0.8257809999999999 0.935937 0.817969 0.9507809999999999 0.815625 0.964063 0.810937
2 0.8898439999999999 0.889062 0.88125 0.876563 0.88125 0.8742189999999999 0.8414059999999999 0.8773440000000001 0.832812 0.880469 0.838281 0.885938 0.846875 0.886719 0.860938 0.892188 0.878125 0.89375 0.8835940000000001 0.8929690000000001
2 0.600781 0.976562 0.602344 0.98125 0.61875 0.9929690000000001 0.629687 0.9976559999999999 0.639062 0.9976559999999999 0.641406 0.989844 0.635938 0.985938 0.621875 0.9820309999999999 0.608594 0.9757809999999999 0.602344 0.975
3 0.446094 0.009375 0.439063 0.007031 0.435156 0.008594 0.407813 0.010156 0.375 0.024219 0.355469 0.039844 0.344531 0.060156 0.333594 0.075781 0.332813 0.083594 0.330469 0.085938 0.327344 0.085938 0.319531 0.079687 0.316406 0.079687 0.314844 0.084375 0.30625 0.082812 0.300781 0.085938 0.285156 0.086719 0.269531 0.092969 0.251563 0.109375 0.23203100000000002 0.141406 0.227344 0.153906 0.225781 0.16875 0.22343799999999997 0.174219 0.22265600000000002 0.192969 0.227344 0.213281 0.2375 0.232813 0.23671899999999998 0.23671899999999998 0.242969 0.23671899999999998 0.248438 0.232813 0.275 0.191406 0.2875 0.178125 0.314063 0.142969 0.323437 0.135156 0.322656 0.128125 0.319531 0.124219 0.315625 0.12265600000000002 0.315625 0.11953100000000001 0.325 0.110937 0.33125 0.107813 0.339062 0.107813 0.340625 0.103125 0.334375 0.096094 0.3375 0.09375 0.341406 0.09375 0.342969 0.10078099999999998 0.346875 0.105469 0.350781 0.117188 0.353125 0.11953100000000001 0.357812 0.117188 0.367188 0.1 0.38125 0.084375 0.392188 0.067187 0.411719 0.045312 0.414844 0.039062 0.43281200000000003 0.022656 0.446094 0.014063
3 0 0.603125 0 0.626563 0.015625 0.639844 0.017188 0.65 0.028905999999999998 0.672656 0.032813 0.675781 0.038281 0.675 0.045312 0.670312 0.047656 0.664844 0.050781 0.6625 0.083594 0.671875 0.103125 0.673438 0.129688 0.672656 0.142187 0.66875 0.142969 0.665625 0.138281 0.660937 0.11875 0.653125 0.10703100000000002 0.645312 0.088281 0.636719 0.079687 0.629687 0.074219 0.627344 0.060156 0.625781 0.058594 0.624219 0.057813 0.603906 0.042188 0.601562 0.0375 0.592969 0.03125 0.5875 0.020313 0.5875 0.017188 0.591406 0.015625 0.600781 0.013280999999999998 0.604688 0.00625 0.602344
0 0.089063 0.11484399999999999 0.080469 0.11484399999999999 0.060156 0.11875 0.051562 0.12265600000000002 0.045312 0.128906 0.039062 0.132031 0.034375 0.1375 0.033594 0.148438 0.035937 0.15625 0.041406 0.15625 0.04375 0.159375 0.041406 0.163281 0.0375 0.164844 0.026561999999999995 0.153125 0.017188 0.146094 0 0.1375 0 0.196094 0.052344 0.19375 0.048438 0.182031 0.042969 0.176563 0.045312 0.173437 0.049219 0.175 0.051562 0.167187 0.061719 0.150781
1 0.225 0.153125 0.22109399999999998 0.155469 0.21875 0.161719 0.2125 0.20078100000000002 0.21640600000000002 0.217969 0.220312 0.22343799999999997 0.220312 0.23125 0.224219 0.23671899999999998 0.22109399999999998 0.2375 0.213281 0.232813 0.185156 0.23203100000000002 0.154688 0.240625 0.14375 0.24765600000000002 0.134375 0.257031 0.123438 0.271875 0.123438 0.278125 0.135937 0.277344 0.179688 0.261719 0.201563 0.251563 0.211719 0.250781 0.225 0.244531 0.226562 0.239844 0.234375 0.232813 0.232813 0.225 0.227344 0.21484399999999998 0.22343799999999997 0.19375 0.22343799999999997 0.175 0.225781 0.165625
0 0.166406 0.029687 0.157812 0.029687 0.147656 0.035156 0.132031 0.054688 0.121094 0.078125 0.11875 0.090625 0.11875 0.107813 0.128125 0.140625 0.136719 0.150781 0.1375 0.153906 0.134375 0.155469 0.121094 0.152344 0.11171899999999998 0.153906 0.090625 0.152344 0.075781 0.157812 0.070312 0.163281 0.059375 0.180469 0.055469000000000004 0.192188 0.053125 0.219531 0.054688 0.2375 0.05625 0.239844 0.064062 0.2375 0.085156 0.2125 0.096875 0.192969 0.110937 0.163281 0.114062 0.160938 0.138281 0.160938 0.157031 0.171094 0.167187 0.172656 0.172656 0.170313 0.152344 0.160156 0.149219 0.157031 0.146875 0.150781 0.15 0.11875 0.158594 0.083594 0.159375 0.073438 0.164062 0.058594 0.164844 0.040625 0.167187 0.034375
0 0.317188 0.226562 0.314063 0.228125 0.305469 0.24765600000000002 0.300781 0.269531 0.299219 0.299219 0.300781 0.309375 0.308594 0.327344 0.325781 0.353906 0.325781 0.360938 0.314063 0.369531 0.310156 0.36875 0.305469 0.374219 0.302344 0.374219 0.300781 0.378906 0.303125 0.379688 0.307812 0.374219 0.332031 0.374219 0.33125 0.377344 0.325 0.378906 0.3125 0.386719 0.308594 0.396875 0.308594 0.417969 0.311719 0.433594 0.322656 0.466406 0.33125 0.480469 0.338281 0.498437 0.340625 0.500781 0.346094 0.500781 0.348438 0.497656 0.35 0.454688 0.354687 0.420312 0.355469 0.382812 0.353125 0.375 0.347656 0.36875 0.347656 0.364844 0.344531 0.358594 0.344531 0.321094 0.335938 0.289844 0.334375 0.278906 0.325781 0.254688 0.322656 0.232813 0.320312 0.228125
0 0.21484399999999998 0.388281 0.203125 0.3875 0.192969 0.389062 0.170313 0.399219 0.15625 0.413281 0.15 0.432031 0.145313 0.415625 0.139063 0.40546899999999997 0.1375 0.40546899999999997 0.136719 0.417969 0.139844 0.42968799999999996 0.132031 0.432031 0.125781 0.43671899999999997 0.120313 0.446875 0.11953100000000001 0.471875 0.12265600000000002 0.488281 0.125 0.49218799999999996 0.127344 0.492969 0.130469 0.488281 0.144531 0.442969 0.15 0.439844 0.150781 0.4375 0.153906 0.4375 0.157812 0.44218799999999997 0.1625 0.44218799999999997 0.20625 0.40546899999999997 0.213281 0.396875
1 0.575781 0.144531 0.570312 0.144531 0.561719 0.148438 0.557813 0.153125 0.539844 0.163281 0.523438 0.180469 0.515625 0.196094 0.514062 0.211719 0.517188 0.23671899999999998 0.522656 0.249219 0.532031 0.264062 0.525 0.265625 0.511719 0.2625 0.49531200000000003 0.2625 0.48125 0.267188 0.470313 0.275 0.4625 0.283594 0.450781 0.30625 0.450781 0.3125 0.45781299999999997 0.310937 0.475 0.302344 0.514062 0.278125 0.535156 0.271094 0.541406 0.271875 0.539062 0.270313 0.539062 0.267969 0.54375 0.257812 0.546094 0.24609399999999998 0.553906 0.23203100000000002 0.560156 0.211719 0.564063 0.204687 0.564063 0.20078100000000002 0.56875 0.19375 0.571875 0.175781 0.578906 0.157031 0.579688 0.15
1 0.580469 0.060156 0.567969 0.05625 0.560937 0.058594 0.552344 0.065625 0.539844 0.085938 0.535937 0.10625 0.538281 0.11875 0.521094 0.11796900000000002 0.513281 0.127344 0.513281 0.132031 0.526563 0.13125 0.536719 0.128125 0.541406 0.128125 0.546094 0.130469 0.551562 0.128906 0.553125 0.113281 0.558594 0.099219 0.569531 0.078125 0.583594 0.064844
0 0.707812 0.172656 0.702344 0.171875 0.692187 0.174219 0.675 0.1875 0.667969 0.2 0.657813 0.2125 0.649219 0.2375 0.65 0.251563 0.646094 0.253906 0.638281 0.266406 0.625 0.2625 0.605469 0.264062 0.5875 0.272656 0.575781 0.285938 0.567187 0.300781 0.5625 0.315625 0.559375 0.345313 0.5625 0.35 0.567969 0.349219 0.582812 0.338281 0.605469 0.327344 0.634375 0.304688 0.641406 0.296875 0.65 0.282031 0.653125 0.26875 0.658594 0.261719 0.674219 0.23046899999999998 0.689063 0.210156 0.707812 0.178125
0 0.660156 0.1 0.657813 0.096094 0.650781 0.091406 0.635156 0.083594 0.635156 0.075 0.63125 0.071875 0.620313 0.071875 0.596875 0.092969 0.583594 0.079687 0.576562 0.075781 0.571875 0.075781 0.572656 0.080469 0.578125 0.082812 0.589063 0.09375 0.603125 0.1125 0.623437 0.101562 0.65625 0.10234400000000002
2 0.579688 0.147656 0.582031 0.1625 0.591406 0.185156 0.599219 0.2 0.603906 0.203125 0.604688 0.199219 0.6 0.188281 0.598437 0.178125 0.591406 0.164062 0.586719 0.159375 0.5875 0.153906 0.585156 0.15
2 0.194531 0.435156 0.194531 0.447656 0.203125 0.458594 0.211719 0.463281 0.225 0.465625 0.22968700000000003 0.46406200000000003 0.228906 0.46093799999999996 0.217188 0.455469 0.20703100000000002 0.446875 0.201563 0.43828100000000003 0.201563 0.435156 0.197656 0.433594
1 0.066406 0.278906 0.064844 0.284375 0.069531 0.311719 0.075781 0.314844 0.084375 0.313281 0.0875 0.314844 0.082031 0.320312 0.078906 0.327344 0.077344 0.351562 0.079687 0.358594 0.082812 0.361719 0.105469 0.367969 0.113281 0.367188 0.113281 0.360156 0.10703100000000002 0.34375 0.10625 0.325781 0.10234400000000002 0.316406 0.09375 0.307031 0.088281 0.297656 0.06875 0.278906
0 0.388281 0.44531200000000004 0.384375 0.45781299999999997 0.382812 0.470313 0.384375 0.482812 0.389844 0.497656 0.398438 0.509375 0.397656 0.51875 0.402344 0.523438 0.40703100000000003 0.536719 0.42265600000000003 0.550781 0.44218799999999997 0.560156 0.442969 0.565625 0.446875 0.561719 0.45781299999999997 0.564844 0.459375 0.56875 0.46093799999999996 0.564063 0.457031 0.563281 0.454688 0.552344 0.44531200000000004 0.535937 0.432031 0.525781 0.421875 0.514844 0.41093799999999997 0.510156 0.41093799999999997 0.496875 0.402344 0.478906 0.402344 0.471094 0.397656 0.460156 0.396875 0.45390600000000003 0.392969 0.446094
0 0.279687 0.528125 0.282813 0.532813 0.290625 0.5375 0.303125 0.541406 0.339844 0.559375 0.357812 0.561719 0.360156 0.564844 0.364844 0.566406 0.389062 0.567187 0.397656 0.564844 0.396875 0.560937 0.388281 0.553906 0.367188 0.547656 0.360156 0.540625 0.346094 0.532813 0.328906 0.526563 0.298438 0.521875 0.28125 0.525
0 0.292969 0.538281 0.292187 0.546875 0.294531 0.557031 0.302344 0.572656 0.292969 0.578125 0.284375 0.5875 0.279687 0.599219 0.279687 0.611719 0.285156 0.625781 0.292969 0.635938 0.307031 0.647656 0.3125 0.649219 0.314063 0.647656 0.313281 0.642188 0.300781 0.60625 0.302344 0.592969 0.311719 0.584375 0.3125 0.547656 0.302344 0.540625
0 0.196875 0.521875 0.190625 0.526563 0.186719 0.532813 0.183594 0.541406 0.182812 0.553906 0.192969 0.569531 0.20781299999999997 0.576562 0.20625 0.5875 0.2125 0.596094 0.217188 0.596094 0.21640600000000002 0.582031 0.21875 0.576562 0.21875 0.570312 0.20546899999999998 0.557031 0.20546899999999998 0.528906 0.201563 0.522656
0 0.110937 0.498437 0.10625 0.503125 0.099219 0.515625 0.095312 0.534375 0.085156 0.544531 0.088281 0.553906 0.097656 0.564844 0.097656 0.567969 0.090625 0.575 0.090625 0.590625 0.098437 0.604688 0.11796900000000002 0.625 0.12265600000000002 0.632031 0.129688 0.634375 0.142187 0.64375 0.147656 0.645312 0.149219 0.64375 0.149219 0.639062 0.140625 0.615625 0.142969 0.602344 0.139063 0.595313 0.138281 0.5875 0.132031 0.579688 0.126562 0.578906 0.121094 0.575 0.11796900000000002 0.56875 0.11953100000000001 0.564844 0.11953100000000001 0.553125 0.11640599999999998 0.5375 0.120313 0.533594 0.120313 0.528906 0.11171899999999998 0.522656 0.114062 0.49921899999999997
0 0.096875 0.7125 0.10390600000000001 0.717187 0.128906 0.723437 0.149219 0.723437 0.165625 0.71875 0.167187 0.725 0.171875 0.729688 0.196875 0.740625 0.227344 0.746094 0.23828100000000002 0.745313 0.24375 0.742969 0.24765600000000002 0.738281 0.24609399999999998 0.732031 0.233594 0.720313 0.225 0.714844 0.209375 0.709375 0.178125 0.708594 0.171094 0.710156 0.165625 0.714844 0.158594 0.714063 0.154688 0.710938 0.135156 0.710156 0.132031 0.708594 0.107813 0.709375
0 0.278906 0.644531 0.275 0.646875 0.274219 0.669531 0.279687 0.698438 0.289844 0.708594 0.289062 0.7125 0.282031 0.719531 0.278906 0.728125 0.278906 0.75 0.282031 0.758594 0.292969 0.773438 0.309375 0.7875 0.314844 0.7875 0.317969 0.775 0.317969 0.761719 0.313281 0.748437 0.314844 0.739844 0.314063 0.728125 0.305469 0.7125 0.308594 0.696875 0.307031 0.69375 0.301563 0.69375 0.292187 0.683594 0.284375 0.660937 0.282813 0.65
2 0.158594 0.9070310000000001 0.152344 0.903125 0.141406 0.903125 0.132031 0.9070310000000001 0.126328 0.910703 0.1125 0.918281 0.098594 0.926484 0.121719 0.920078 0.137656 0.915781 0.147187 0.913125 0.157812 0.911719
0 0.463281 0.742188 0.45781299999999997 0.744531 0.45234399999999997 0.751563 0.447656 0.763281 0.442969 0.767969 0.440625 0.764844 0.439844 0.758594 0.434375 0.75 0.433594 0.744531 0.432031 0.742969 0.428125 0.744531 0.43125 0.779687 0.43828100000000003 0.8 0.428125 0.8101559999999999 0.420312 0.826562 0.415625 0.8445310000000001 0.415625 0.8570309999999999 0.427344 0.8507809999999999 0.439063 0.8367190000000001 0.44375 0.823438 0.446094 0.8101559999999999 0.453125 0.803125 0.455469 0.796094 0.461719 0.788281 0.4625 0.778906 0.467187 0.771875 0.46875 0.764844 0.467187 0.749219
1 0.342969 0.7125 0.345313 0.717187 0.41875 0.736719 0.425781 0.736719 0.424219 0.732031 0.409375 0.717969 0.367969 0.710938 0.345313 0.710938
1 0.567187 0.628125 0.564063 0.61875 0.560156 0.614844 0.561719 0.609375 0.560937 0.6 0.557031 0.601562 0.553906 0.6125 0.539844 0.610156 0.5375 0.611719 0.53125 0.610938 0.514062 0.614844 0.49531200000000003 0.622656 0.49218799999999996 0.626563 0.497656 0.628906 0.535156 0.627344 0.55625 0.632812 0.564844 0.632031
2 0.457031 0.516406 0.45390600000000003 0.517188 0.451562 0.521875 0.45 0.541406 0.45625 0.558594 0.45781299999999997 0.570312 0.46093799999999996 0.571875 0.463281 0.570312 0.465625 0.563281 0.470313 0.527344 0.466406 0.517969
0 0.83125 0.060156 0.809375 0.055469000000000004 0.784375 0.05625 0.779687 0.058594 0.771094 0.067969 0.771094 0.078906 0.767969 0.085156 0.75625 0.080469 0.742969 0.080469 0.724219 0.085938 0.703125 0.104688 0.698438 0.114062 0.698438 0.11953100000000001 0.7125 0.132812 0.717969 0.133594 0.727344 0.13125 0.736719 0.126562 0.745313 0.115625 0.772656 0.10390600000000001 0.778906 0.097656 0.783594 0.096094 0.8101559999999999 0.077344 0.81875 0.073438 0.829688 0.064844
2 0.838281 0.010937 0.833594 0.009375 0.815625 0.023438 0.810937 0.035156 0.8117189999999999 0.045312 0.814063 0.05 0.81875 0.05 0.8210940000000001 0.047656 0.838281 0.017188
1 0.995313 0.063281 0.9929690000000001 0.065625 0.989844 0.08125 0.990625 0.10625 0.9867190000000001 0.10703100000000002 0.978906 0.101562 0.9664059999999999 0.1 0.957031 0.101562 0.946875 0.10703100000000002 0.932813 0.121875 0.925781 0.138281 0.923438 0.151562 0.928125 0.151562 0.9375 0.146094 0.9507809999999999 0.134375 0.976562 0.11953100000000001 0.994531 0.115625 0.996875 0.096875 0.996875 0.066406
0 0.827656 0.20164100000000001 0.8351559999999999 0.213281 0.839063 0.217969 0.840625 0.226562 0.8429689999999999 0.22968700000000003 0.84375 0.235937 0.840625 0.239844 0.8414059999999999 0.242188 0.85 0.239844 0.85625 0.234375 0.870313 0.227344 0.877578 0.222812 0.8855470000000001 0.220703 0.892578 0.219844 0.898438 0.220312 0.9039059999999999 0.217969 0.909375 0.217969 0.917188 0.213281 0.9125 0.208594 0.902344 0.208594 0.896094 0.20546899999999998 0.88125 0.208594 0.871875 0.208594 0.865625 0.211719 0.861328 0.21437500000000004 0.857812 0.21640600000000002 0.850859 0.22640599999999997 0.849219 0.215625 0.846875 0.213281 0.8460940000000001 0.208594 0.835 0.20304700000000003
0 0.8429689999999999 0.1375 0.834375 0.140625 0.821875 0.154688 0.8039059999999999 0.20078100000000002 0.802344 0.21406200000000003 0.807813 0.246875 0.800781 0.249219 0.79375 0.248438 0.7875 0.251563 0.780469 0.259375 0.778125 0.262734 0.775 0.265625 0.769062 0.279687 0.786719 0.265625 0.794141 0.261953 0.800781 0.257812 0.810937 0.253125 0.817187 0.254688 0.822656 0.253906 0.824219 0.246875 0.828125 0.241406 0.832031 0.215625 0.84375 0.167969 0.845313 0.141406
0 0.884375 0.3875 0.8875 0.4 0.886719 0.404687 0.894531 0.416406 0.896094 0.421875 0.8992190000000001 0.424219 0.898438 0.428125 0.89375 0.432031 0.892188 0.435937 0.902344 0.435937 0.907813 0.428906 0.915625 0.430469 0.920312 0.439063 0.932813 0.44843700000000003 0.970313 0.464844 0.9757809999999999 0.46406200000000003 0.9757809999999999 0.458594 0.972656 0.451562 0.963281 0.440625 0.947656 0.430469 0.93125 0.425781 0.920312 0.42656299999999997 0.90625 0.408594 0.896875 0.400781 0.889062 0.389062
0 0.901563 0.454688 0.901563 0.460156 0.920312 0.475 0.9460940000000001 0.49921899999999997 0.9539060000000001 0.502344 0.957812 0.510156 0.978906 0.521094 0.99375 0.526563 1 0.526563 1 0.503906 0.990625 0.496094 0.979688 0.49218799999999996 0.9664059999999999 0.492969 0.9617190000000001 0.491406 0.958594 0.49375 0.951562 0.475781 0.9460940000000001 0.46796899999999997 0.9382810000000001 0.461719 0.920312 0.451562 0.907813 0.451562
0 0.98125 0.527344 0.972656 0.51875 0.964063 0.517188 0.947656 0.51875 0.93125 0.524219 0.921875 0.533594 0.9039059999999999 0.532031 0.8835940000000001 0.536719 0.871094 0.544531 0.871094 0.549219 0.903125 0.549219 0.91875 0.54375 0.9242190000000001 0.5375 0.9289059999999999 0.538281 0.932813 0.542969 0.9375 0.545312 0.949219 0.545312 0.954688 0.542188 0.970313 0.542969 0.978906 0.535937
0 0.75625 0.357812 0.752344 0.361719 0.750781 0.36875 0.755469 0.382812 0.779687 0.411719 0.792188 0.420312 0.785937 0.428906 0.786719 0.43671899999999997 0.789844 0.44375 0.817969 0.48359399999999997 0.825 0.490625 0.8304690000000001 0.490625 0.8304690000000001 0.482031 0.8273439999999999 0.46953100000000003 0.815625 0.44375 0.8125 0.43281200000000003 0.803125 0.41875 0.803125 0.400781 0.796094 0.383594 0.788281 0.372656 0.783594 0.354687 0.778906 0.352344 0.775781 0.360156 0.76875 0.357031
0 0.600781 0.501563 0.601562 0.507031 0.611719 0.5125 0.635156 0.520312 0.642188 0.524219 0.6625 0.528906 0.678125 0.535156 0.685937 0.540625 0.708594 0.546094 0.723437 0.545312 0.728906 0.541406 0.732031 0.534375 0.746094 0.533594 0.752344 0.53125 0.755469 0.527344 0.755469 0.525 0.735156 0.523438 0.725781 0.528906 0.725 0.532031 0.711719 0.517188 0.691406 0.504687 0.657031 0.49375 0.641406 0.490625 0.622656 0.49218799999999996 0.60625 0.497656
0 0.617188 0.513281 0.603906 0.508594 0.600781 0.510156 0.596875 0.521094 0.596875 0.529687 0.584531 0.530781 0.595313 0.536719 0.605703 0.551094 0.594531 0.544531 0.577344 0.545312 0.558594 0.55625 0.540625 0.575781 0.535937 0.589844 0.535937 0.598437 0.550781 0.596875 0.582031 0.569531 0.607812 0.555469 0.608594 0.538281 0.619531 0.517969
2 0.578906 0.622656 0.582031 0.625 0.607031 0.627344 0.629687 0.635156 0.632031 0.633594 0.632031 0.630469 0.623437 0.622656 0.617188 0.621094 0.596875 0.619531
1 0.634375 0.632031 0.638281 0.635938 0.646875 0.635938 0.660937 0.625 0.683594 0.613281 0.696875 0.608594 0.697656 0.605469 0.696094 0.603125 0.673438 0.600781 0.651563 0.602344 0.639844 0.610938
1 0.375781 0.802344 0.373437 0.8054690000000001 0.374219 0.8101559999999999 0.388281 0.8304690000000001 0.398438 0.839844 0.41093799999999997 0.846875 0.414844 0.846875 0.41718700000000003 0.8429689999999999 0.420312 0.825 0.409375 0.8195309999999999 0.389062 0.8054690000000001 0.38125 0.801562
1 0.43828100000000003 0.914062 0.4375 0.917188 0.447656 0.9398440000000001 0.466406 0.9625 0.48125 0.96875 0.492969 0.9679689999999999 0.49375 0.9710940000000001 0.491406 0.978906 0.49375 0.989062 0.496094 0.9929690000000001 0.502344 0.99375 0.502344 0.9875 0.49921899999999997 0.979688 0.5 0.970313 0.498437 0.9679689999999999 0.49375 0.967187 0.497656 0.965625 0.49921899999999997 0.9625 0.491406 0.957031 0.47968700000000003 0.9523439999999999 0.470313 0.942969 0.46875 0.9375 0.446094 0.917969
0 0.580469 0.748437 0.575781 0.749219 0.569531 0.755469 0.564063 0.767188 0.563281 0.780469 0.564844 0.792969 0.567969 0.802344 0.575781 0.816406 0.575 0.8351559999999999 0.567187 0.8460940000000001 0.555469 0.880469 0.555469 0.894531 0.559375 0.907813 0.566406 0.9226560000000001 0.571875 0.927344 0.577344 0.921875 0.585938 0.8992190000000001 0.596875 0.853906 0.594531 0.829688 0.589063 0.81875 0.584375 0.794531 0.582812 0.750781
2 0.620313 0.9367189999999999 0.615625 0.9367189999999999 0.611719 0.934375 0.609375 0.935937 0.597656 0.9625 0.596875 0.975 0.598437 0.976562 0.602344 0.975 0.607812 0.963281 0.614062 0.957031 0.622656 0.94375 0.622656 0.939063
1 0.68125 0.907813 0.680469 0.9132809999999999 0.685937 0.925 0.696875 0.941406 0.70625 0.9507809999999999 0.700781 0.9554690000000001 0.69375 0.970313 0.691406 0.985938 0.69375 0.989844 0.71875 0.9773440000000001 0.721094 0.9523439999999999 0.717187 0.947656 0.710938 0.945312 0.695312 0.921875
2 0.764844 0.725 0.759375 0.723437 0.754687 0.725781 0.745313 0.735156 0.739062 0.744531 0.721094 0.782813 0.721875 0.784375 0.725 0.785156 0.728125 0.783594 0.758594 0.753125 0.767188 0.736719 0.767969 0.73125
2 0.790625 0.848437 0.786719 0.8507809999999999 0.786719 0.869531 0.790625 0.885938 0.795312 0.8835940000000001 0.797656 0.871094 0.79375 0.854688
1 0.741406 0.8351559999999999 0.732031 0.838281 0.726562 0.8429689999999999 0.719531 0.854688 0.717969 0.860938 0.717969 0.86875 0.721875 0.8835940000000001 0.73125 0.9039059999999999 0.728125 0.90625 0.728125 0.927344 0.721875 0.942187 0.721875 0.9460940000000001 0.732031 0.9617190000000001 0.736719 0.9617190000000001 0.742188 0.9554690000000001 0.739062 0.932031 0.740625 0.910937 0.744531 0.9054689999999999 0.748437 0.904687 0.749219 0.8664059999999999 0.74375 0.839063