1 0.10703100000000002 0.7875 0.114062 0.8101559999999999 0.11640600000000001 0.8273440000000001 0.130469 0.857812 0.13828100000000002 0.865625 0.146875 0.8695309999999999 0.155469 0.878125 0.175 0.892188 0.196094 0.904687 0.2 0.904687 0.2 0.8992190000000001 0.194531 0.884375 0.182031 0.8679690000000001 0.173437 0.863281 0.16406199999999999 0.860938 0.146875 0.8617190000000001 0.151562 0.8507809999999999 0.153125 0.839063 0.15234399999999998 0.8273440000000001 0.147656 0.807813 0.126562 0.780469 0.11796899999999999 0.776563 0.108594 0.776563 0.10703100000000002 0.778125 0.10703100000000002 0.7875
0 0.146094 1 0.14453100000000002 0.996094 0.133594 0.989062 0.115625 0.984375 0.096094 0.984375 0.092188 0.9820309999999999 0.0875 0.9835940000000001 0.080469 0.9757809999999999 0.077344 0.976562 0.075781 0.9820309999999999 0.073438 0.9835940000000001 0.053125 0.978125 0.042969 0.9789059999999999 0.032812999999999995 0.9820309999999999 0.032812999999999995 0.9867190000000001 0.0375 1 0.146094 1
1 0.259375 0.505469 0.279687 0.507031 0.314063 0.501563 0.322656 0.501563 0.330469 0.503906 0.345313 0.494531 0.396875 0.486719 0.40703100000000003 0.482031 0.404687 0.480469 0.360938 0.478125 0.345313 0.48359399999999997 0.330469 0.49531200000000003 0.319531 0.48359399999999997 0.31328100000000003 0.480469 0.29609399999999997 0.47656200000000004 0.278125 0.477344 0.26640600000000003 0.48125 0.25078100000000003 0.492969 0.242188 0.504687 0.242188 0.507031 0.246875 0.507812 0.259375 0.505469
1 0.139844 0.390625 0.149219 0.3875 0.155469 0.388281 0.16406199999999999 0.392188 0.19531199999999999 0.400781 0.20078100000000002 0.40625 0.198437 0.41718700000000003 0.201563 0.417969 0.213281 0.407813 0.22265600000000002 0.394531 0.235937 0.385156 0.23828100000000002 0.380469 0.23671899999999998 0.378906 0.23125 0.380469 0.208594 0.4 0.20546899999999998 0.388281 0.2 0.380469 0.190625 0.371875 0.178125 0.36718799999999996 0.163281 0.36718799999999996 0.157031 0.36875 0.13828100000000002 0.378906 0.13125 0.384375 0.129688 0.389062 0.132031 0.390625 0.139844 0.390625
0 0.091406 0.040625 0.0875 0.049219 0.078125 0.083594 0.075781 0.085156 0.067969 0.084375 0.0625 0.0875 0.065625 0.10078100000000001 0.070312 0.10625 0.075781 0.11953100000000001 0.084375 0.115625 0.092188 0.10390600000000001 0.095312 0.096094 0.092188 0.088281 0.107813 0.06875 0.11796899999999999 0.052344 0.11953100000000001 0.044531 0.117188 0.039062 0.114062 0.036719 0.10390600000000001 0.036719 0.091406 0.040625
0 0.435937 0.8625 0.42968799999999996 0.8617190000000001 0.41093799999999997 0.854688 0.373437 0.848437 0.338281 0.8507809999999999 0.310937 0.85625 0.289844 0.8648440000000001 0.264062 0.8804690000000001 0.240625 0.8625 0.219531 0.8648440000000001 0.208594 0.86875 0.211719 0.878125 0.227344 0.898438 0.23671899999999998 0.9039059999999999 0.242969 0.9054690000000001 0.253906 0.904687 0.264062 0.8976559999999999 0.275 0.9054690000000001 0.282813 0.9085940000000001 0.295312 0.910156 0.303125 0.907813 0.321094 0.910937 0.347656 0.9085940000000001 0.380469 0.909375 0.390625 0.907813 0.4125 0.9 0.42265600000000003 0.894531 0.44375 0.8773440000000001 0.444531 0.873437 0.44218799999999997 0.8664059999999999 0.435937 0.8625
0 0.11640600000000001 0.28906200000000004 0.11640600000000001 0.302344 0.11171899999999998 0.316406 0.10703100000000002 0.317969 0.10390600000000001 0.326562 0.11171899999999998 0.33125 0.125781 0.32031200000000004 0.130469 0.319531 0.133594 0.32343700000000003 0.146094 0.352344 0.15390600000000002 0.36406299999999997 0.15859399999999998 0.36718799999999996 0.161719 0.3625 0.163281 0.334375 0.161719 0.32734399999999997 0.154688 0.316406 0.139063 0.310156 0.142187 0.284375 0.140625 0.279687 0.140625 0.259375 0.139063 0.257031 0.133594 0.257031 0.110937 0.263281 0.110937 0.271094 0.11640600000000001 0.28906200000000004
1 0.110937 0.538281 0.11484399999999999 0.549219 0.123438 0.554688 0.125 0.560937 0.132031 0.56875 0.149219 0.579688 0.153125 0.584375 0.192188 0.605469 0.196875 0.604688 0.19921899999999998 0.601562 0.19921899999999998 0.597656 0.19375 0.58125 0.189062 0.571875 0.178906 0.558594 0.16406199999999999 0.55 0.15234399999999998 0.546094 0.141406 0.546094 0.130469 0.548438 0.13125 0.532031 0.12890600000000002 0.522656 0.11953100000000001 0.501563 0.11484399999999999 0.500781 0.110937 0.513281 0.110937 0.538281
0 0.735156 0 0.739844 0.010156 0.739062 0.015625 0.727344 0.025 0.725 0.030469000000000003 0.728906 0.032812999999999995 0.741406 0.034375 0.747656 0.0375 0.751563 0.035937000000000004 0.75625 0.028125 0.767969 0.017188000000000002 0.769531 0.009375 0.774219 0 0.735156 0
0 0.954688 0.219531 0.921875 0.228125 0.914062 0.233594 0.894531 0.255469 0.8875 0.267969 0.878125 0.279687 0.871875 0.294531 0.8625 0.300781 0.8539059999999999 0.296875 0.845313 0.296875 0.832812 0.30625 0.8273440000000001 0.3125 0.815625 0.317969 0.810937 0.322656 0.8179690000000001 0.32343700000000003 0.83125 0.32031200000000004 0.8445309999999999 0.321094 0.85625 0.31875 0.867188 0.310937 0.867188 0.30625 0.889062 0.300781 0.9125 0.291406 0.933594 0.279687 0.953125 0.2625 0.9601559999999999 0.253125 0.9695309999999999 0.23125 0.96875 0.22343799999999997 0.964063 0.220312 0.954688 0.219531
0 0.929688 0 0.9210940000000001 0.021093999999999998 0.917969 0.025 0.917188 0.041406 0.928125 0.047656 0.939063 0.050781 0.94375 0.05 0.9476559999999999 0.044531 0.9476559999999999 0.040625 0.9429690000000001 0.033594 0.9710940000000001 0.00625 0.973437 0 0.929688 0
0 0.43281200000000003 0.314063 0.403906 0.32890600000000003 0.37968799999999997 0.326562 0.36875 0.328125 0.357812 0.332031 0.347656 0.338281 0.340625 0.347656 0.3375 0.357812 0.34453100000000003 0.36406299999999997 0.352344 0.367969 0.365625 0.366406 0.396875 0.342187 0.403906 0.341406 0.409375 0.34375 0.424219 0.34375 0.44531200000000004 0.339844 0.45 0.334375 0.449219 0.322656 0.444531 0.316406 0.43281200000000003 0.314063
1 0.29218700000000003 0.157812 0.292969 0.161719 0.305469 0.173437 0.3375 0.194531 0.341406 0.19375 0.34296899999999997 0.173437 0.340625 0.167187 0.32734399999999997 0.157031 0.30625 0.15390600000000002 0.310156 0.145313 0.310937 0.135156 0.30781200000000003 0.128125 0.305469 0.12734399999999998 0.302344 0.146875 0.29218700000000003 0.157812