2 0.13828100000000002 0.921875 0.13125 0.9289059999999999 0.123438 0.9320309999999999 0.120313 0.9351559999999999 0.121875 0.941406 0.126562 0.945312 0.13125 0.945312 0.13281199999999999 0.94375 0.13125 0.935937 0.134375 0.932813 0.139063 0.9320309999999999 0.151562 0.9242190000000001 0.15234399999999998 0.9195309999999999 0.146094 0.9195309999999999 0.13828100000000002 0.921875
2 0.94375 0.761719 0.9460940000000001 0.769531 0.946875 0.780469 0.95 0.786719 0.953125 0.7875 0.953125 0.782031 0.954688 0.778125 0.954688 0.735938 0.951562 0.726562 0.946875 0.725781 0.945312 0.728125 0.94375 0.761719
2 1 0.71875 0.995313 0.720313 0.9929690000000001 0.724219 0.985938 0.753906 0.9757809999999999 0.782813 0.976562 0.789062 0.975 0.795312 0.978125 0.797656 0.9820309999999999 0.797656 0.985938 0.8 0.9898440000000001 0.799219 0.988281 0.794531 0.9929690000000001 0.792969 0.996875 0.789062 0.9976559999999999 0.785156 1 0.784375 1 0.71875
1 0.661719 0.501563 0.666406 0.498437 0.670312 0.5 0.673438 0.503125 0.688281 0.507031 0.695312 0.510938 0.704688 0.521094 0.709375 0.520312 0.716406 0.514062 0.717969 0.509375 0.722656 0.503125 0.722656 0.500781 0.725 0.498437 0.724219 0.496875 0.720313 0.497656 0.717187 0.5 0.710156 0.5 0.697656 0.49218799999999996 0.676562 0.490625 0.667188 0.4875 0.657813 0.4875 0.65625 0.48906299999999997 0.65625 0.491406 0.661719 0.501563
1 1 0.054688 0.965625 0.060937 0.9523440000000001 0.067187 0.9429690000000001 0.075 0.9398440000000001 0.075781 0.939063 0.072656 0.929688 0.064062 0.925 0.061719 0.920312 0.05625 0.9164059999999999 0.053905999999999996 0.914062 0.053905999999999996 0.9125 0.051562 0.910156 0.052344 0.910156 0.057031 0.9132809999999999 0.060937 0.928125 0.072656 0.929688 0.080469 0.934375 0.084375 0.934375 0.088281 0.9367190000000001 0.090625 0.949219 0.08984400000000001 0.9617190000000001 0.085156 0.964844 0.085156 0.973437 0.08125 0.980469 0.079687 0.9914059999999999 0.073438 1 0.071094 1 0.054688
1 0.48906299999999997 0.603125 0.49921899999999997 0.613281 0.508594 0.616406 0.525 0.615625 0.546875 0.611719 0.564844 0.605469 0.577344 0.603906 0.582812 0.600781 0.585938 0.596875 0.585938 0.594531 0.583594 0.591406 0.575 0.5875 0.563281 0.585156 0.546875 0.585156 0.524219 0.5875 0.51875 0.589844 0.507812 0.597656 0.501563 0.6 0.497656 0.596875 0.49531200000000003 0.5875 0.491406 0.582812 0.48164100000000004 0.572813 0.484375 0.5875 0.486719 0.599219 0.48906299999999997 0.603125
1 0.15625 0.185938 0.15859399999999998 0.18984399999999998 0.15390600000000002 0.19140600000000002 0.155469 0.202344 0.163281 0.209375 0.177344 0.217188 0.192188 0.221875 0.197656 0.221875 0.2 0.21640600000000002 0.203125 0.213281 0.203125 0.20781299999999997 0.196875 0.20078100000000002 0.189062 0.194531 0.182812 0.192188 0.16796899999999998 0.18984399999999998 0.163281 0.182031 0.163281 0.173437 0.157422 0.16164099999999998 0.157812 0.177344 0.15625 0.185938
2 0.4125 0.228906 0.41093799999999997 0.23828100000000002 0.40703100000000003 0.242969 0.40625 0.255469 0.402344 0.263281 0.403125 0.267188 0.40546899999999997 0.26875 0.409375 0.267969 0.408594 0.264062 0.4125 0.261719 0.415625 0.252344 0.419531 0.24765600000000002 0.419531 0.242969 0.423438 0.235156 0.421875 0.232813 0.42265600000000003 0.21640600000000002 0.42109399999999997 0.21406200000000003 0.420312 0.19921899999999998 0.41875 0.19375 0.41875 0.18515600000000002 0.420312 0.177344 0.415625 0.176563 0.4125 0.18125 0.4125 0.228906
1 0.321094 0.432031 0.314844 0.434375 0.30625 0.428906 0.303906 0.432031 0.302344 0.444531 0.299219 0.45 0.298438 0.460156 0.303125 0.46093799999999996 0.307031 0.458594 0.309375 0.454688 0.317969 0.447656 0.332031 0.440625 0.335156 0.43671899999999997 0.334375 0.433594 0.33125 0.432031 0.321094 0.432031
2 0.060937 0.694531 0.071875 0.70625 0.096094 0.725 0.104688 0.728125 0.10625 0.732812 0.107813 0.733594 0.107813 0.725 0.092969 0.710156 0.08203099999999999 0.702344 0.064844 0.686719 0.053905999999999996 0.68125 0.051562 0.68125 0.051562 0.689844 0.060937 0.694531
2 0.034375 0.8179690000000001 0.030469000000000003 0.8351559999999999 0.03125 0.839844 0.035937000000000004 0.8429690000000001 0.036719 0.8460940000000001 0.040625 0.832812 0.042969 0.816406 0.042969 0.8054690000000001 0.041406 0.796094 0.036719 0.797656 0.034375 0.8179690000000001