1 0.49375 0.594531 0.485938 0.621875 0.485938 0.648438 0.48906299999999997 0.660156 0.497656 0.671094 0.502344 0.672656 0.503906 0.619531 0.498437 0.594531
1 0.235156 0.6125 0.227344 0.61875 0.224219 0.627344 0.264844 0.657813 0.267969 0.663281 0.26875 0.65 0.260937 0.633594 0.240625 0.613281
1 0.175781 0.959375 0.201563 0.965625 0.219531 0.965625 0.24375 0.960938 0.248438 0.957812 0.250781 0.95 0.24765600000000002 0.9460940000000001 0.203906 0.9460940000000001 0.176563 0.954688
1 0.20078100000000002 0.705469 0.196875 0.7125 0.194531 0.722656 0.192969 0.767969 0.195312 0.783594 0.20078100000000002 0.8 0.20703100000000002 0.809375 0.211719 0.814063 0.217188 0.814063 0.21875 0.788281 0.217969 0.75 0.211719 0.717969 0.20781299999999997 0.710938
1 0.094531 0.409375 0.091406 0.41406200000000004 0.086719 0.4375 0.085938 0.451562 0.088281 0.47656200000000004 0.098437 0.504687 0.109375 0.520312 0.11484399999999999 0.525781 0.11953100000000001 0.527344 0.128125 0.517969 0.124219 0.498437 0.121875 0.47343799999999997 0.114062 0.446094 0.10234400000000002 0.415625 0.099219 0.41093799999999997
1 0 0.25625 0 0.286719 0.025 0.300781 0.03125 0.301563 0.032813 0.3 0.03125 0.289844 0.014063 0.267188 0.005469 0.258594
1 0.697656 0.876563 0.697656 0.88125 0.704688 0.882812 0.710938 0.889062 0.717969 0.8929690000000001 0.7375 0.896875 0.746094 0.896875 0.751563 0.8992190000000001 0.75625 0.8992190000000001 0.759375 0.8929690000000001 0.752344 0.886719 0.746875 0.8882809999999999 0.739062 0.885156 0.732812 0.876563 0.726562 0.8726559999999999 0.715625 0.869531 0.710156 0.869531 0.704688 0.8742189999999999 0.700781 0.8742189999999999
1 0.74375 0.682813 0.755469 0.683594 0.785937 0.678125 0.789844 0.674219 0.789844 0.669531 0.771875 0.665625 0.751563 0.665625 0.746875 0.669531
1 0.782813 0.582812 0.782031 0.592187 0.7875 0.621875 0.790625 0.625781 0.800781 0.627344 0.802344 0.625781 0.802344 0.621094 0.796094 0.600781 0.7875 0.585156
1 0.446875 0.95625 0.45 0.958594 0.471875 0.963281 0.496094 0.965625 0.505469 0.972656 0.510156 0.9695310000000001 0.517969 0.9710940000000001 0.524219 0.9679689999999999 0.523438 0.963281 0.497656 0.960938 0.475781 0.945312 0.460156 0.9445309999999999 0.45234399999999997 0.9460940000000001 0.44843700000000003 0.949219
1 0.471875 0.339844 0.463281 0.335156 0.441406 0.333594 0.42265600000000003 0.339062 0.409375 0.348438 0.408594 0.353906 0.414844 0.357031 0.434375 0.35625 0.465625 0.35 0.474219 0.346094
1 0.1625 0.345313 0.1625 0.35 0.165625 0.353125 0.198437 0.3625 0.224219 0.365625 0.252344 0.364844 0.254688 0.361719 0.228906 0.35 0.213281 0.346094 0.192969 0.34375
1 0.521094 0.0625 0.517969 0.067187 0.517969 0.074219 0.523438 0.092188 0.522656 0.097656 0.525781 0.101562 0.529687 0.129688 0.538281 0.153906 0.542969 0.174219 0.549219 0.178906 0.55625 0.189844 0.567187 0.188281 0.595313 0.196094 0.60625 0.196094 0.607812 0.190625 0.603125 0.189844 0.596875 0.184375 0.591406 0.1875 0.58125 0.182812 0.567969 0.182812 0.564844 0.18125 0.564063 0.141406 0.560156 0.127344 0.557813 0.108594 0.546094 0.085938 0.535156 0.070312 0.530469 0.065625
1 0.517969 0.069531 0.509375 0.075 0.498437 0.085938 0.4875 0.103125 0.47968700000000003 0.128125 0.47968700000000003 0.135156 0.48125 0.136719 0.4875 0.132031 0.496875 0.11640599999999998 0.509375 0.10390600000000001 0.520312 0.088281 0.520312 0.079687
1 0.8625 0.248438 0.860938 0.242969 0.838281 0.23203100000000002 0.822656 0.227344 0.8125 0.227344 0.780469 0.235937 0.763281 0.24375 0.757812 0.239844 0.753906 0.23203100000000002 0.750391 0.22179699999999997 0.743594 0.206719 0.735703 0.196016 0.737344 0.20867200000000002 0.74625 0.224453 0.750078 0.234687 0.754687 0.245859 0.760391 0.252656 0.779687 0.254688 0.807734 0.253594
1 0.9367189999999999 0.194531 0.935937 0.198437 0.9445309999999999 0.228125 0.96875 0.264844 0.974219 0.269531 0.978906 0.270313 0.980469 0.267188 0.975 0.241406 0.964844 0.219531 0.9445309999999999 0.197656 0.9398440000000001 0.194531
1 0.9554690000000001 0.192188 0.95625 0.199219 0.964844 0.215625 0.9835939999999999 0.241406 0.9976559999999999 0.264844 1 0.264844 1 0.22343799999999997 0.9976559999999999 0.22265600000000002 0.995313 0.217969 0.9867190000000001 0.209375 0.9710940000000001 0.197656 0.959375 0.191406
1 0.564063 0.591406 0.564844 0.596875 0.571094 0.607031 0.591406 0.627344 0.607812 0.639844 0.622656 0.655469 0.629687 0.657813 0.634375 0.655469 0.639062 0.642969 0.660859 0.616953 0.635938 0.635547 0.629687 0.628125 0.624219 0.625781 0.608594 0.607812 0.583594 0.594531 0.572656 0.591406