1 0.529297 0.685937 0.552734 0.727344 0.550781 0.731641 0.525 0.7378910000000001 0.523047 0.742188 0.532813 0.7550779999999999 0.542187 0.761328 0.579688 0.7800779999999999 0.596094 0.781641 0.605469 0.7863279999999999 0.609375 0.792578 0.616406 0.792578 0.616797 0.760156 0.609375 0.759766 0.601172 0.746094 0.592969 0.7394529999999999 0.5730470000000001 0.734375 0.576172 0.726562 0.576172 0.703906 0.5589839999999999 0.671094 0.533984 0.645312 0.533594 0.6394529999999999 0.518359 0.639844 0.518359 0.654687 0.529297 0.685937
0 0.47148399999999996 0.574219 0.475 0.5832029999999999 0.480469 0.5832029999999999 0.48710899999999996 0.575 0.496484 0.546875 0.49492200000000003 0.532031 0.48710899999999996 0.521875 0.490625 0.517578 0.497656 0.5191410000000001 0.5105470000000001 0.533594 0.513672 0.541406 0.513672 0.559375 0.523047 0.560937 0.523047 0.527344 0.515625 0.526953 0.507422 0.515625 0.511719 0.48320299999999994 0.501563 0.48320299999999994 0.49960899999999997 0.49218799999999996 0.480859 0.507031 0.471094 0.5207029999999999 0.465234 0.521094 0.465625 0.525391 0.47148399999999996 0.525781 0.47304700000000005 0.534375 0.471094 0.541016 0.465234 0.541406 0.465234 0.573438 0.47148399999999996 0.574219
2 0.739844 0.261328 0.7449220000000001 0.26640600000000003 0.745312 0.272266 0.752344 0.272266 0.753125 0.266016 0.766406 0.266016 0.7828120000000001 0.258203 0.8023440000000001 0.255078 0.8335940000000001 0.244141 0.8453120000000001 0.233203 0.8542970000000001 0.23125 0.8542970000000001 0.22109399999999998 0.789062 0.220703 0.786719 0.228516 0.759375 0.237891 0.739844 0.251953 0.728125 0.251953 0.727734 0.259375 0.739844 0.261328
1 0.208594 0.747266 0.210938 0.7394529999999999 0.22265600000000002 0.7332029999999999 0.23398400000000003 0.741406 0.234375 0.747266 0.24179699999999998 0.746875 0.24179699999999998 0.728906 0.234375 0.728516 0.22773400000000002 0.720313 0.225781 0.7019529999999999 0.21210900000000002 0.702344 0.21210900000000002 0.720313 0.196094 0.731641 0.184375 0.7332029999999999 0.18398399999999998 0.746875 0.208594 0.747266
1 0.029297 0.8492190000000001 0.030858999999999998 0.857812 0.037108999999999996 0.863281 0.038672 0.884375 0.052734 0.9125 0.059375 0.9207029999999999 0.06640599999999999 0.9207029999999999 0.066797 0.878906 0.058984 0.876563 0.055859000000000006 0.8648440000000001 0.044922000000000004 0.853125 0.051171999999999995 0.845313 0.058984 0.823438 0.058984 0.771094 0.066797 0.770312 0.066797 0.760156 0.054688 0.759766 0.053905999999999996 0.751953 0.04375 0.751953 0.043358999999999995 0.759375 0.038672 0.763281 0.032422 0.786719 0.029297 0.817187 0.027344 0.820703 0.021484 0.8210940000000001 0.021484 0.846875 0.029297 0.8492190000000001
1 0.10273399999999999 0.20703100000000002 0.10625 0.222266 0.12265600000000002 0.222266 0.12304699999999999 0.18359399999999998 0.10781199999999999 0.183203 0.10742199999999999 0.192188 0.10390600000000001 0.197266 0.099219 0.194141 0.090625 0.194141 0.09023400000000001 0.204687 0.10273399999999999 0.20703100000000002
1 0.723047 0.16796899999999998 0.727734 0.178125 0.738672 0.188281 0.74375 0.20039099999999999 0.757031 0.201953 0.763672 0.19375 0.7621089999999999 0.171094 0.771875 0.156641 0.779297 0.15625 0.779297 0.139844 0.7625 0.139453 0.7621089999999999 0.146875 0.749609 0.15859399999999998 0.741406 0.173828 0.724219 0.16445300000000002 0.715625 0.16445300000000002 0.7152339999999999 0.167187 0.723047 0.16796899999999998
1 0.629297 0.8898440000000001 0.643359 0.9085940000000001 0.64375 0.9160159999999999 0.654297 0.915625 0.654297 0.8882809999999999 0.644922 0.884375 0.644531 0.870703 0.621875 0.870703 0.6214839999999999 0.8875 0.629297 0.8898440000000001
1 0.662109 0.794531 0.6625 0.8035159999999999 0.672656 0.8035159999999999 0.6730470000000001 0.788281 0.663672 0.777344 0.678125 0.762891 0.685547 0.7625 0.685547 0.739844 0.665625 0.7394529999999999 0.663672 0.748437 0.653906 0.759766 0.6417970000000001 0.766406 0.640234 0.773438 0.662109 0.794531
0 0.017969 0.334766 0.019922000000000002 0.325781 0.030858999999999998 0.314063 0.043358999999999995 0.28593799999999997 0.046484 0.267969 0.068359 0.25 0.073438 0.239453 0.07929699999999999 0.23906299999999997 0.078906 0.170703 0.065234 0.171094 0.038672 0.242969 0.041797 0.253125 0.024609 0.269531 0.013672 0.289844 0.010546999999999999 0.334375 0.017969 0.334766
1 0.12890600000000002 0.112891 0.15 0.130078 0.17578100000000002 0.14414100000000002 0.17968800000000001 0.153516 0.203906 0.153516 0.204297 0.147656 0.2125 0.142578 0.24179699999999998 0.14375 0.241406 0.13320300000000002 0.23281200000000002 0.13320300000000002 0.219531 0.126953 0.209375 0.12851600000000002 0.198438 0.134766 0.193359 0.121094 0.176172 0.107813 0.17578100000000002 0.101953 0.121875 0.101953 0.121484 0.1125 0.12890600000000002 0.112891
1 0.8976559999999999 0.8753909999999999 0.902734 0.890625 0.90625 0.894141 0.9117190000000001 0.894141 0.915625 0.8753909999999999 0.9320309999999999 0.867578 0.953125 0.8503909999999999 0.960547 0.85 0.960547 0.8335940000000001 0.939063 0.8332029999999999 0.9382809999999999 0.841016 0.914062 0.8503909999999999 0.8960940000000001 0.8660159999999999 0.890625 0.8660159999999999 0.8902340000000001 0.875 0.8976559999999999 0.8753909999999999
1 0.321094 0.934766 0.323438 0.9269529999999999 0.338281 0.919141 0.357422 0.898438 0.358984 0.8851559999999999 0.379297 0.876563 0.379297 0.8585940000000001 0.364062 0.8582029999999999 0.36015600000000003 0.867578 0.340625 0.8691409999999999 0.307422 0.9039059999999999 0.303906 0.9113279999999999 0.296484 0.9117190000000001 0.296484 0.934375 0.321094 0.934766
1 0.557812 0.262891 0.571094 0.264453 0.582031 0.270703 0.582813 0.278516 0.591797 0.278125 0.591797 0.258594 0.584375 0.258203 0.571875 0.248828 0.569531 0.239453 0.553125 0.239453 0.552734 0.246875 0.557812 0.262891
1 0.592969 0.6300779999999999 0.6199220000000001 0.667188 0.624219 0.669141 0.6261720000000001 0.657031 0.616797 0.636719 0.608594 0.6285160000000001 0.598047 0.628125 0.601172 0.613281 0.60625 0.606641 0.636719 0.594141 0.660938 0.5675779999999999 0.6667970000000001 0.567187 0.6667970000000001 0.546094 0.65 0.5457029999999999 0.646094 0.555078 0.639062 0.556641 0.615625 0.573828 0.601172 0.588281 0.5886720000000001 0.614062 0.585156 0.617578 0.577734 0.617969 0.577734 0.629687 0.592969 0.6300779999999999
1 0.448438 0.309766 0.460156 0.308203 0.471875 0.295703 0.47929700000000003 0.295312 0.47929700000000003 0.277344 0.459375 0.276953 0.45898399999999995 0.282813 0.441406 0.30039099999999996 0.434375 0.30039099999999996 0.433984 0.30468799999999996 0.448438 0.309766
1 0.085938 0.830078 0.10078100000000001 0.830078 0.117188 0.8378909999999999 0.129297 0.8375 0.129297 0.8273440000000001 0.10625 0.820703 0.09492199999999999 0.807813 0.094531 0.8019529999999999 0.075 0.8019529999999999 0.07460900000000001 0.81875 0.085938 0.830078
1 0.17929699999999998 0.364844 0.176172 0.369531 0.176172 0.392188 0.182422 0.396094 0.182813 0.40351600000000004 0.19140600000000002 0.40351600000000004 0.19140600000000002 0.320703 0.174609 0.321094 0.171484 0.34843799999999997 0.17929699999999998 0.364844
1 0.565234 0.17968800000000001 0.569922 0.18359399999999998 0.570312 0.19101600000000002 0.580469 0.19101600000000002 0.580859 0.18515600000000002 0.5902339999999999 0.171094 0.601562 0.15976600000000002 0.6105470000000001 0.157812 0.610156 0.13320300000000002 0.6 0.13320300000000002 0.5949220000000001 0.145313 0.578906 0.15976600000000002 0.560547 0.140625 0.560156 0.13320300000000002 0.546875 0.13320300000000002 0.546484 0.142187 0.565234 0.17968800000000001
1 0.941406 0.797266 0.953125 0.8128909999999999 0.960547 0.8125 0.9601559999999999 0.7644529999999999 0.951172 0.764844 0.9480470000000001 0.779687 0.940234 0.79375 0.934375 0.794141 0.933984 0.796875 0.941406 0.797266
1 0.075 0.9832029999999999 0.085156 0.981641 0.09375 0.970703 0.104297 0.96875 0.104297 0.9585940000000001 0.073438 0.9582029999999999 0.065234 0.979688 0.075 0.9832029999999999
1 0.957422 0.9992190000000001 0.9621090000000001 0.972656 0.965625 0.9691409999999999 0.973047 0.96875 0.972656 0.9582029999999999 0.9480470000000001 0.9585940000000001 0.9480470000000001 0.9875 0.9460940000000001 0.9941409999999999 0.940234 0.9945309999999999 0.940234 0.9992190000000001 0.957422 0.9992190000000001
0 1 0.27031299999999997 0.99375 0.269531 0.984375 0.28203100000000003 0.9757809999999999 0.298438 0.965625 0.32734399999999997 0.9601559999999999 0.33593799999999996 0.953125 0.3375 0.9507809999999999 0.339844 0.95 0.352344 0.94375 0.36015600000000003 0.940625 0.360938 0.9460940000000001 0.36406299999999997 0.9507809999999999 0.363281 0.9539059999999999 0.36718799999999996 0.9585940000000001 0.36718799999999996 0.960938 0.369531 0.967187 0.371094 0.978125 0.392188 0.98125 0.38984399999999997 0.982812 0.376563 0.98125 0.373437 0.9710940000000001 0.36406299999999997 0.964844 0.36406299999999997 0.960938 0.361719 0.973438 0.353906 0.982812 0.34296899999999997 0.99375 0.325 0.9976559999999999 0.310937 1 0.310156 1 0.27031299999999997
0 0.8304690000000001 0.594531 0.823437 0.594531 0.7984370000000001 0.5875 0.791406 0.5875 0.786719 0.591406 0.791406 0.596094 0.789844 0.607812 0.792969 0.610938 0.7953129999999999 0.610938 0.796094 0.607031 0.801563 0.603125 0.8101559999999999 0.60625 0.821875 0.604688 0.832813 0.607031 0.8375 0.605469 0.8421879999999999 0.600781 0.8421879999999999 0.599219 0.8304690000000001 0.594531
0 0.09218699999999999 0.11484399999999999 0.088281 0.110937 0.085938 0.114062 0.080469 0.11484399999999999 0.07656199999999999 0.10703100000000002 0.070312 0.10078100000000001 0.060937 0.095312 0.050781 0.095312 0.048437999999999995 0.098437 0.048437999999999995 0.10390600000000001 0.050781 0.107813 0.067187 0.123438 0.078125 0.125781 0.084375 0.120313 0.09218699999999999 0.121094 0.096875 0.124219 0.1 0.123438 0.10234399999999999 0.120313 0.101562 0.117188 0.09218699999999999 0.11484399999999999
0 0.032812999999999995 0.645312 0.028125 0.648438 0.014844 0.651563 0.010156 0.653906 0.009375 0.659375 0.016406 0.664062 0.026562999999999996 0.663281 0.0375 0.655469 0.039062 0.648438 0.0375 0.646094 0.032812999999999995 0.645312
0 0.085938 0.628125 0.08203099999999999 0.647656 0.08203099999999999 0.678906 0.085938 0.692969 0.09375 0.701562 0.091406 0.705469 0.09531300000000001 0.729688 0.098437 0.738281 0.10390600000000001 0.739844 0.105469 0.736719 0.105469 0.725781 0.10234399999999999 0.699219 0.108594 0.675 0.108594 0.657813 0.104688 0.641406 0.09765599999999999 0.625781 0.090625 0.617969 0.0875 0.617188 0.085938 0.619531 0.085938 0.628125
0 0.448438 0.571094 0.43671899999999997 0.5875 0.43125 0.600781 0.425 0.626563 0.417969 0.639062 0.415625 0.648438 0.408594 0.660156 0.392969 0.677344 0.39843799999999996 0.6875 0.40546899999999997 0.692187 0.410156 0.703125 0.410156 0.733594 0.40703100000000003 0.751563 0.407813 0.757812 0.413281 0.754687 0.41875 0.745313 0.427344 0.713281 0.424219 0.704688 0.413281 0.69375 0.41406200000000004 0.685937 0.417969 0.68125 0.424219 0.679688 0.435156 0.667969 0.44375 0.65625 0.449219 0.645312 0.455469 0.624219 0.4625 0.573438 0.4625 0.567187 0.459375 0.563281 0.454688 0.564844 0.448438 0.571094
1 0.705469 0.9425779999999999 0.710156 0.939453 0.7136720000000001 0.9289059999999999 0.723047 0.923438 0.725 0.894141 0.736719 0.892578 0.744531 0.887891 0.755469 0.8800779999999999 0.765625 0.867578 0.779297 0.865625 0.778906 0.8269529999999999 0.76875 0.8269529999999999 0.766406 0.836328 0.757812 0.839453 0.727344 0.8738279999999999 0.712109 0.8835940000000001 0.710547 0.9125 0.702734 0.9273440000000001 0.702734 0.934375 0.696484 0.9351559999999999 0.696484 0.942187 0.705469 0.9425779999999999
1 0.080859 0.341406 0.09179699999999999 0.364844 0.096875 0.384766 0.11093800000000001 0.369141 0.116797 0.36875 0.116797 0.35859399999999997 0.11093800000000001 0.358203 0.105859 0.353125 0.093359 0.334375 0.092969 0.326953 0.071875 0.326953 0.071484 0.3375 0.080859 0.341406
1 0.196094 0.9363279999999999 0.2 0.9425779999999999 0.20546899999999998 0.9441409999999999 0.22773400000000002 0.9664059999999999 0.228125 0.972266 0.235547 0.971875 0.235547 0.9382809999999999 0.22968799999999998 0.9378909999999999 0.208984 0.921875 0.216797 0.907813 0.21640600000000002 0.8957029999999999 0.20781200000000002 0.8957029999999999 0.198047 0.91875 0.190234 0.9210940000000001 0.190234 0.935937 0.196094 0.9363279999999999
0 0.274219 0 0.27343799999999996 0.0023439999999999997 0.269531 0.003125 0.264062 0.008594000000000001 0.253906 0.025781 0.252344 0.0375 0.254687 0.040625 0.259375 0.039062 0.278906 0.024218999999999997 0.284375 0.014844 0.2875 0 0.274219 0
0 0.89375 0.603906 0.884375 0.604688 0.882812 0.603125 0.8835940000000001 0.597656 0.8898440000000001 0.588281 0.8890629999999999 0.573438 0.8820309999999999 0.564063 0.8765620000000001 0.564063 0.8757809999999999 0.583594 0.8734379999999999 0.591406 0.864063 0.607812 0.8523440000000001 0.613281 0.8382809999999999 0.610938 0.8289059999999999 0.6125 0.820312 0.617188 0.817188 0.620313 0.816406 0.624219 0.8289059999999999 0.63125 0.8367190000000001 0.633594 0.8507809999999999 0.632031 0.8585940000000001 0.628125 0.8835940000000001 0.632812 0.9085940000000001 0.63125 0.9203129999999999 0.623437 0.9195309999999999 0.619531 0.9132809999999999 0.614844 0.926562 0.6 0.928125 0.595313 0.9226559999999999 0.595313 0.89375 0.603906
1 0.063281 0.750391 0.065625 0.7535160000000001 0.078125 0.756641 0.091406 0.756641 0.10390600000000001 0.750391 0.11210899999999999 0.773438 0.135938 0.798828 0.170312 0.8175779999999999 0.185547 0.81875 0.185547 0.797656 0.17968800000000001 0.797266 0.171875 0.791016 0.130859 0.75 0.12304699999999999 0.740625 0.12265600000000002 0.7332029999999999 0.09375 0.7332029999999999 0.091406 0.741016 0.078906 0.744141 0.053125 0.742578 0.052734 0.75 0.063281 0.750391
0 0.310937 0.260156 0.309375 0.248438 0.310156 0.23906299999999997 0.29609399999999997 0.208594 0.2875 0.19921899999999998 0.277344 0.192188 0.260938 0.19140600000000002 0.258594 0.196094 0.259375 0.203906 0.2875 0.25781200000000004 0.302344 0.271094 0.307031 0.271094 0.309375 0.267969 0.310937 0.260156
0 0.14375 0.682813 0.14375 0.632812 0.141406 0.617969 0.135156 0.597656 0.132031 0.592969 0.126563 0.592187 0.12265600000000002 0.596875 0.110156 0.655469 0.110156 0.674219 0.11484399999999999 0.69375 0.124219 0.696875 0.128125 0.7 0.132031 0.7 0.1375 0.694531 0.14375 0.682813
0 0.317969 0.707812 0.316406 0.688281 0.299219 0.630469 0.2875 0.6 0.282813 0.6 0.275 0.61875 0.272656 0.633594 0.275 0.661719 0.28046899999999997 0.688281 0.29609399999999997 0.722656 0.301562 0.727344 0.307813 0.727344 0.3125 0.724219 0.317969 0.707812
0 0.8070309999999999 0.415625 0.799219 0.410156 0.7828120000000001 0.404687 0.790625 0.39375 0.796094 0.38984399999999997 0.8 0.373437 0.8 0.36875 0.792187 0.349219 0.789844 0.33281299999999997 0.785156 0.330469 0.778906 0.334375 0.777344 0.33906200000000003 0.776562 0.37031200000000003 0.773438 0.383594 0.772656 0.39843799999999996 0.7671870000000001 0.409375 0.7671870000000001 0.414844 0.786719 0.416406 0.8109379999999999 0.425781 0.8117190000000001 0.42265600000000003 0.8070309999999999 0.415625
1 1 0.439453 0.98125 0.439453 0.980859 0.446875 0.976562 0.44726600000000005 0.9742190000000001 0.439453 0.946875 0.439453 0.9464840000000001 0.446875 0.951562 0.455078 0.9621090000000001 0.458594 0.964063 0.47851600000000005 0.9683590000000001 0.478125 0.98125 0.459766 1 0.45195299999999994 1 0.439453
1 0.522656 0.10664100000000001 0.533594 0.10039100000000001 0.544922 0.108594 0.545312 0.11601600000000001 0.566797 0.115625 0.566797 0.092969 0.560937 0.09257800000000001 0.546484 0.079687 0.552734 0.071875 0.547656 0.051953000000000006 0.533984 0.052344 0.533984 0.070312 0.524609 0.090625 0.515234 0.094531 0.515234 0.10625 0.522656 0.10664100000000001