2 0.685156 0.042969 0.683594 0.047656 0.682813 0.060156 0.685156 0.084375 0.688281 0.092969 0.692969 0.10078099999999998 0.698438 0.105469 0.700781 0.109375 0.70625 0.11171899999999998 0.707031 0.10703100000000002 0.703906 0.097656 0.701562 0.075 0.699219 0.064062 0.692969 0.046875 0.691406 0.044531
1 0.9625 0.028905999999999998 0.9460940000000001 0.029687 0.942187 0.032813 0.9398440000000001 0.036719 0.942187 0.073438 0.945312 0.085938 0.946875 0.10234400000000002 0.951562 0.10078099999999998 0.9539060000000001 0.089063 0.957812 0.080469 0.957812 0.049219 0.9539060000000001 0.040625 0.9539060000000001 0.0375 0.960938 0.033594
2 0.666406 0.191406 0.661719 0.197656 0.661719 0.2125 0.659375 0.22109399999999998 0.655469 0.226562 0.655469 0.234375 0.657813 0.23671899999999998 0.665625 0.23046899999999998 0.66875 0.221875 0.669531 0.2125 0.667969 0.195312
1 0.639844 0.082031 0.633594 0.082031 0.610938 0.103125 0.60625 0.109375 0.603125 0.11640599999999998 0.599219 0.132812 0.595313 0.13125 0.594531 0.128906 0.589844 0.125 0.579688 0.125781 0.580469 0.13125 0.586719 0.135156 0.59375 0.142187 0.596875 0.147656 0.603125 0.149219 0.607031 0.153125 0.611719 0.149219 0.6125 0.144531 0.620313 0.130469 0.622656 0.12265600000000002 0.627344 0.114062 0.627344 0.11171899999999998 0.640625 0.086719 0.641406 0.083594
2 0.571875 0.070312 0.567187 0.070312 0.561719 0.072656 0.557813 0.075781 0.55625 0.078906 0.55625 0.092188 0.560156 0.110156 0.564844 0.120313 0.567969 0.123438 0.570312 0.12265600000000002 0.573438 0.11875 0.574219 0.11171899999999998 0.578125 0.10078099999999998 0.577344 0.075 0.575781 0.071875
2 0.572656 0.176563 0.569531 0.178906 0.564844 0.189844 0.561719 0.192188 0.560156 0.20546899999999998 0.555469 0.22109399999999998 0.555469 0.228906 0.553125 0.242188 0.553125 0.260937 0.557031 0.282813 0.559375 0.288281 0.567187 0.296094 0.569531 0.296094 0.572656 0.291406 0.575781 0.259375 0.575781 0.219531 0.578125 0.188281 0.576562 0.177344
1 0.817969 0.732812 0.816406 0.733594 0.815625 0.736719 0.821875 0.753906 0.8273439999999999 0.764844 0.8304690000000001 0.776563 0.8351559999999999 0.784375 0.835938 0.7875 0.834375 0.791406 0.834375 0.796094 0.838281 0.796875 0.842187 0.79375 0.846875 0.79375 0.853906 0.785937 0.857812 0.783594 0.8601560000000001 0.778125 0.8617190000000001 0.777344 0.8617190000000001 0.772656 0.857812 0.774219 0.85 0.780469 0.848437 0.778906 0.846875 0.766406 0.839844 0.753125 0.8304690000000001 0.742188
2 0.9679689999999999 0.839844 0.9664059999999999 0.834375 0.963281 0.83125 0.9523439999999999 0.826562 0.945312 0.826562 0.933594 0.832031 0.921875 0.8429689999999999 0.920312 0.8460940000000001 0.9226560000000001 0.848437 0.9539060000000001 0.842187 0.958594 0.8429689999999999 0.964063 0.8460940000000001 0.9679689999999999 0.8445310000000001
1 0.689063 0.19375 0.698203 0.195781 0.702578 0.195547 0.707812 0.196094 0.753906 0.196094 0.766406 0.19375 0.767969 0.1875 0.773438 0.1875 0.776484 0.186328 0.781094 0.184297 0.785937 0.185156 0.791406 0.180469 0.792188 0.177344 0.785156 0.175 0.775 0.175 0.764062 0.179688 0.757031 0.172656 0.752344 0.170313 0.739219 0.172187 0.732187 0.1725 0.722422 0.176094 0.692969 0.185156 0.688281 0.188281
2 0.907813 0.9304690000000001 0.90625 0.93125 0.90625 0.9460940000000001 0.9085940000000001 0.957031 0.9070310000000001 0.9664059999999999 0.910156 0.975 0.910937 0.984375 0.909375 1 0.923438 1 0.923438 0.98125 0.925 0.972656 0.921875 0.964844 0.9210939999999999 0.9523439999999999 0.9125 0.934375
2 0.9625 0.964844 0.9601559999999999 0.96875 0.9601559999999999 0.9851560000000001 0.9617190000000001 0.989062 0.9625 1 0.972656 1 0.9710940000000001 0.9757809999999999 0.9679689999999999 0.9664059999999999 0.965625 0.964844
1 0.8976559999999999 0.8601560000000001 0.895312 0.8601560000000001 0.884375 0.876563 0.8835940000000001 0.879687 0.884375 0.896875 0.885938 0.900781 0.892188 0.90625 0.896094 0.90625 0.8992190000000001 0.903125 0.901563 0.895312 0.901563 0.8835940000000001 0.8992190000000001 0.878125 0.9 0.8664059999999999 0.8992190000000001 0.8617190000000001
2 0.642969 0.142187 0.646094 0.15 0.653906 0.1625 0.657813 0.174219 0.673438 0.204687 0.68125 0.217188 0.692187 0.23046899999999998 0.692969 0.233594 0.695312 0.233594 0.696875 0.228906 0.7 0.226562 0.699219 0.213281 0.69375 0.199219 0.685156 0.191406 0.682813 0.182031 0.667188 0.161719 0.6625 0.152344 0.650781 0.142187
1 0.38125 0.44531200000000004 0.376563 0.44531200000000004 0.364844 0.45234399999999997 0.350781 0.465625 0.345313 0.474219 0.344531 0.478125 0.341406 0.482031 0.339844 0.486719 0.336094 0.500547 0.327344 0.49375 0.321094 0.49375 0.321875 0.497656 0.329688 0.50625 0.339062 0.510156 0.34375 0.510156 0.348516 0.501953 0.352344 0.498437 0.359375 0.49218799999999996 0.360938 0.488281 0.364844 0.485938 0.369531 0.48515600000000003 0.374219 0.47968700000000003 0.376563 0.472656 0.382031 0.465625 0.3875 0.455469 0.3875 0.45
1 0.103125 0.390625 0.101562 0.392969 0.10078099999999998 0.42109399999999997 0.103125 0.433594 0.103125 0.441406 0.10625 0.45390600000000003 0.10703100000000002 0.465625 0.115625 0.489844 0.121875 0.502344 0.121875 0.510156 0.128125 0.513281 0.121094 0.517188 0.11875 0.520312 0.11875 0.522656 0.11484399999999999 0.528125 0.11484399999999999 0.532813 0.110156 0.539062 0.110156 0.541406 0.11171899999999998 0.542188 0.115625 0.541406 0.121094 0.5375 0.121094 0.535937 0.128125 0.529687 0.128906 0.527344 0.132031 0.525781 0.133594 0.517969 0.139063 0.5125 0.140625 0.50625 0.140625 0.497656 0.14375 0.485938 0.139844 0.47656200000000004 0.13125 0.44375 0.121875 0.41875 0.108594 0.392969
1 0.22968700000000003 0.684375 0.227344 0.684375 0.22265600000000002 0.6875 0.202344 0.707031 0.198437 0.714844 0.192188 0.721875 0.185938 0.735938 0.182812 0.747656 0.183594 0.764844 0.185156 0.772656 0.192969 0.785937 0.192969 0.789062 0.191406 0.790625 0.177344 0.790625 0.142187 0.796875 0.135937 0.799219 0.133594 0.801562 0.134375 0.8039059999999999 0.146094 0.804688 0.177344 0.799219 0.190625 0.799219 0.192969 0.797656 0.198437 0.796875 0.202344 0.79375 0.20703100000000002 0.778125 0.215625 0.759375 0.21640600000000002 0.751563 0.22109399999999998 0.74375 0.22265600000000002 0.73125 0.227344 0.717969 0.227344 0.708594 0.22968700000000003 0.702344
2 0.278125 0.677344 0.275 0.680469 0.275781 0.685937 0.278906 0.689844 0.290625 0.721875 0.295312 0.728906 0.297656 0.736719 0.300781 0.740625 0.301563 0.745313 0.309375 0.755469 0.317969 0.775 0.332813 0.79375 0.334375 0.799219 0.34375 0.809375 0.346094 0.8148440000000001 0.349219 0.816406 0.358594 0.8148440000000001 0.357812 0.8101559999999999 0.360156 0.807031 0.360156 0.79375 0.354687 0.785937 0.348438 0.780469 0.342187 0.767188 0.342969 0.763281 0.340625 0.760156 0.339844 0.755469 0.307031 0.707812 0.295312 0.695312 0.285156 0.679688 0.282031 0.677344
2 0.21640600000000002 0.75 0.21640600000000002 0.757031 0.23125 0.773438 0.24375 0.783594 0.254688 0.789062 0.267969 0.8 0.292969 0.814063 0.311719 0.8195309999999999 0.321875 0.81875 0.314844 0.807031 0.303125 0.794531 0.282813 0.778906 0.272656 0.773438 0.264062 0.771094 0.25625 0.764062 0.235937 0.754687 0.228125 0.753125 0.22109399999999998 0.749219
2 0.11640599999999998 0.9210939999999999 0.110156 0.920312 0.094531 0.925 0.079687 0.93125 0.073438 0.935937 0.061719 0.941406 0.058594 0.9445309999999999 0.042969 0.9507809999999999 0.042188 0.963281 0.04375 0.967187 0.046875 0.9695310000000001 0.052344 0.9695310000000001 0.074219 0.958594 0.113281 0.9289059999999999 0.117188 0.9242190000000001
2 0.520312 0.74375 0.521875 0.748437 0.544531 0.767188 0.547656 0.771094 0.575 0.790625 0.585156 0.795312 0.601562 0.8 0.607031 0.8039059999999999 0.627344 0.804688 0.628906 0.803125 0.628906 0.798438 0.625 0.796094 0.622656 0.790625 0.607812 0.775 0.597656 0.767969 0.571094 0.757031 0.532031 0.74375
2 0.189062 0.549219 0.189844 0.553906 0.20625 0.559375 0.265625 0.571875 0.26875 0.574219 0.297656 0.575 0.301563 0.573438 0.304688 0.569531 0.3125 0.553125 0.310937 0.549219 0.29375 0.546875 0.265625 0.545312 0.235156 0.546875 0.228906 0.550781 0.221875 0.545312 0.20546899999999998 0.545312
1 0.61875 0.521094 0.617969 0.525781 0.623437 0.530469 0.627344 0.539062 0.630469 0.539844 0.639844 0.549219 0.64375 0.557813 0.645312 0.564844 0.650781 0.567969 0.655469 0.572656 0.660937 0.572656 0.66875 0.56875 0.674219 0.569531 0.688281 0.567969 0.694531 0.565625 0.705469 0.564063 0.713281 0.564063 0.740625 0.557031 0.745313 0.553125 0.745313 0.551562 0.742188 0.548438 0.705469 0.539844 0.682031 0.539844 0.671875 0.542188 0.669531 0.544531 0.665625 0.54375 0.664844 0.548438 0.661719 0.551562 0.657813 0.553125 0.652344 0.549219 0.653125 0.544531 0.64375 0.538281 0.638281 0.53125 0.623437 0.521875
1 0.810937 0.363281 0.796875 0.375 0.792969 0.376563 0.788281 0.382031 0.782813 0.385937 0.782031 0.388281 0.776563 0.392969 0.773438 0.398438 0.765625 0.40625 0.75625 0.42109399999999997 0.752344 0.424219 0.741406 0.447656 0.741406 0.455469 0.739844 0.4625 0.735938 0.465625 0.724219 0.466406 0.716406 0.471875 0.70625 0.482031 0.695547 0.48554700000000006 0.684531 0.491406 0.698438 0.490781 0.715625 0.491406 0.719531 0.491406 0.725781 0.48906299999999997 0.732812 0.48906299999999997 0.746094 0.472656 0.75625 0.467187 0.764062 0.46093799999999996 0.78125 0.442969 0.782031 0.439844 0.7875 0.435156 0.796875 0.42109399999999997 0.807813 0.397656 0.8125 0.379688 0.8132810000000001 0.366406
2 0.7875 0.508594 0.789062 0.511719 0.792969 0.513281 0.822656 0.510938 0.8367190000000001 0.50625 0.8429689999999999 0.501563 0.838281 0.497656 0.81875 0.490625 0.802344 0.489844 0.792969 0.49375 0.789062 0.5
2 0.790625 0.46875 0.789844 0.471094 0.792188 0.47343799999999997 0.796875 0.484375 0.801562 0.489844 0.814063 0.489844 0.817187 0.488281 0.817187 0.485938 0.8117189999999999 0.48359399999999997 0.795312 0.470313
1 0.8617190000000001 0.36875 0.8625 0.373437 0.870313 0.382812 0.873437 0.390625 0.885938 0.397656 0.9 0.408594 0.921875 0.419531 0.9351559999999999 0.42265600000000003 0.946875 0.42265600000000003 0.970313 0.42656299999999997 0.975 0.42656299999999997 0.9773440000000001 0.424219 0.9757809999999999 0.419531 0.970313 0.41406200000000004 0.964844 0.410156 0.951562 0.403906 0.9148440000000001 0.39375 0.896094 0.395313 0.8914060000000001 0.392188 0.889062 0.385156 0.885156 0.38125 0.880469 0.378906 0.8773440000000001 0.378906 0.865625 0.366406
2 0.876563 0.227344 0.8742189999999999 0.235937 0.875 0.267188 0.8726559999999999 0.278125 0.873437 0.295312 0.8757810000000001 0.299219 0.8757810000000001 0.310156 0.873437 0.314063 0.873437 0.316406 0.876563 0.322656 0.88125 0.325781 0.886719 0.322656 0.8835940000000001 0.31875 0.885156 0.305469 0.884375 0.252344 0.879687 0.228906