1 0.071875 0.12226600000000001 0.052344 0.12226600000000001 0.048828 0.108594 0.035937 0.092578 0.01875 0.081641 0.0019530000000000003 0.079687 0.0019530000000000003 0.047656 0.011328 0.04375 0.013280999999999998 0.033203 0.023828 0.033594 0.020703 0.051562 0.035937 0.059766 0.055078 0.080469 0.062891 0.107813 0.072266 0.11171899999999998 0.071875 0.12226600000000001
1 0.234375 0.9847660000000001 0.21484399999999998 0.9847660000000001 0.2125 0.976953 0.183203 0.971875 0.183594 0.933203 0.198828 0.933594 0.198828 0.957812 0.215625 0.9628910000000002 0.226562 0.9691410000000001 0.228906 0.9738279999999999 0.234375 0.9738279999999999 0.234375 0.9847660000000001
1 0.125 0.426953 0.074219 0.425391 0.065625 0.42070299999999994 0.042969 0.41757799999999995 0.021094 0.40507799999999994 0.020703 0.396094 0.053125 0.395703 0.053515999999999994 0.40156200000000003 0.057031 0.40351599999999993 0.075 0.40507799999999994 0.083203 0.40156200000000003 0.083594 0.395703 0.1375 0.395703 0.138281 0.40195299999999995 0.159766 0.410156 0.159375 0.42070299999999994 0.152344 0.42070299999999994 0.145313 0.425391 0.125 0.426953
2 0.0125 0.562891 0.0019530000000000003 0.5625 0.0019530000000000003 0.527344 0.009375 0.526953 0.017969 0.517578 0.045312 0.503516 0.047656 0.49570299999999995 0.071875 0.49570299999999995 0.072266 0.509375 0.066406 0.509766 0.062891 0.517188 0.03125 0.550391 0.0125 0.562891
1 0.759375 0.026952999999999998 0.742969 0.026952999999999998 0.702344 0.017578 0.701953 0.002344 0.748437 0.0019530000000000003 0.749219 0.009766 0.752344 0.012891 0.759766 0.013280999999999998 0.759375 0.026952999999999998
2 0.346875 0.8035159999999999 0.339453 0.803125 0.339453 0.766406 0.348828 0.7625 0.350391 0.755469 0.373828 0.717187 0.374219 0.708203 0.4 0.708203 0.40039100000000005 0.714063 0.410156 0.723828 0.41601600000000005 0.724219 0.41601600000000005 0.732812 0.409766 0.733594 0.410156 0.737891 0.41601600000000005 0.738281 0.41601600000000005 0.742188 0.409766 0.742969 0.40351599999999993 0.760938 0.376563 0.789453 0.346875 0.8035159999999999
1 0.717187 0.753516 0.699219 0.753516 0.696875 0.745703 0.646094 0.744141 0.645703 0.735156 0.675781 0.726953 0.696875 0.728516 0.709375 0.733203 0.717578 0.728125 0.717969 0.720703 0.740625 0.720703 0.740625 0.730078 0.733594 0.730078 0.719141 0.739844 0.717187 0.753516
1 0.653125 0.747266 0.639844 0.747266 0.639453 0.741406 0.63125 0.733203 0.617188 0.725391 0.591406 0.725391 0.589063 0.722266 0.583594 0.722266 0.583203 0.717969 0.595313 0.717578 0.606641 0.709375 0.607031 0.701953 0.620313 0.701953 0.620703 0.7125 0.634375 0.719141 0.647656 0.737891 0.653516 0.738281 0.653125 0.747266
2 0.465625 0.691016 0.449219 0.691016 0.44843700000000003 0.683203 0.42968799999999996 0.669141 0.42070299999999994 0.667188 0.42070299999999994 0.658594 0.453125 0.658203 0.4535159999999999 0.664062 0.459766 0.673438 0.46601599999999993 0.674219 0.465625 0.691016
1 0.321875 0.595703 0.308594 0.594141 0.296875 0.583203 0.283594 0.583203 0.283203 0.564844 0.30625 0.564453 0.306641 0.570312 0.312891 0.576562 0.322266 0.580469 0.321875 0.595703
1 0.342187 0.326953 0.326953 0.325 0.326953 0.308594 0.35 0.298828 0.353906 0.289453 0.376563 0.289453 0.376953 0.298438 0.363281 0.306641 0.342187 0.326953
1 0.435937 0.528516 0.43164100000000005 0.528125 0.42968799999999996 0.520703 0.416406 0.516016 0.40625 0.508203 0.386328 0.507812 0.386328 0.494531 0.381641 0.478906 0.366016 0.447656 0.358203 0.44531200000000004 0.358594 0.41445300000000007 0.376953 0.414844 0.378516 0.42656299999999997 0.389453 0.439844 0.40351599999999993 0.46953100000000003 0.40195299999999995 0.49218799999999996 0.41718700000000003 0.49570299999999995 0.423828 0.500781 0.43476599999999993 0.513281 0.435937 0.528516
2 0.453125 0.622266 0.408594 0.622266 0.40625 0.614453 0.371094 0.606641 0.370703 0.596094 0.453125 0.595703 0.4535159999999999 0.601562 0.459766 0.602344 0.459766 0.615625 0.45390600000000003 0.616016 0.453125 0.622266
1 0.715625 0.366016 0.703516 0.365625 0.691016 0.325781 0.682813 0.317578 0.676953 0.317188 0.676953 0.308594 0.686328 0.304688 0.696094 0.276953 0.705078 0.277344 0.705078 0.290625 0.697266 0.309375 0.706641 0.317969 0.709766 0.340625 0.716016 0.341406 0.715625 0.366016
1 0.446875 0.40351599999999993 0.43671899999999997 0.40351599999999993 0.43632799999999994 0.396094 0.423438 0.381641 0.408203 0.378125 0.408203 0.363281 0.41406200000000004 0.362891 0.4222659999999999 0.353125 0.424219 0.339453 0.44726600000000005 0.339844 0.44726600000000005 0.3625 0.441406 0.362891 0.43476599999999993 0.371094 0.43476599999999993 0.376563 0.439844 0.381641 0.44726600000000005 0.382031 0.446875 0.40351599999999993
1 0.089063 0.820703 0.080469 0.820703 0.072266 0.800781 0.064453 0.8 0.064844 0.783203 0.078125 0.783203 0.080078 0.792188 0.101953 0.8117189999999999 0.1 0.8175779999999999 0.089063 0.820703
1 0.496875 0.9316410000000002 0.47695300000000007 0.923438 0.477344 0.908203 0.547266 0.9085940000000001 0.546875 0.9160160000000002 0.517188 0.925391 0.502344 0.925391 0.496875 0.9316410000000002
1 0 0.658203 0.008203 0.658594 0.008203 0.665625 0.023828 0.683594 0.032031 0.701953 0.048438 0.698828 0.059375 0.700391 0.059766 0.704688 0.036719 0.712891 0.021875 0.722266 0.014844 0.722266 0.011328 0.702344 0.0035159999999999996 0.685156 0 0.683203
1 0.759375 0.472266 0.733594 0.4691409999999999 0.733203 0.457031 0.75625 0.4535159999999999 0.757031 0.44570300000000007 0.791016 0.446094 0.790625 0.455078 0.777344 0.456641 0.771875 0.46757799999999994 0.759375 0.472266
1 0.210938 0.8972659999999999 0.201953 0.896875 0.201953 0.8882809999999999 0.197266 0.8773440000000001 0.190625 0.8691410000000002 0.183203 0.86875 0.183594 0.851953 0.198437 0.851953 0.198828 0.857812 0.211719 0.872266 0.223828 0.8726559999999999 0.22539100000000004 0.879687 0.21132800000000002 0.8914060000000001 0.210938 0.8972659999999999
1 0.023438 0.297266 0.008203 0.296875 0.008203 0.272656 0.016016 0.270313 0.017578 0.263281 0.042578 0.23125 0.044141 0.22109399999999998 0.053125 0.220703 0.048828 0.253125 0.036328 0.275 0.023828 0.288281 0.023438 0.297266
1 0.592187 0.831641 0.576953 0.828125 0.576953 0.8195309999999999 0.583203 0.81875 0.586328 0.807813 0.584766 0.789844 0.576953 0.789062 0.576953 0.771094 0.584375 0.770703 0.597266 0.757812 0.599219 0.745703 0.609375 0.745703 0.609766 0.753125 0.605078 0.764062 0.592578 0.777344 0.598437 0.780078 0.605078 0.789844 0.606641 0.807813 0.592187 0.831641
1 0.290625 0.341016 0.287891 0.340625 0.2875 0.333203 0.248438 0.320703 0.239844 0.320703 0.239453 0.302344 0.282813 0.301953 0.283203 0.309375 0.290625 0.316016 0.297266 0.307812 0.297656 0.301953 0.315625 0.301953 0.316016 0.310937 0.306641 0.313281 0.291016 0.335156 0.290625 0.341016
2 0.090625 0.264453 0.077344 0.264453 0.053125 0.250391 0.046094 0.250391 0.045703 0.227344 0.06875 0.22695300000000002 0.069141 0.232813 0.081641 0.246875 0.091016 0.250781 0.090625 0.264453
1 0.44375 0.8347659999999999 0.428906 0.8347659999999999 0.428516 0.8289060000000001 0.419531 0.825391 0.40546899999999997 0.8128910000000001 0.390625 0.794141 0.383203 0.79375 0.383203 0.772656 0.392578 0.76875 0.394531 0.758203 0.40195299999999995 0.758594 0.40195299999999995 0.784375 0.42968799999999996 0.798828 0.44570300000000007 0.8148440000000001 0.44375 0.8347659999999999
1 0.910937 0.566016 0.901953 0.565625 0.901953 0.555469 0.909375 0.555078 0.9148440000000001 0.544141 0.921875 0.545703 0.9242190000000001 0.550391 0.929688 0.550391 0.941016 0.540625 0.941406 0.533203 0.9519529999999999 0.533594 0.9519529999999999 0.545312 0.942187 0.559766 0.932813 0.564453 0.9132809999999999 0.562891 0.910937 0.566016
1 0.78125 0.258203 0.771094 0.256641 0.745313 0.239453 0.723437 0.230078 0.695703 0.23125 0.695703 0.22109399999999998 0.705078 0.217188 0.708203 0.202344 0.723828 0.178125 0.724219 0.170703 0.733203 0.171094 0.733203 0.18125 0.720703 0.209375 0.746875 0.212891 0.767188 0.22539100000000004 0.783203 0.249219 0.78125 0.258203
1 0.898438 0.541016 0.8894529999999999 0.540625 0.8894529999999999 0.510156 0.895312 0.509766 0.903516 0.494531 0.9285159999999999 0.471875 0.9289059999999999 0.46445299999999995 0.946875 0.46445299999999995 0.9472660000000002 0.47343799999999997 0.9398440000000001 0.473828 0.917578 0.496094 0.9160160000000002 0.510938 0.909766 0.523438 0.898828 0.535156 0.898438 0.541016
1 0.30625 0.572266 0.299219 0.572266 0.298438 0.566016 0.270703 0.548438 0.266016 0.532031 0.258203 0.529687 0.258594 0.508203 0.267188 0.508203 0.267578 0.514062 0.276953 0.525781 0.278516 0.532813 0.285156 0.537891 0.290625 0.537891 0.305078 0.552344 0.30625 0.572266
1 0.254688 0.608203 0.24609399999999998 0.606641 0.214453 0.579688 0.184766 0.517969 0.176953 0.517188 0.177344 0.49570299999999995 0.2 0.49570299999999995 0.20039100000000004 0.503125 0.21914099999999997 0.521094 0.230078 0.541406 0.233203 0.578125 0.242188 0.581641 0.255078 0.596094 0.254688 0.608203
0 0.490625 0.29375 0.485938 0.295312 0.478125 0.30625 0.470313 0.313281 0.466406 0.31875 0.463281 0.329688 0.464844 0.342969 0.47343799999999997 0.355469 0.475781 0.355469 0.4875 0.346094 0.5 0.326562 0.500781 0.321875 0.49531200000000003 0.314844 0.494531 0.296094
0 0.80625 0.735156 0.803125 0.73125 0.794531 0.728125 0.784375 0.728125 0.769531 0.732031 0.746875 0.740625 0.733594 0.747656 0.728906 0.755469 0.728125 0.760938 0.733594 0.764062 0.753125 0.760938 0.775781 0.751563 0.796875 0.746094 0.804688 0.740625
0 0.764844 0.620313 0.757031 0.621094 0.75 0.624219 0.745313 0.628906 0.738281 0.629687 0.728906 0.64375 0.71875 0.653906 0.719531 0.65625 0.723437 0.658594 0.733594 0.657813 0.751563 0.646875 0.763281 0.630469
0 0.674219 0.622656 0.664844 0.622656 0.650781 0.627344 0.639062 0.633594 0.615625 0.650781 0.608594 0.659375 0.608594 0.664844 0.619531 0.664844 0.675 0.642969 0.679688 0.6375 0.675 0.628906
0 0.663281 0.500781 0.65625 0.501563 0.652344 0.509375 0.635938 0.528125 0.63125 0.536719 0.63125 0.545312 0.635156 0.546094 0.664062 0.523438 0.669531 0.514844 0.669531 0.507812
0 0.371094 0.196094 0.3625 0.196875 0.353906 0.20625 0.349219 0.215625 0.347656 0.22343799999999997 0.349219 0.228906 0.357812 0.227344 0.363281 0.217188 0.374219 0.20546899999999998 0.375 0.20078100000000002
0 0.561719 0.392188 0.55625 0.392969 0.553125 0.403906 0.554688 0.411719 0.552344 0.416406 0.551562 0.430469 0.544531 0.450781 0.541406 0.455469 0.535937 0.478906 0.534375 0.507031 0.535937 0.517188 0.540625 0.527344 0.55 0.520312 0.554688 0.514844 0.559375 0.504687 0.564063 0.501563 0.564844 0.490625 0.569531 0.478906 0.569531 0.46953100000000003 0.565625 0.465625 0.564844 0.454688 0.559375 0.451562 0.559375 0.447656 0.575 0.41875 0.575781 0.407813 0.572656 0.4
1 0.915625 0.797656 0.9148440000000001 0.810937 0.907813 0.816406 0.9054689999999999 0.824219 0.902344 0.826562 0.90625 0.8304690000000001 0.911719 0.83125 0.921875 0.8375 0.941406 0.85625 0.9507809999999999 0.8601560000000001 0.959375 0.860938 0.960938 0.8570309999999999 0.957812 0.849219 0.94375 0.832031 0.939063 0.8289060000000001 0.916406 0.822656 0.921875 0.8117189999999999 0.921875 0.798438 0.920312 0.796094
2 0.8257809999999999 0.722656 0.81875 0.720313 0.814063 0.721875 0.814063 0.728125 0.8125 0.732031 0.80625 0.735938 0.8054690000000001 0.747656 0.802344 0.751563 0.80625 0.757812 0.8132810000000001 0.757031 0.814063 0.752344 0.83125 0.733594 0.835938 0.732812
3 0.582031 0.546094 0.578906 0.546094 0.575 0.549219 0.56875 0.560156 0.539844 0.625 0.525 0.649219 0.524219 0.6625 0.533594 0.6625 0.536719 0.664844 0.536719 0.667188 0.525 0.680469 0.517969 0.692969 0.503125 0.7125 0.49921899999999997 0.720313 0.500781 0.728125 0.510156 0.725 0.542969 0.697656 0.550781 0.685937 0.564063 0.652344 0.574219 0.646875 0.579688 0.641406 0.585938 0.639062 0.59375 0.626563 0.600781 0.619531 0.599219 0.616406 0.595313 0.616406 0.5875 0.623437 0.580469 0.626563 0.574219 0.633594 0.571094 0.634375 0.56875 0.632031 0.569531 0.627344 0.582031 0.607812 0.592187 0.580469 0.589063 0.554688
0 0.375781 0.350781 0.372656 0.35 0.360938 0.353125 0.346875 0.365625 0.310156 0.419531 0.301563 0.4375 0.295312 0.442969 0.292969 0.450781 0.282031 0.458594 0.283594 0.461719 0.291406 0.4625 0.3125 0.453125 0.315625 0.446875 0.325 0.440625 0.335938 0.428906 0.3625 0.391406 0.378125 0.357812
1 0.466406 0.322656 0.463281 0.336719 0.464844 0.349219 0.45781299999999997 0.353906 0.455469 0.3625 0.459375 0.377344 0.46406200000000003 0.383594 0.46796899999999997 0.384375 0.471094 0.377344 0.471875 0.353125 0.46796899999999997 0.346875 0.46875 0.334375
1 0.575 0.308594 0.571875 0.313281 0.574219 0.327344 0.572656 0.329688 0.570312 0.329688 0.575 0.335156 0.575 0.360156 0.569531 0.373437 0.577344 0.377344 0.595313 0.376563 0.601562 0.371875 0.602344 0.367188 0.596094 0.360938 0.592969 0.366406 0.588281 0.367188 0.586719 0.365625 0.590625 0.357031 0.5875 0.328125 0.580469 0.3125
1 0.725 0.388281 0.71875 0.3875 0.69375 0.390625 0.670312 0.398438 0.648438 0.411719 0.642188 0.419531 0.642969 0.423438 0.646094 0.42656299999999997 0.651563 0.427344 0.669531 0.421875 0.6875 0.41406200000000004 0.725 0.392969
1 0.704688 0.427344 0.703125 0.425 0.685156 0.424219 0.678906 0.427344 0.664062 0.425 0.653906 0.428125 0.657813 0.43125 0.663281 0.44218799999999997 0.672656 0.446875 0.674219 0.449219 0.679688 0.444531 0.682031 0.439844 0.690625 0.43828100000000003 0.701562 0.432031
1 0.842187 0.396094 0.8132810000000001 0.396094 0.807031 0.398438 0.794531 0.398438 0.792969 0.400781 0.784375 0.402344 0.778125 0.40703100000000003 0.774219 0.407813 0.774219 0.4125 0.791406 0.413281 0.828125 0.410156 0.8375 0.40703100000000003 0.84375 0.40156200000000003
3 0.579688 0.113281 0.579688 0.121875 0.590625 0.129688 0.595313 0.142969 0.607031 0.15 0.616406 0.158594 0.620313 0.166406 0.620313 0.171094 0.652344 0.189844 0.671094 0.20625 0.689844 0.232813 0.69375 0.226562 0.696094 0.217969 0.694531 0.201563 0.686719 0.185156 0.671094 0.169531 0.671875 0.166406 0.68125 0.161719 0.682813 0.157812 0.678906 0.153906 0.657031 0.147656 0.652344 0.142187 0.642969 0.138281 0.63125 0.142969 0.628125 0.142187 0.621094 0.13125 0.607812 0.121094 0.585156 0.1125
1 0.485938 0.040625 0.488281 0.049219 0.510938 0.085938 0.516406 0.101562 0.516406 0.108594 0.521875 0.110937 0.550781 0.107813 0.542188 0.103125 0.525 0.1 0.528906 0.083594 0.521094 0.067969 0.50625 0.050781 0.49375 0.042969
2 0.596875 0.017188 0.59375 0.014844 0.583594 0.017188 0.566406 0.028125 0.530469 0.040625 0.528906 0.045312 0.535156 0.050781 0.540625 0.052344 0.553906 0.052344 0.564844 0.049219 0.583594 0.0375 0.595313 0.021875
1 0.42656299999999997 0.134375 0.42265600000000003 0.134375 0.413281 0.142187 0.398438 0.163281 0.392188 0.169531 0.388281 0.171094 0.384375 0.189062 0.385156 0.19375 0.389062 0.194531 0.396094 0.190625 0.398438 0.182812 0.42265600000000003 0.147656 0.42656299999999997 0.139844
2 0.188281 0.175781 0.18125 0.189062 0.180469 0.213281 0.185938 0.219531 0.190625 0.22109399999999998 0.192969 0.21875 0.192969 0.215625 0.189844 0.20781299999999997 0.189062 0.192969 0.192969 0.177344
3 0.258594 0.298438 0.25625 0.295312 0.239844 0.289062 0.208594 0.291406 0.189062 0.296875 0.172656 0.296094 0.149219 0.298438 0.135156 0.304688 0.124219 0.316406 0.11875 0.327344 0.098437 0.325781 0.089844 0.328125 0.074219 0.341406 0.038281 0.367188 0.032031 0.375 0.03125 0.38125 0.045312 0.380469 0.064062 0.371875 0.075781 0.36875 0.084375 0.360938 0.092188 0.357812 0.096094 0.353125 0.124219 0.335156 0.124219 0.330469 0.1375 0.321094 0.140625 0.322656 0.135156 0.3375 0.135937 0.340625 0.140625 0.342969 0.153906 0.342187 0.185938 0.330469 0.20781299999999997 0.325781 0.215625 0.321875 0.2375 0.315625 0.253125 0.305469
0 0.8835940000000001 0.098437 0.88125 0.101562 0.878125 0.128125 0.873437 0.142187 0.870313 0.160938 0.8585939999999999 0.198437 0.860938 0.20078100000000002 0.8773440000000001 0.196875 0.885156 0.198437 0.8976559999999999 0.210156 0.9125 0.23046899999999998 0.917188 0.233594 0.91875 0.23125 0.917969 0.221875 0.910937 0.202344 0.901563 0.192188 0.8820309999999999 0.185156 0.892188 0.161719 0.8976559999999999 0.142187 0.896875 0.114062 0.890625 0.103125
0 0.801562 0.579688 0.799219 0.577344 0.792969 0.578906 0.778906 0.590625 0.75625 0.603906 0.735938 0.6125 0.730469 0.61875 0.732031 0.624219 0.735938 0.628125 0.745313 0.628906 0.755469 0.622656 0.769531 0.617188 0.785937 0.604688 0.796094 0.59375
0 0.300781 0.689063 0.288281 0.685937 0.278906 0.689063 0.275781 0.692969 0.271094 0.69375 0.264844 0.699219 0.255469 0.703906 0.234375 0.728125 0.227344 0.742188 0.225 0.757031 0.217969 0.764062 0.211719 0.777344 0.2 0.786719 0.194531 0.796875 0.176563 0.8445310000000001 0.175 0.854688 0.177344 0.859375 0.182031 0.857812 0.19375 0.8460940000000001 0.210938 0.8148440000000001 0.217969 0.796875 0.21875 0.78125 0.240625 0.759375 0.254688 0.751563 0.2875 0.721875 0.3 0.70625 0.303125 0.695312
0 0.8929690000000001 0.892188 0.8882809999999999 0.895312 0.8835940000000001 0.915625 0.880469 0.9382810000000001 0.880469 0.948438 0.882812 0.949219 0.902344 0.9398440000000001 0.9054689999999999 0.935937 0.902344 0.9132809999999999
0 0.327344 0.31875 0.321875 0.319531 0.311719 0.330469 0.303906 0.344531 0.302344 0.350781 0.305469 0.38125 0.317969 0.403125 0.320312 0.402344 0.327344 0.390625 0.327344 0.384375 0.321094 0.373437 0.328906 0.3625 0.335156 0.344531 0.334375 0.332031
0 0.682031 0.026561999999999995 0.673438 0.028125 0.653125 0.041406 0.647656 0.048438 0.645312 0.054688 0.642188 0.05625 0.638281 0.071094 0.626563 0.069531 0.619531 0.071875 0.602344 0.089063 0.590625 0.105469 0.589063 0.1125 0.59375 0.115625 0.603906 0.114062 0.617969 0.096875 0.632031 0.083594 0.636719 0.083594 0.642188 0.091406 0.647656 0.085938 0.650781 0.085156 0.659375 0.076563 0.659375 0.074219 0.670312 0.064844 0.671094 0.060156 0.678125 0.049219 0.678125 0.0375
0 0.753125 0.409375 0.75 0.404687 0.736719 0.40156200000000003 0.725 0.402344 0.705469 0.407813 0.690625 0.414844 0.685156 0.41875 0.685156 0.42265600000000003 0.713281 0.423438 0.728125 0.42109399999999997 0.74375 0.42109399999999997 0.753125 0.416406
0 0.592969 0.45 0.5875 0.450781 0.575781 0.461719 0.570312 0.46875 0.569531 0.478125 0.566406 0.482812 0.561719 0.48515600000000003 0.561719 0.497656 0.55625 0.504687 0.553906 0.517188 0.564063 0.540625 0.56875 0.541406 0.575781 0.527344 0.577344 0.521875 0.577344 0.507812 0.572656 0.501563 0.573438 0.49375 0.576562 0.489844 0.583594 0.486719 0.579688 0.480469 0.579688 0.477344 0.592187 0.465625
0 0.886719 0.673438 0.885156 0.671094 0.8757810000000001 0.672656 0.864062 0.682031 0.820312 0.708594 0.820312 0.713281 0.826562 0.716406 0.8351559999999999 0.717187 0.867188 0.705469 0.878906 0.696875 0.8835940000000001 0.689844 0.8875 0.679688
0 0.394531 0.126562 0.392188 0.125781 0.390625 0.130469 0.374219 0.128906 0.360938 0.132812 0.345313 0.145313 0.328906 0.1625 0.326562 0.167187 0.317969 0.174219 0.295312 0.164062 0.291406 0.164844 0.288281 0.167969 0.278906 0.164844 0.263281 0.164062 0.257812 0.165625 0.252344 0.170313 0.249219 0.178906 0.253906 0.184375 0.267969 0.188281 0.284375 0.189844 0.3 0.194531 0.321875 0.19375 0.345313 0.178125 0.388281 0.135156
0 0.610156 0.582812 0.6125 0.588281 0.617969 0.591406 0.635938 0.592187 0.657031 0.596094 0.683594 0.60625 0.690625 0.603906 0.688281 0.597656 0.678906 0.585156 0.65625 0.575 0.642188 0.571875 0.628125 0.571875 0.617969 0.575781
0 0.535156 0.704688 0.529687 0.709375 0.528906 0.714063 0.55 0.745313 0.565625 0.783594 0.569531 0.788281 0.572656 0.789062 0.576562 0.769531 0.576562 0.745313 0.571875 0.730469 0.567187 0.721875 0.554688 0.710938 0.541406 0.704688
0 0.410156 0.48125 0.41406200000000004 0.486719 0.43125 0.492969 0.446094 0.492969 0.457031 0.486719 0.45390600000000003 0.482031 0.447656 0.478906 0.42265600000000003 0.478125 0.41406200000000004 0.478906
0 0.295312 0.40546899999999997 0.283594 0.390625 0.278906 0.390625 0.275781 0.396094 0.278125 0.403125 0.276562 0.40625 0.259375 0.408594 0.233594 0.417969 0.226562 0.421875 0.21640600000000002 0.43125 0.21640600000000002 0.435937 0.225781 0.4375 0.276562 0.425 0.282813 0.421875 0.288281 0.415625 0.29375 0.4125
0 0.8507809999999999 0.871875 0.849219 0.879687 0.853125 0.896094 0.853906 0.911719 0.8585939999999999 0.9382810000000001 0.860938 0.942187 0.869531 0.9445309999999999 0.878125 0.9304690000000001 0.878906 0.911719 0.8773440000000001 0.898438 0.871875 0.885156 0.865625 0.8773440000000001 0.857812 0.871875
1 0.885938 0.628516 0.876953 0.628125 0.876953 0.617969 0.885938 0.617578 0.914453 0.596875 0.9128909999999999 0.583594 0.9050779999999999 0.573438 0.9050779999999999 0.564844 0.921875 0.564453 0.9222660000000001 0.571875 0.9269529999999999 0.577344 0.925391 0.59375 0.933594 0.598828 0.940625 0.598828 0.941016 0.603125 0.911719 0.612891 0.885938 0.628516
1 0.623437 0.578516 0.616016 0.578125 0.617578 0.564844 0.609375 0.551953 0.598437 0.545703 0.589453 0.545312 0.589844 0.533203 0.61875 0.533203 0.619141 0.539062 0.632031 0.555078 0.647656 0.550391 0.683203 0.552344 0.679688 0.559766 0.649219 0.562891 0.628906 0.569141 0.623828 0.572656 0.623437 0.578516
0 0.859375 0.669141 0.8429689999999999 0.667578 0.825391 0.646875 0.805078 0.611719 0.796875 0.605078 0.789453 0.604688 0.789453 0.586719 0.798438 0.586328 0.804688 0.589453 0.8128910000000001 0.58125 0.8132810000000001 0.526953 0.825391 0.527344 0.825391 0.532813 0.836328 0.550781 0.836328 0.571875 0.8222660000000002 0.590625 0.8488279999999999 0.610156 0.8503909999999999 0.617188 0.8441410000000001 0.620313 0.853906 0.631641 0.8597660000000001 0.632031 0.859375 0.669141
1 0.173437 0.709766 0.146094 0.709766 0.145703 0.683594 0.153125 0.683203 0.174219 0.659766 0.196875 0.647266 0.199219 0.639453 0.2375 0.639453 0.237891 0.646875 0.248828 0.667969 0.248828 0.68125 0.239453 0.678125 0.234375 0.666016 0.228906 0.667578 0.192188 0.694141 0.175781 0.701953 0.173437 0.709766