1 0.739062 0.309375 0.74375 0.300781 0.748437 0.296875 0.751563 0.285156 0.75625 0.279687 0.754687 0.26640600000000003 0.751563 0.264062 0.746094 0.251563 0.748437 0.25 0.760156 0.252344 0.763281 0.255469 0.770312 0.254687 0.775781 0.251563 0.782813 0.242188 0.786719 0.23281200000000002 0.789844 0.20546899999999998 0.788281 0.197656 0.785156 0.194531 0.777344 0.196094 0.7625 0.20625 0.752344 0.209375 0.749219 0.21406299999999998 0.742188 0.23203100000000002 0.742188 0.23828100000000002 0.739062 0.242969 0.739844 0.24765600000000002 0.742188 0.24843700000000002 0.740625 0.249219 0.741406 0.260938 0.736719 0.28046899999999997 0.734375 0.283594 0.73125 0.30625 0.732812 0.310156 0.736719 0.310937 0.739062 0.309375
0 0.602344 0.589844 0.616406 0.617969 0.625781 0.628906 0.6375 0.635937 0.642188 0.635156 0.64375 0.632031 0.64375 0.614063 0.63125 0.589062 0.625781 0.583594 0.617188 0.579688 0.603906 0.580469 0.601562 0.583594 0.602344 0.589844
0 0.2125 0.728125 0.22109399999999998 0.738281 0.2375 0.749219 0.265625 0.75625 0.265625 0.760156 0.263281 0.7640629999999999 0.267969 0.76875 0.269531 0.782031 0.27343799999999996 0.786719 0.278125 0.799219 0.283594 0.807812 0.303125 0.828125 0.31328100000000003 0.8351559999999999 0.31875 0.8351559999999999 0.31875 0.8296870000000001 0.303125 0.799219 0.303125 0.790625 0.277344 0.75625 0.27656200000000003 0.739844 0.259375 0.730469 0.23828100000000002 0.726562 0.22109399999999998 0.717187 0.2125 0.715625 0.210156 0.719531 0.2125 0.728125
1 0.203125 0.702344 0.213281 0.698437 0.217969 0.692969 0.21875 0.682031 0.235156 0.654687 0.235937 0.646094 0.251563 0.639062 0.253125 0.634375 0.23828100000000002 0.639062 0.23203100000000002 0.639062 0.224219 0.642969 0.196094 0.671875 0.186719 0.686719 0.186719 0.699219 0.188281 0.700781 0.203125 0.702344
0 0.346094 0.725781 0.350781 0.69375 0.346875 0.677344 0.353125 0.667187 0.35 0.654687 0.35859399999999997 0.648438 0.369531 0.614844 0.372656 0.6 0.372656 0.5875 0.37031200000000003 0.584375 0.367969 0.584375 0.363281 0.589062 0.349219 0.611719 0.340625 0.633594 0.341406 0.654687 0.333594 0.6625 0.329688 0.669531 0.325781 0.690625 0.325781 0.717187 0.333594 0.736719 0.33906200000000003 0.734375 0.346094 0.725781
0 0.233594 0.607031 0.23828100000000002 0.586719 0.239844 0.5625 0.23671899999999998 0.55 0.232813 0.544531 0.2375 0.528125 0.226562 0.522656 0.22109399999999998 0.517188 0.2125 0.5125 0.210938 0.517188 0.211719 0.533594 0.220312 0.542187 0.210938 0.55 0.211719 0.557031 0.20703100000000002 0.571875 0.203906 0.607812 0.20781299999999997 0.624219 0.210938 0.627344 0.21640600000000002 0.627344 0.228906 0.617188 0.233594 0.607031
2 0.185938 0.610156 0.1875 0.599219 0.185938 0.594531 0.177344 0.591406 0.171875 0.595313 0.176563 0.6 0.173437 0.603906 0.16875 0.622656 0.163281 0.630469 0.160938 0.642188 0.161719 0.648438 0.173437 0.635156 0.185938 0.610156
2 0.149219 0.510937 0.155469 0.513281 0.170313 0.513281 0.176563 0.510156 0.173437 0.50625 0.147656 0.498437 0.142187 0.494531 0.140625 0.502344 0.149219 0.510937
2 0.155469 0.48515600000000003 0.16015600000000002 0.478906 0.159375 0.471094 0.167187 0.444531 0.167187 0.439844 0.16953100000000002 0.435937 0.166406 0.432031 0.160938 0.432813 0.155469 0.4375 0.15 0.450781 0.14843800000000001 0.457812 0.14843800000000001 0.482812 0.15 0.491406 0.154688 0.491406 0.155469 0.48515600000000003
1 0.272656 0.48359399999999997 0.291406 0.46875 0.298438 0.46875 0.303906 0.471094 0.31875 0.46953100000000003 0.338281 0.457812 0.346094 0.446875 0.34375 0.44531200000000004 0.335156 0.44531200000000004 0.30156299999999997 0.453125 0.299219 0.454688 0.298438 0.46093799999999996 0.295312 0.464063 0.284375 0.465625 0.26484399999999997 0.478906 0.259375 0.486719 0.265625 0.486719 0.272656 0.48359399999999997
0 0.3875 0.535156 0.396875 0.544531 0.396875 0.557031 0.39843799999999996 0.561719 0.410156 0.576562 0.41406200000000004 0.585156 0.43828100000000003 0.610156 0.450781 0.619531 0.459375 0.622656 0.4625 0.617969 0.461719 0.605469 0.459375 0.599219 0.451562 0.586719 0.440625 0.578906 0.42968799999999996 0.564063 0.428906 0.560937 0.430469 0.559375 0.4375 0.560937 0.43828100000000003 0.55625 0.424219 0.545312 0.4125 0.539844 0.410156 0.5375 0.41093799999999997 0.532813 0.407813 0.528906 0.39843799999999996 0.525 0.377344 0.524219 0.377344 0.528906 0.3875 0.535156
0 0.310937 0.550781 0.3125 0.546875 0.315625 0.545312 0.33125 0.560156 0.357031 0.575 0.367969 0.577344 0.378125 0.577344 0.38593700000000003 0.573437 0.384375 0.56875 0.371875 0.557812 0.36406299999999997 0.547656 0.364844 0.544531 0.37578100000000003 0.542969 0.38593700000000003 0.539844 0.388281 0.5375 0.37968799999999997 0.529687 0.32343700000000003 0.522656 0.317969 0.526562 0.310156 0.539062 0.308594 0.55 0.310937 0.550781
0 0.415625 0.611719 0.42109399999999997 0.623437 0.43125 0.638281 0.439063 0.645313 0.447656 0.646875 0.44843700000000003 0.660938 0.454688 0.686719 0.45781299999999997 0.689063 0.4625 0.689063 0.463281 0.685156 0.46093799999999996 0.677344 0.463281 0.674219 0.485938 0.695312 0.496875 0.701562 0.502344 0.700781 0.508594 0.69375 0.507031 0.672656 0.464844 0.639062 0.45390600000000003 0.639062 0.450781 0.635937 0.44531200000000004 0.619531 0.435937 0.605469 0.416406 0.584375 0.41406200000000004 0.584375 0.4125 0.596094 0.415625 0.611719
0 0.24765600000000002 0.376563 0.24609399999999998 0.38125 0.25078100000000003 0.384375 0.251563 0.388281 0.25781200000000004 0.39375 0.260156 0.399219 0.260156 0.410156 0.263281 0.421875 0.277344 0.45234399999999997 0.28593799999999997 0.464063 0.29609399999999997 0.466406 0.298438 0.464063 0.298438 0.45390600000000003 0.2875 0.425781 0.272656 0.400781 0.267969 0.397656 0.26093700000000003 0.396094 0.2625 0.390625 0.26093700000000003 0.384375 0.249219 0.366406 0.248438 0.3625 0.24375 0.35859399999999997 0.242969 0.364062 0.24765600000000002 0.376563
0 0.188281 0.260156 0.185938 0.26640600000000003 0.1875 0.288281 0.19375 0.310156 0.20078100000000002 0.319531 0.204687 0.316406 0.20703100000000002 0.317969 0.2 0.32890600000000003 0.196875 0.3375 0.19375 0.354688 0.19375 0.370313 0.201563 0.396094 0.208594 0.407813 0.213281 0.410156 0.217969 0.4 0.221875 0.3625 0.221875 0.342187 0.21875 0.328125 0.21406200000000003 0.319531 0.21875 0.31171899999999997 0.21875 0.295312 0.201563 0.24375 0.19921899999999998 0.242188 0.19140600000000002 0.242188 0.188281 0.24765600000000002 0.188281 0.260156
0 0.14453100000000002 0.34296899999999997 0.16875 0.303906 0.1875 0.260156 0.1875 0.242188 0.194531 0.234375 0.203125 0.21875 0.21640600000000002 0.20156200000000002 0.217969 0.197656 0.217188 0.192969 0.201563 0.19921899999999998 0.178906 0.21875 0.173437 0.228125 0.177344 0.239844 0.163281 0.246875 0.153125 0.25781200000000004 0.146875 0.267969 0.142187 0.278906 0.14453100000000002 0.298438 0.14453100000000002 0.319531 0.142187 0.325 0.13828100000000002 0.321875 0.13828100000000002 0.325781 0.134375 0.330469 0.134375 0.342187 0.13671899999999998 0.34453100000000003 0.140625 0.345313 0.14453100000000002 0.34296899999999997
0 0.11484399999999999 0.303906 0.121875 0.288281 0.125 0.275781 0.121094 0.196094 0.11953100000000001 0.1875 0.11640600000000001 0.18125 0.113281 0.17968800000000001 0.11171899999999998 0.17421899999999998 0.11796899999999999 0.15390600000000002 0.125781 0.1125 0.125781 0.10703100000000002 0.123438 0.103125 0.11875 0.104688 0.10703100000000002 0.11875 0.095312 0.142188 0.09375 0.150781 0.094531 0.161719 0.096875 0.16796899999999998 0.103125 0.17421899999999998 0.10390600000000001 0.177344 0.092969 0.18125 0.08203099999999999 0.188281 0.075781 0.196094 0.072656 0.20703100000000002 0.07421900000000001 0.21640600000000002 0.075781 0.217969 0.078125 0.21718700000000002 0.08125 0.20468799999999998 0.092969 0.19375 0.096094 0.188281 0.107813 0.182031 0.114062 0.18515600000000002 0.110937 0.189063 0.105469 0.18984399999999998 0.09765599999999999 0.19531199999999999 0.09375 0.202344 0.092188 0.215625 0.092188 0.23046899999999998 0.095312 0.253125 0.095312 0.275781 0.101562 0.298438 0.10234399999999999 0.307813 0.105469 0.31171899999999997 0.108594 0.31171899999999997 0.11484399999999999 0.303906
0 0.075781 0.419531 0.089063 0.38125 0.08984400000000001 0.373437 0.088281 0.369531 0.092188 0.365625 0.09375 0.354688 0.096094 0.35156200000000004 0.1 0.350781 0.104688 0.342187 0.104688 0.322656 0.096875 0.314063 0.09375 0.314063 0.090625 0.317187 0.091406 0.329688 0.085156 0.334375 0.082812 0.339063 0.082812 0.353125 0.080469 0.3625 0.071875 0.371875 0.052344 0.42265600000000003 0.05 0.44375 0.052344 0.446094 0.060156 0.442187 0.075781 0.419531
0 0 0.480469 0.00625 0.48125 0.010156 0.478125 0.017969 0.464063 0.019531 0.457812 0.026562000000000002 0.446875 0.028125 0.440625 0.036719 0.43671899999999997 0.042969 0.428906 0.046875 0.4125 0.045312000000000005 0.386719 0.041406 0.3875 0.03125 0.400781 0.019531 0.425 0.017969 0.432813 0.013281000000000001 0.432813 0.009375 0.435937 0.0023439999999999997 0.449219 0 0.45 0 0.480469
0 0.040625 0.101562 0.052344 0.10234399999999999 0.073438 0.099219 0.080469 0.09531300000000001 0.091406 0.085156 0.098984 0.071797 0.115391 0.075469 0.130156 0.061875 0.11164099999999999 0.065391 0.102969 0.057031 0.090625 0.058594 0.063281 0.0625 0.025 0.080469 0.020313 0.084375 0.01875 0.088281 0.022656000000000003 0.09218699999999999 0.040625 0.101562
0 0.21640600000000002 0 0.21640600000000002 0.010938 0.217969 0.014844 0.221875 0.017969 0.22343799999999997 0.025781 0.22109399999999998 0.027344 0.209375 0.028125 0.1875 0.042969 0.17421899999999998 0.061719 0.164844 0.078906 0.1625 0.086719 0.157031 0.09531300000000001 0.157031 0.1 0.1625 0.10234399999999999 0.170313 0.098437 0.217188 0.058594 0.228125 0.041406 0.228125 0.032031 0.23046899999999998 0.029687 0.249219 0.028905999999999998 0.257031 0.026562999999999996 0.260156 0.021875 0.26093700000000003 0.011719 0.264062 0.007031 0.265625 0 0.21640600000000002 0
1 0.375 0.178125 0.384375 0.185937 0.39843799999999996 0.18984399999999998 0.433594 0.190625 0.465625 0.18515600000000002 0.482031 0.178125 0.482031 0.173438 0.475 0.16953100000000002 0.447656 0.164844 0.42109399999999997 0.16406199999999999 0.378125 0.16875 0.372656 0.171875 0.355469 0.171094 0.342187 0.173438 0.3125 0.18515600000000002 0.3125 0.18984399999999998 0.35 0.18984399999999998 0.375 0.178125
1 0.385156 0.270312 0.4125 0.258594 0.42265600000000003 0.25 0.428125 0.23828100000000002 0.435937 0.239844 0.4375 0.235156 0.43281200000000003 0.23281200000000002 0.427344 0.226562 0.42265600000000003 0.225781 0.378906 0.260156 0.371875 0.267188 0.37031200000000003 0.271875 0.376563 0.272656 0.385156 0.270312
0 0.29609399999999997 0.254687 0.302344 0.261719 0.32031200000000004 0.29609399999999997 0.32734399999999997 0.302344 0.33593799999999996 0.30468799999999996 0.33906200000000003 0.315625 0.34453100000000003 0.324219 0.376563 0.3625 0.38125 0.364844 0.383594 0.361719 0.38125 0.345313 0.366406 0.31328100000000003 0.35468700000000003 0.29765600000000003 0.345313 0.290625 0.34296899999999997 0.285156 0.332031 0.279687 0.32734399999999997 0.271094 0.326562 0.259375 0.30781200000000003 0.24765600000000002 0.30156299999999997 0.24609399999999998 0.298438 0.242969 0.295312 0.251563 0.29609399999999997 0.254687
0 0.459375 0.13671899999999998 0.470313 0.113281 0.474219 0.099219 0.474219 0.09531300000000001 0.470313 0.08984400000000001 0.491406 0.090625 0.505469 0.085156 0.517969 0.04375 0.517969 0.036719 0.5 0.044531 0.485938 0.053905999999999996 0.46953100000000003 0.071094 0.466406 0.082812 0.458594 0.085938 0.454688 0.090625 0.450781 0.104688 0.45 0.12265600000000002 0.44843700000000003 0.126563 0.44843700000000003 0.13828100000000002 0.450781 0.142188 0.454688 0.141406 0.459375 0.13671899999999998
0 0.290625 0.202344 0.302344 0.197656 0.31171899999999997 0.190625 0.321094 0.18984399999999998 0.32031200000000004 0.18515600000000002 0.322656 0.182031 0.32734399999999997 0.18125 0.330469 0.182813 0.333594 0.17421899999999998 0.34453100000000003 0.163281 0.352344 0.150781 0.353125 0.145312 0.357031 0.140625 0.36718799999999996 0.15234399999999998 0.377344 0.16015600000000002 0.39375 0.164844 0.425 0.16406199999999999 0.447656 0.159375 0.460156 0.15859399999999998 0.460156 0.149219 0.45625 0.142188 0.451562 0.14375 0.444531 0.13828100000000002 0.43281200000000003 0.135938 0.414844 0.128125 0.403906 0.129687 0.392188 0.128125 0.376563 0.132031 0.369531 0.1375 0.363281 0.135938 0.357812 0.13671899999999998 0.34843799999999997 0.133594 0.346094 0.135156 0.340625 0.13281199999999999 0.328125 0.13281199999999999 0.317969 0.135156 0.308594 0.139062 0.2875 0.155469 0.27031299999999997 0.173438 0.26875 0.177344 0.263281 0.180469 0.25468799999999997 0.20468799999999998 0.255469 0.21718700000000002 0.286719 0.20625 0.290625 0.202344
2 0.25781200000000004 0.038280999999999996 0.261719 0.046875 0.275 0.060156 0.2875 0.06875 0.29218700000000003 0.069531 0.303125 0.069922 0.311172 0.071562 0.302813 0.062813 0.29375 0.054688 0.288516 0.049686999999999995 0.284375 0.045312000000000005 0.279687 0.040625 0.278906 0.0375 0.271094 0.029687 0.27343799999999996 0.025 0.269531 0.023438 0.2625 0.025 0.25781200000000004 0.03125 0.25781200000000004 0.038280999999999996
2 0.361719 0.085938 0.365625 0.053905999999999996 0.364844 0.048437999999999995 0.366406 0.045312000000000005 0.365625 0.041406 0.35859399999999997 0.042187999999999996 0.353906 0.046875 0.350781 0.054688 0.352344 0.07656199999999999 0.357031 0.088281 0.36015600000000003 0.088281 0.361719 0.085938
0 0.498437 0 0.500781 0.014062 0.504687 0.022656000000000003 0.509375 0.024218999999999997 0.522656 0.023438 0.524219 0.025 0.524219 0.028905999999999998 0.519531 0.035156 0.50625 0.07968800000000001 0.505469 0.096875 0.508594 0.099219 0.527344 0.08203099999999999 0.5375 0.06640599999999999 0.54375 0.053125 0.54375 0.032812999999999995 0.541406 0.029687 0.532813 0.028905999999999998 0.53125 0.017969 0.533594 0.015625 0.536719 0.021093999999999998 0.54375 0.020312 0.553125 0.010156 0.553906 0 0.538281 0 0.536719 0.010156 0.535156 0.009375 0.535156 0 0.498437 0
0 0.575781 0 0.571875 0.004687 0.571094 0.008594000000000001 0.567969 0.010938 0.567969 0.013281000000000001 0.546094 0.032031 0.544531 0.035937000000000004 0.546875 0.048437999999999995 0.542188 0.057031 0.54375 0.08984400000000001 0.542969 0.126563 0.545312 0.157813 0.548438 0.161719 0.557813 0.154687 0.569531 0.139062 0.574219 0.126563 0.578125 0.10781199999999999 0.579688 0.07968800000000001 0.577344 0.070312 0.576562 0.054688 0.574219 0.046875 0.567187 0.0375 0.580469 0.025 0.580469 0.014844 0.577344 0.013281000000000001 0.592187 0.010156 0.601562 0.0023439999999999997 0.601562 0 0.575781 0
0 0.584375 0.140625 0.589063 0.135938 0.59375 0.135156 0.610156 0.11640600000000001 0.61875 0.084375 0.621875 0.078906 0.624219 0.080469 0.626563 0.0875 0.630469 0.082812 0.636719 0.080469 0.655469 0.078906 0.670312 0.071875 0.690625 0.058594 0.696094 0.053125 0.696094 0.048437999999999995 0.692187 0.047656 0.670312 0.053125 0.65625 0.051562 0.638281 0.060156 0.629687 0.060156 0.628906 0.0625 0.626563 0.061719 0.623437 0.072656 0.619531 0.075 0.609375 0.072656 0.594531 0.07421900000000001 0.582031 0.078125 0.579688 0.08203099999999999 0.578906 0.104688 0.575 0.124219 0.567187 0.14296899999999998 0.575 0.14453100000000002 0.584375 0.140625
2 0.708594 0.032812999999999995 0.722656 0.039844000000000004 0.736719 0.05 0.745313 0.052344 0.746094 0.048437999999999995 0.725 0.022656000000000003 0.711719 0.014844 0.701562 0.0125 0.698438 0.013281000000000001 0.700781 0.025 0.708594 0.032812999999999995
1 0.774219 0.07968800000000001 0.771094 0.08203099999999999 0.763281 0.08125 0.760938 0.083594 0.764062 0.098437 0.776563 0.120313 0.8023440000000001 0.151563 0.820312 0.165625 0.8273440000000001 0.167188 0.828125 0.160937 0.821875 0.140625 0.8148440000000001 0.126563 0.8054690000000001 0.11640600000000001 0.795312 0.101562 0.780469 0.0875 0.78125 0.07421900000000001 0.779687 0.06875 0.775 0.0625 0.773438 0.064844 0.774219 0.07968800000000001
1 0.692969 0.283594 0.692969 0.254687 0.682813 0.249219 0.679688 0.251563 0.678125 0.278906 0.675 0.282813 0.676562 0.291406 0.674219 0.307031 0.677344 0.307813 0.685156 0.298438 0.692969 0.283594
3 0.322656 1 0.32343700000000003 0.9625 0.32734399999999997 0.9539059999999999 0.33906200000000003 0.9554690000000001 0.345313 0.960938 0.367969 0.972656 0.371094 0.9710940000000001 0.361719 0.954688 0.34843799999999997 0.94375 0.34296899999999997 0.9351559999999999 0.34296899999999997 0.9242190000000001 0.346094 0.914062 0.346094 0.902344 0.34296899999999997 0.8890629999999999 0.32343700000000003 0.8523440000000001 0.319531 0.8492190000000001 0.31328100000000003 0.851562 0.308594 0.8648440000000001 0.3125 0.9 0.310156 0.9070309999999999 0.310156 0.914062 0.30468799999999996 0.9304690000000001 0.305469 0.9445309999999999 0.30781200000000003 0.9507809999999999 0.303125 0.9539059999999999 0.289844 0.970313 0.282813 0.9859370000000001 0.279687 1 0.322656 1
0 0.803125 0.265625 0.816406 0.271875 0.825 0.27343799999999996 0.851562 0.30468799999999996 0.8726559999999999 0.31875 0.88125 0.32031200000000004 0.88125 0.309375 0.878125 0.296875 0.857812 0.270312 0.8226559999999999 0.255469 0.815625 0.25781200000000004 0.798438 0.259375 0.796875 0.260938 0.798438 0.265625 0.803125 0.265625
0 0.586719 0.34453100000000003 0.609375 0.35859399999999997 0.625 0.365625 0.644531 0.366406 0.647656 0.363281 0.653906 0.361719 0.654687 0.359375 0.671875 0.359375 0.677344 0.361719 0.692969 0.363281 0.727344 0.361719 0.725 0.357812 0.717969 0.354688 0.695312 0.350781 0.671875 0.350781 0.657813 0.353906 0.653906 0.357031 0.650781 0.342187 0.64375 0.336719 0.635938 0.333594 0.576562 0.323438 0.571094 0.325 0.571875 0.329688 0.586719 0.34453100000000003
0 0.755469 0.349219 0.764062 0.341406 0.767188 0.334375 0.779687 0.326562 0.783594 0.321094 0.8054690000000001 0.332812 0.835938 0.336719 0.859375 0.34453100000000003 0.86875 0.350781 0.8757809999999999 0.353125 0.892188 0.355469 0.9007809999999999 0.354688 0.9039059999999999 0.350781 0.9039059999999999 0.346094 0.901563 0.341406 0.879687 0.321094 0.8664059999999999 0.314844 0.8507809999999999 0.30468799999999996 0.816406 0.294531 0.7875 0.29375 0.778125 0.298438 0.766406 0.300781 0.753906 0.310937 0.738281 0.33125 0.728125 0.353906 0.732812 0.359375 0.755469 0.349219
0 0.617188 0.388281 0.629687 0.410156 0.6375 0.4125 0.6375 0.416406 0.639844 0.419531 0.638281 0.428125 0.641406 0.439844 0.645312 0.447656 0.664844 0.471875 0.669531 0.471875 0.674219 0.464844 0.677344 0.464844 0.682813 0.475 0.691406 0.478906 0.707812 0.482031 0.720313 0.482031 0.725 0.479688 0.725 0.473437 0.721875 0.467187 0.70625 0.449219 0.674219 0.425781 0.642969 0.411719 0.649219 0.403125 0.648438 0.388281 0.64375 0.378906 0.642969 0.371094 0.640625 0.36875 0.627344 0.36718799999999996 0.621094 0.364062 0.614844 0.363281 0.613281 0.369531 0.617188 0.388281
0 1 0.359375 0.982812 0.35625 0.946875 0.357812 0.923438 0.355469 0.915625 0.357031 0.915625 0.361719 0.9054690000000001 0.359375 0.8882809999999999 0.360938 0.876563 0.36875 0.870313 0.377344 0.8820309999999999 0.38125 0.9 0.383594 0.917969 0.382031 0.941406 0.386719 0.989062 0.385938 1 0.383594 1 0.359375
0 1 0.13281199999999999 0.995313 0.133594 0.975 0.150781 0.9632809999999999 0.15625 0.9585940000000001 0.160937 0.954688 0.160937 0.9539059999999999 0.16406199999999999 0.9398440000000001 0.177344 0.941406 0.18125 0.9398440000000001 0.182813 0.9367190000000001 0.17968800000000001 0.93125 0.182813 0.93125 0.18984399999999998 0.933594 0.190625 0.934375 0.194531 0.942187 0.196875 0.9476559999999999 0.196094 0.9507809999999999 0.20078100000000002 0.948438 0.203125 0.9429690000000001 0.202344 0.9375 0.20468799999999998 0.9375 0.210156 0.9320309999999999 0.224219 0.93125 0.23203100000000002 0.915625 0.267188 0.915625 0.27343799999999996 0.9210940000000001 0.27343799999999996 0.932813 0.26640600000000003 0.9445309999999999 0.254687 0.9507809999999999 0.240625 0.953125 0.22968799999999998 0.953125 0.219531 0.948438 0.211719 0.9632809999999999 0.20625 0.967187 0.20078100000000002 0.9679690000000001 0.1875 0.9789059999999999 0.180469 1 0.16015600000000002 1 0.13281199999999999
0 0.8804690000000001 0.12890600000000002 0.8882809999999999 0.139844 0.901563 0.139844 0.9164059999999999 0.133594 0.925781 0.126563 0.935937 0.115625 0.933594 0.10390600000000001 0.9304690000000001 0.099219 0.923438 0.09531300000000001 0.9125 0.092969 0.9054690000000001 0.094531 0.898438 0.10703100000000002 0.8851559999999999 0.11953100000000001 0.8695309999999999 0.101562 0.8617190000000001 0.10703100000000002 0.863281 0.114062 0.8804690000000001 0.12890600000000002
2 0.760156 0.16953100000000002 0.765625 0.16796899999999998 0.769531 0.161719 0.766406 0.15859399999999998 0.739844 0.15859399999999998 0.721094 0.164844 0.721094 0.16796899999999998 0.740625 0.170312 0.760156 0.16953100000000002
0 0.55 0.19531199999999999 0.557813 0.20156200000000002 0.567969 0.20546899999999998 0.580469 0.20546899999999998 0.584375 0.2 0.589063 0.209375 0.605469 0.228906 0.6125 0.235156 0.617188 0.23671899999999998 0.63125 0.25078100000000003 0.636719 0.251563 0.639062 0.25 0.638281 0.242969 0.632031 0.228906 0.615625 0.20703100000000002 0.602344 0.194531 0.596875 0.192187 0.590625 0.192187 0.586719 0.196094 0.58125 0.196094 0.572656 0.192969 0.558594 0.19140600000000002 0.554688 0.189063 0.540625 0.188281 0.545312 0.19375 0.55 0.19531199999999999
2 0.526563 0.367969 0.536719 0.361719 0.541406 0.35625 0.5625 0.34296899999999997 0.571875 0.330469 0.571094 0.323438 0.564844 0.321094 0.559375 0.321875 0.546094 0.329688 0.539062 0.336719 0.532031 0.347656 0.525781 0.353125 0.525 0.357031 0.520312 0.363281 0.520312 0.366406 0.521875 0.367969 0.526563 0.367969
0 0.48359399999999997 0.219531 0.4875 0.225 0.505469 0.235156 0.511719 0.234375 0.517969 0.23046899999999998 0.519531 0.23125 0.521094 0.23906200000000002 0.524219 0.244531 0.548438 0.26640600000000003 0.564844 0.27343799999999996 0.577344 0.274219 0.579688 0.271875 0.578906 0.267188 0.573438 0.259375 0.542969 0.22968799999999998 0.534375 0.226562 0.524219 0.225781 0.517969 0.21484399999999998 0.510156 0.210156 0.502344 0.210938 0.492969 0.20781200000000002 0.4875 0.2125 0.4875 0.215625 0.48359399999999997 0.219531
1 1 0.60625 0.9851559999999999 0.60625 0.96875 0.610938 0.9695309999999999 0.615625 0.9835940000000001 0.621094 0.9945309999999999 0.629688 0.9976559999999999 0.635156 1 0.635156 1 0.60625
0 0.795312 0.528125 0.800781 0.559375 0.8101559999999999 0.573437 0.815625 0.577344 0.821875 0.577344 0.8289059999999999 0.585938 0.839844 0.609375 0.8492190000000001 0.621875 0.8539059999999999 0.625 0.854688 0.614844 0.848437 0.591406 0.839063 0.573437 0.8367190000000001 0.564844 0.83125 0.557031 0.8351559999999999 0.548438 0.8335940000000001 0.546875 0.8257809999999999 0.55 0.816406 0.544531 0.817187 0.540625 0.820312 0.540625 0.825 0.5375 0.8257809999999999 0.532813 0.821875 0.528125 0.81875 0.51875 0.807813 0.5 0.803125 0.496875 0.798438 0.497656 0.79375 0.500781 0.795312 0.528125
2 0.741406 0.538281 0.74375 0.541406 0.747656 0.557031 0.751563 0.564063 0.75625 0.566406 0.757031 0.55625 0.750781 0.530469 0.745313 0.521094 0.742969 0.520313 0.741406 0.522656 0.741406 0.538281
3 0.373437 0.517969 0.3875 0.511719 0.396094 0.504688 0.4 0.50625 0.413281 0.520313 0.423438 0.525781 0.428906 0.525781 0.432031 0.521875 0.432031 0.504688 0.423438 0.482812 0.42265600000000003 0.475 0.432031 0.46875 0.433594 0.464844 0.41875 0.466406 0.414844 0.463281 0.411719 0.447656 0.4125 0.442969 0.40703100000000003 0.42109399999999997 0.4 0.407813 0.403125 0.403906 0.4 0.400781 0.399219 0.395312 0.392969 0.385938 0.392188 0.401563 0.39375 0.40546899999999997 0.396094 0.44375 0.394531 0.446094 0.388281 0.446094 0.38593700000000003 0.465625 0.372656 0.473437 0.357031 0.490625 0.347656 0.510937 0.342187 0.516406 0.342187 0.522656 0.346875 0.523438 0.373437 0.517969
0 0.225 0.8851559999999999 0.22343799999999997 0.8875 0.22265600000000002 0.898438 0.210312 0.9043749999999999 0.191328 0.907891 0.217188 0.9125 0.225 0.9046879999999999 0.227344 0.9046879999999999 0.235156 0.921875 0.251563 0.9359379999999999 0.278906 0.94375 0.299219 0.94375 0.303906 0.941406 0.305469 0.933594 0.303125 0.9234370000000001 0.267188 0.9054690000000001 0.251563 0.894531 0.242188 0.884375 0.22968700000000003 0.8765620000000001 0.22109399999999998 0.8765620000000001 0.22109399999999998 0.8820309999999999 0.225 0.8851559999999999
2 0.046875 0.921875 0.044531 0.9070309999999999 0.041406 0.902344 0.038280999999999996 0.903125 0.035156 0.9148440000000001 0.035156 0.9242190000000001 0.039062 0.928125 0.041406 0.928125 0.046875 0.921875
0 0.11796899999999999 0.809375 0.13828100000000002 0.809375 0.157812 0.8054690000000001 0.15859399999999998 0.8109379999999999 0.171094 0.81875 0.20546899999999998 0.8265629999999999 0.217969 0.8265629999999999 0.226562 0.8226559999999999 0.22968700000000003 0.81875 0.219531 0.8101559999999999 0.196875 0.8 0.184375 0.796094 0.171094 0.796094 0.163281 0.7984370000000001 0.161719 0.800781 0.155469 0.792969 0.140625 0.788281 0.121875 0.788281 0.105469 0.790625 0.085938 0.7984370000000001 0.086719 0.803125 0.11796899999999999 0.809375
0 0.35859399999999997 0.934375 0.36875 0.9289059999999999 0.38281200000000004 0.9148440000000001 0.403906 0.884375 0.4125 0.8921870000000001 0.430469 0.8976559999999999 0.44218799999999997 0.8976559999999999 0.45234399999999997 0.895312 0.4625 0.8890629999999999 0.4625 0.884375 0.459375 0.8820309999999999 0.420312 0.878125 0.411719 0.8757809999999999 0.408594 0.8734379999999999 0.409375 0.8609370000000001 0.4125 0.8578129999999999 0.4125 0.8523440000000001 0.407813 0.851562 0.4 0.859375 0.39531299999999997 0.8617190000000001 0.38984399999999997 0.870312 0.37578100000000003 0.879687 0.359375 0.898438 0.350781 0.9164059999999999 0.349219 0.9304690000000001 0.352344 0.933594 0.35859399999999997 0.934375
0 0.578125 0.9398440000000001 0.591406 0.928125 0.592187 0.9203129999999999 0.6 0.917188 0.60625 0.910156 0.614062 0.8914059999999999 0.614844 0.8578129999999999 0.620313 0.8617190000000001 0.620313 0.865625 0.626563 0.88125 0.63125 0.882812 0.63125 0.8695309999999999 0.623437 0.84375 0.61875 0.8382809999999999 0.6125 0.8367190000000001 0.608594 0.832031 0.605469 0.832813 0.599219 0.839844 0.588281 0.85625 0.578125 0.8664059999999999 0.560937 0.8890629999999999 0.553125 0.9078120000000001 0.552344 0.939063 0.555469 0.9429690000000001 0.564063 0.94375 0.578125 0.9398440000000001
0 0.39140600000000003 0.735156 0.403906 0.739063 0.407813 0.74375 0.434375 0.753906 0.459375 0.755469 0.47656200000000004 0.748437 0.492969 0.746094 0.496094 0.75 0.496094 0.75625 0.501563 0.76875 0.514844 0.7796879999999999 0.514844 0.782031 0.517188 0.783594 0.517188 0.7875 0.526563 0.791406 0.541406 0.791406 0.554688 0.785156 0.567969 0.783594 0.569531 0.78125 0.567969 0.775 0.55 0.771094 0.5375 0.759375 0.50625 0.74375 0.496875 0.742188 0.491406 0.735156 0.491406 0.726562 0.489844 0.724219 0.478906 0.721875 0.459375 0.723438 0.420312 0.719531 0.388281 0.719531 0.37968799999999997 0.721094 0.378906 0.725 0.39140600000000003 0.735156
0 0.76875 0.8679690000000001 0.7875 0.8679690000000001 0.790625 0.8617190000000001 0.795312 0.8585940000000001 0.8148440000000001 0.8585940000000001 0.8179690000000001 0.855469 0.824219 0.8539059999999999 0.836562 0.8412499999999999 0.8210940000000001 0.8453120000000001 0.817187 0.848438 0.8023440000000001 0.8492190000000001 0.795312 0.851562 0.782031 0.8492190000000001 0.771875 0.8492190000000001 0.766406 0.851562 0.747656 0.8492190000000001 0.738281 0.853125 0.735938 0.8578129999999999 0.755469 0.865625 0.76875 0.8679690000000001
0 0.752344 0.8179690000000001 0.765625 0.8296870000000001 0.773438 0.832813 0.779687 0.832813 0.786719 0.839062 0.796875 0.839844 0.8125 0.8445309999999999 0.8195309999999999 0.8445309999999999 0.825 0.8421879999999999 0.821875 0.8375 0.8148440000000001 0.832813 0.796875 0.8273440000000001 0.794531 0.823437 0.79375 0.8101559999999999 0.78125 0.7984370000000001 0.749219 0.785938 0.742969 0.785156 0.741406 0.786719 0.741406 0.7953129999999999 0.752344 0.8179690000000001
2 0.93125 0.9554690000000001 0.9375 0.9507809999999999 0.9320309999999999 0.9476559999999999 0.9226559999999999 0.9476559999999999 0.917188 0.945312 0.9 0.94375 0.8929690000000001 0.945312 0.8726559999999999 0.9554690000000001 0.90625 0.959375 0.93125 0.9554690000000001
1 0.8304690000000001 0.697656 0.828125 0.703125 0.826562 0.71875 0.8179690000000001 0.733594 0.8096880000000001 0.746172 0.839844 0.726562 0.8429690000000001 0.721094 0.8445309999999999 0.702344 0.8492190000000001 0.702344 0.8570309999999999 0.705469 0.8648440000000001 0.710938 0.867188 0.709375 0.8601559999999999 0.700781 0.8429690000000001 0.690625 0.8367190000000001 0.689063 0.8273440000000001 0.683594 0.817187 0.685156 0.821875 0.686719 0.8304690000000001 0.697656
0 0.592187 0.670312 0.600781 0.678125 0.610156 0.682031 0.61875 0.68125 0.634375 0.665625 0.642969 0.682812 0.659375 0.699219 0.690625 0.721094 0.70625 0.729687 0.739844 0.74375 0.746875 0.745312 0.761719 0.744531 0.761719 0.736719 0.733594 0.70625 0.690625 0.675 0.680469 0.670312 0.675 0.665625 0.654687 0.65625 0.639062 0.654687 0.6375 0.646094 0.635156 0.642969 0.628125 0.639844 0.611719 0.6375 0.583594 0.639062 0.575781 0.642188 0.575781 0.646875 0.592187 0.670312
0 0.7375 0.653125 0.735938 0.634375 0.724219 0.603906 0.704688 0.564063 0.690625 0.548438 0.694531 0.545312 0.696094 0.541406 0.690625 0.5 0.686719 0.48125 0.679688 0.46796899999999997 0.673438 0.465625 0.669531 0.470313 0.665625 0.48359399999999997 0.661719 0.524219 0.661719 0.541406 0.663281 0.545312 0.669531 0.549219 0.666406 0.555469 0.667969 0.56875 0.657813 0.589062 0.646875 0.623437 0.648438 0.626563 0.650781 0.626563 0.659375 0.617188 0.672656 0.596875 0.677344 0.594531 0.684375 0.604687 0.691406 0.621094 0.707812 0.646094 0.728125 0.6625 0.733594 0.661719 0.735938 0.659375 0.7375 0.653125
2 0.585938 0.723438 0.591406 0.734375 0.600781 0.746875 0.608594 0.752344 0.610156 0.75 0.609375 0.742188 0.6 0.717187 0.597656 0.704688 0.588281 0.686719 0.583594 0.685937 0.582031 0.710938 0.585938 0.723438
2 0.61875 0.707031 0.625781 0.725 0.642188 0.753906 0.646875 0.753125 0.650781 0.74375 0.649219 0.732812 0.64375 0.717187 0.634375 0.699219 0.627344 0.69375 0.622656 0.692969 0.61875 0.7 0.61875 0.707031
2 0.560937 0.804688 0.569531 0.81875 0.58125 0.8289059999999999 0.599219 0.8367190000000001 0.601562 0.835938 0.603125 0.8335940000000001 0.596094 0.825 0.588281 0.8195309999999999 0.571875 0.803125 0.566406 0.79375 0.564844 0.786719 0.560156 0.7875 0.557813 0.7953129999999999 0.560937 0.804688