0 0.571875 0.785156 0.56875 0.788281 0.564063 0.786719 0.560156 0.789062 0.560156 0.8101559999999999 0.549219 0.842187 0.546875 0.853125 0.548438 0.859375 0.560156 0.851562 0.574219 0.832812 0.578125 0.8210940000000001 0.578125 0.8148440000000001 0.582031 0.810937 0.582031 0.8070309999999999 0.586719 0.800781 0.595313 0.801562 0.616406 0.799219 0.608594 0.789844 0.586719 0.788281 0.577344 0.785156 0.571875 0.785156
0 0.577344 0.828125 0.579688 0.8492190000000001 0.595313 0.91875 0.598438 0.921875 0.600781 0.921875 0.603906 0.91875 0.6125 0.886719 0.614063 0.8617190000000001 0.6125 0.845313 0.607812 0.823438 0.6 0.8070309999999999 0.592969 0.800781 0.579688 0.798438 0.576562 0.801562 0.578125 0.809375 0.577344 0.828125
0 0.329688 0.45781299999999997 0.364062 0.523438 0.371094 0.53125 0.382031 0.535937 0.394531 0.522656 0.39843799999999996 0.507031 0.39843799999999996 0.497656 0.392969 0.480469 0.377344 0.458594 0.367969 0.44218799999999997 0.355469 0.42656299999999997 0.316406 0.388281 0.305469 0.382031 0.303125 0.38593700000000003 0.30625 0.39843799999999996 0.329688 0.45781299999999997
0 0.772656 0.498437 0.757812 0.504687 0.719531 0.526563 0.709375 0.538281 0.70625 0.546094 0.709375 0.547656 0.730469 0.548438 0.742188 0.546875 0.757031 0.542188 0.783594 0.527344 0.794531 0.51875 0.809375 0.502344 0.8132809999999999 0.494531 0.815625 0.477344 0.809375 0.474219 0.7828120000000001 0.48906299999999997 0.772656 0.498437
0 0.292969 0.536719 0.299219 0.532813 0.303125 0.532813 0.315625 0.521875 0.317969 0.514062 0.316406 0.507031 0.307031 0.494531 0.296875 0.485938 0.282813 0.47656200000000004 0.267188 0.470313 0.267969 0.478125 0.290625 0.536719 0.292969 0.536719
0 0.039844000000000004 0.547656 0.060156 0.552344 0.104688 0.55625 0.113281 0.553906 0.117188 0.55 0.115625 0.544531 0.094531 0.533594 0.054688 0.522656 0.039844000000000004 0.521094 0.025781 0.528906 0.021875 0.532813 0.021875 0.5375 0.024218999999999997 0.541406 0.039844000000000004 0.547656
1 0.052344 0.506641 0.07968800000000001 0.47851600000000005 0.085547 0.478125 0.085547 0.464844 0.070312 0.46445299999999995 0.069922 0.471875 0.042969 0.49882799999999994 0.025 0.500391 0.000781 0.525391 0.000781 0.5519529999999999 0.024218999999999997 0.5363279999999999 0.038672 0.523438 0.046875 0.508203 0.052344 0.506641
1 0.24375 0.359766 0.241406 0.351953 0.22031299999999998 0.351953 0.21835900000000003 0.3625 0.21210900000000002 0.364844 0.21210900000000002 0.371875 0.23046899999999998 0.372266 0.23671899999999998 0.375391 0.244922 0.383594 0.24531299999999998 0.391016 0.266797 0.390625 0.266797 0.367969 0.259375 0.367578 0.24375 0.359766
1 0.832422 0.274219 0.8277340000000001 0.26484399999999997 0.8523440000000001 0.250391 0.8683590000000001 0.232813 0.8761720000000001 0.217969 0.8855470000000001 0.21406200000000003 0.8851559999999999 0.16445300000000002 0.873047 0.164844 0.873047 0.171875 0.846484 0.192969 0.830859 0.215625 0.804297 0.241406 0.7980470000000001 0.252344 0.7980470000000001 0.265625 0.816797 0.275781 0.816797 0.29218700000000003 0.820312 0.303516 0.824609 0.303125 0.824609 0.29609399999999997 0.832422 0.2875 0.832422 0.274219
1 0.42460899999999996 0.064062 0.42460899999999996 0.049219 0.442187 0.036328 0.447656 0.036328 0.447656 0.026952999999999998 0.423438 0.026952999999999998 0.42109399999999997 0.034766000000000005 0.402734 0.044531 0.398047 0.065625 0.390234 0.067969 0.390625 0.09726599999999999 0.404297 0.096875 0.404297 0.08984400000000001 0.419922 0.073438 0.42460899999999996 0.064062
0 0.942187 0.316406 0.94375 0.32734399999999997 0.9476559999999999 0.33125 0.9679690000000001 0.300781 0.972656 0.28125 0.971875 0.26484399999999997 0.9695309999999999 0.251563 0.960938 0.235156 0.94375 0.220312 0.939063 0.219531 0.9375 0.248438 0.9429690000000001 0.274219 0.942187 0.316406
1 0.030858999999999998 0.853125 0.038672 0.8351559999999999 0.048047 0.83125 0.047656 0.814453 0.000781 0.814453 0.000781 0.8222659999999999 0.0078119999999999995 0.8285159999999999 0.018359 0.8304690000000001 0.021875 0.8582029999999999 0.030858999999999998 0.853125
1 0.973047 0.27343799999999996 0.990625 0.28476599999999996 0.998047 0.284375 0.998047 0.261719 0.973438 0.264453 0.973047 0.27343799999999996
0 0.057813 0.41601600000000005 0.069531 0.41914100000000004 0.065234 0.402344 0.078906 0.39414099999999996 0.087109 0.409375 0.09531300000000001 0.41757799999999995 0.11171899999999998 0.42226600000000003 0.1125 0.428516 0.191797 0.428125 0.19140600000000002 0.41601600000000005 0.182813 0.41601600000000005 0.166406 0.40664100000000003 0.13281199999999999 0.398828 0.115625 0.391016 0.113281 0.383203 0.06875 0.383203 0.068359 0.389062 0.061719 0.39414099999999996 0.039062 0.392578 0.033984 0.389062 0.033594 0.383203 0.000781 0.383203 0.000781 0.397266 0.032812999999999995 0.41132799999999997 0.050781 0.41132799999999997 0.053905999999999996 0.408203 0.057813 0.41601600000000005
2 0.48554700000000006 0.196094 0.435937 0.19570300000000002 0.435547 0.204687 0.45234399999999997 0.20976599999999998 0.453125 0.21601599999999999 0.472656 0.21601599999999999 0.475 0.208203 0.48554700000000006 0.20781299999999997 0.48554700000000006 0.196094
1 0.047656 0.814453 0.023047 0.8148440000000001 0.023047 0.825 0.018359 0.8335940000000001 0.020312 0.8582029999999999 0.028905999999999998 0.856641 0.038672 0.8351559999999999 0.048047 0.83125 0.047656 0.814453
1 0.084375 0.305078 0.09179699999999999 0.30468799999999996 0.091406 0.281641 0.084375 0.281641 0.069922 0.29609399999999997 0.066797 0.30625 0.058984 0.307031 0.059375 0.322266 0.071094 0.322266 0.071484 0.316406 0.07656199999999999 0.311328 0.084375 0.305078
0 0.35 0.582812 0.349219 0.623437 0.353906 0.625 0.357812 0.619531 0.365625 0.600781 0.373437 0.600781 0.38125 0.596875 0.397656 0.605469 0.402344 0.603906 0.4 0.599219 0.377344 0.582812 0.355469 0.570312 0.334375 0.565625 0.329688 0.567969 0.329688 0.573438 0.347656 0.580469 0.35 0.582812
0 0.11093800000000001 0.676562 0.115625 0.679688 0.11796899999999999 0.686719 0.121875 0.689063 0.129687 0.686719 0.14296899999999998 0.6875 0.150781 0.685156 0.170312 0.683594 0.18125 0.680469 0.18515600000000002 0.677344 0.166406 0.670312 0.145312 0.66875 0.121875 0.664062 0.11171899999999998 0.666406 0.098437 0.678906 0.096875 0.685937 0.10078100000000001 0.685937 0.105469 0.682813 0.11093800000000001 0.676562
0 0.397656 0.545312 0.402344 0.549219 0.401563 0.555469 0.407813 0.575781 0.41875 0.590625 0.421875 0.6 0.43125 0.609375 0.46093799999999996 0.6625 0.466406 0.669531 0.471094 0.66875 0.471875 0.652344 0.46875 0.625781 0.455469 0.585938 0.439844 0.564063 0.42109399999999997 0.548438 0.420312 0.5375 0.421875 0.532031 0.420312 0.528906 0.40703100000000003 0.53125 0.397656 0.538281 0.396875 0.542188 0.397656 0.545312
0 0.614844 0.035937000000000004 0.589062 0.046875 0.578906 0.055469000000000004 0.571875 0.067187 0.567969 0.091406 0.56875 0.095312 0.572656 0.096094 0.596094 0.071875 0.608594 0.070312 0.64375 0.05625 0.6625 0.045312000000000005 0.666406 0.041406 0.666406 0.036719 0.659375 0.032812999999999995 0.651562 0.032031 0.614844 0.035937000000000004
0 0.564844 0.11875 0.5625 0.123438 0.578125 0.133594 0.592969 0.1625 0.603906 0.173437 0.610156 0.170313 0.610938 0.163281 0.607031 0.14296899999999998 0.603906 0.133594 0.597656 0.124219 0.596094 0.115625 0.605469 0.10234399999999999 0.603906 0.10078100000000001 0.594531 0.10078100000000001 0.583594 0.104688 0.575781 0.114062 0.564844 0.11875
0 0.527344 0.290625 0.521875 0.295312 0.53125 0.298438 0.542187 0.299219 0.558594 0.296875 0.582813 0.296875 0.59375 0.295312 0.592969 0.290625 0.55625 0.2875 0.527344 0.290625
0 0.726562 0.563281 0.730469 0.572656 0.7375 0.604688 0.740625 0.607812 0.74375 0.603906 0.746875 0.59375 0.748437 0.567969 0.732812 0.549219 0.721875 0.547656 0.719531 0.549219 0.719531 0.553125 0.726562 0.563281
0 0.89375 0.579688 0.886719 0.579688 0.8875 0.584375 0.895312 0.590625 0.915625 0.615625 0.948438 0.650781 0.957812 0.66875 0.964063 0.676562 0.975 0.683594 0.976562 0.682031 0.976562 0.674219 0.973438 0.657813 0.9695309999999999 0.646094 0.9601559999999999 0.628125 0.9460940000000001 0.610156 0.9234370000000001 0.588281 0.9203129999999999 0.588281 0.9070309999999999 0.579688 0.931484 0.568359 0.947813 0.548516 0.930156 0.5627340000000001 0.9224220000000001 0.566719 0.911875 0.572656 0.903281 0.574922 0.9007809999999999 0.576562 0.89375 0.579688
0 0.715625 0.895312 0.717969 0.8960940000000001 0.720313 0.894531 0.741406 0.9125 0.761719 0.925781 0.766406 0.9273440000000001 0.771094 0.926562 0.771875 0.9226559999999999 0.757031 0.914062 0.74375 0.903125 0.719531 0.878125 0.70625 0.85625 0.703906 0.855469 0.702344 0.8617190000000001 0.711719 0.879687 0.715625 0.895312
0 0.488281 0.8695309999999999 0.489062 0.8773440000000001 0.509375 0.8835940000000001 0.520313 0.8898440000000001 0.528906 0.892188 0.5375 0.898438 0.544531 0.9007809999999999 0.547656 0.9 0.548438 0.8960940000000001 0.532031 0.8804690000000001 0.514062 0.867188 0.507812 0.8585940000000001 0.497656 0.854688 0.49375 0.8507809999999999 0.479688 0.8429690000000001 0.474219 0.845313 0.482031 0.857812 0.48359399999999997 0.865625 0.488281 0.8695309999999999
1 0.5324220000000001 0.507031 0.500781 0.48007799999999995 0.475 0.472266 0.47929700000000003 0.454688 0.477734 0.439844 0.464063 0.439453 0.45898399999999995 0.467187 0.45390600000000003 0.472266 0.446484 0.472656 0.446484 0.482812 0.458594 0.48476600000000003 0.507812 0.533203 0.530469 0.5457029999999999 0.532813 0.553516 0.5480470000000001 0.553125 0.5480470000000001 0.522656 0.542187 0.522266 0.5324220000000001 0.507031