0 0.19531199999999999 0.180469 0.190625 0.196875 0.164844 0.20156200000000002 0.157031 0.20546899999999998 0.149219 0.213281 0.146875 0.219531 0.14843800000000001 0.227344 0.154687 0.23203100000000002 0.165625 0.234375 0.167188 0.23671899999999998 0.153125 0.253906 0.145312 0.275 0.146094 0.277344 0.153125 0.274219 0.178906 0.244531 0.189063 0.235156 0.19140600000000002 0.24531299999999998 0.194531 0.249219 0.2 0.24843700000000002 0.2125 0.23828100000000002 0.21640600000000002 0.228125 0.21640600000000002 0.21640600000000002 0.22031299999999998 0.20546899999999998 0.224219 0.178125 0.228125 0.170312 0.227344 0.157031 0.225 0.154687 0.217969 0.155469 0.20625 0.164844 0.19531199999999999 0.180469
0 0.921875 0.147656 0.9148440000000001 0.13828100000000002 0.901563 0.129687 0.8890629999999999 0.129687 0.8875 0.128125 0.8890629999999999 0.125 0.90625 0.11093800000000001 0.8976559999999999 0.110156 0.8929690000000001 0.11171899999999998 0.8898440000000001 0.110156 0.8835940000000001 0.101562 0.8695309999999999 0.09218699999999999 0.8507809999999999 0.071875 0.8421879999999999 0.06640599999999999 0.8304690000000001 0.061719 0.8140620000000001 0.060156 0.816406 0.071094 0.8265629999999999 0.084375 0.83125 0.10234399999999999 0.8492190000000001 0.13281199999999999 0.8523440000000001 0.135938 0.8609370000000001 0.13828100000000002 0.863281 0.140625 0.8734379999999999 0.139844 0.88125 0.135938 0.884375 0.13828100000000002 0.885938 0.14453100000000002 0.8929690000000001 0.153125 0.901563 0.16875 0.903125 0.178125 0.9132809999999999 0.192187 0.9195309999999999 0.209375 0.925781 0.21718700000000002 0.929688 0.21718700000000002 0.9320309999999999 0.2125 0.932813 0.188281 0.921875 0.147656
0 0.9773440000000001 0 0.973438 0.009375 0.971875 0.021093999999999998 0.953125 0.060156 0.9523440000000001 0.069531 0.9554690000000001 0.070312 0.9617190000000001 0.06640599999999999 0.9835940000000001 0.042969 0.9875 0.035937000000000004 0.9914059999999999 0.019531 0.9945309999999999 0.014062 0.995313 0 0.9773440000000001 0
0 0.9367190000000001 0 0.934375 0.01875 0.9367190000000001 0.025 0.9164059999999999 0.032812999999999995 0.9085940000000001 0.044531 0.9078120000000001 0.050781 0.9117190000000001 0.05 0.9242190000000001 0.038280999999999996 0.928125 0.0375 0.932813 0.039062 0.9351559999999999 0.041406 0.9351559999999999 0.05625 0.9367190000000001 0.060937 0.9429690000000001 0.070312 0.9476559999999999 0.071094 0.95 0.069531 0.9539059999999999 0.059375 0.9539059999999999 0.035937000000000004 0.946875 0.028905999999999998 0.9554690000000001 0.007031 0.95625 0 0.9367190000000001 0
2 0.854687 0.067969 0.8492190000000001 0.071094 0.853125 0.07656199999999999 0.8578129999999999 0.077344 0.8664059999999999 0.073438 0.8757809999999999 0.064844 0.884375 0.051562 0.8914059999999999 0.025 0.8882809999999999 0.024218999999999997 0.8648440000000001 0.057813 0.854687 0.067969
2 0.767969 0 0.7671870000000001 0.00625 0.772656 0.020312 0.796875 0.042969 0.8109379999999999 0.053125 0.8226559999999999 0.057031 0.8210940000000001 0.049219 0.789844 0 0.767969 0
0 0.790625 0.105469 0.775 0.12265600000000002 0.775 0.12734399999999998 0.778125 0.132031 0.778125 0.150781 0.791406 0.150781 0.809375 0.14296899999999998 0.8210940000000001 0.133594 0.835938 0.114062 0.8367190000000001 0.11093800000000001 0.834375 0.105469 0.8125 0.105469 0.796094 0.10234399999999999 0.790625 0.105469
1 0.711719 0.130469 0.688281 0.103125 0.673438 0.092969 0.666406 0.090625 0.653906 0.091406 0.650781 0.089063 0.640625 0.091406 0.632812 0.083594 0.626563 0.080469 0.60625 0.078125 0.577344 0.07968800000000001 0.563281 0.083594 0.560937 0.086719 0.563281 0.090625 0.574219 0.098437 0.60625 0.103125 0.610156 0.10625 0.626563 0.108594 0.633594 0.105469 0.638281 0.099219 0.647656 0.096094 0.650781 0.1 0.652344 0.11171899999999998 0.667187 0.130469 0.678125 0.13671899999999998 0.682812 0.145312 0.692188 0.150781 0.699219 0.15859399999999998 0.720313 0.16953100000000002 0.725 0.166406 0.724219 0.15625 0.71875 0.142188 0.711719 0.130469
0 0.640625 0.178125 0.624219 0.167188 0.596094 0.155469 0.588281 0.15390600000000002 0.584375 0.155469 0.580469 0.16015600000000002 0.535938 0.129687 0.519531 0.12265600000000002 0.50625 0.12265600000000002 0.507031 0.12734399999999998 0.519531 0.14453100000000002 0.528906 0.154687 0.545312 0.166406 0.554688 0.170312 0.566406 0.171094 0.576562 0.165625 0.579688 0.165625 0.578125 0.172656 0.578906 0.178125 0.589062 0.18984399999999998 0.615625 0.198438 0.626563 0.20546899999999998 0.649219 0.210938 0.667187 0.210156 0.667969 0.202344 0.658594 0.186719 0.640625 0.178125
0 0.677344 0.13671899999999998 0.669531 0.130469 0.6625 0.128125 0.642188 0.128125 0.638281 0.129687 0.632031 0.121094 0.617188 0.11796899999999999 0.58125 0.11953100000000001 0.564063 0.12265600000000002 0.560937 0.125781 0.5625 0.12890600000000002 0.571094 0.13281199999999999 0.585156 0.13671899999999998 0.621875 0.139062 0.636719 0.133594 0.638281 0.135938 0.636719 0.145312 0.641406 0.15625 0.648438 0.165625 0.657031 0.172656 0.673438 0.18125 0.685156 0.184375 0.701562 0.184375 0.704688 0.182813 0.707031 0.178125 0.704688 0.16875 0.692969 0.157813 0.677344 0.13671899999999998
0 0.582813 0.058594 0.579688 0.039062 0.574219 0.024218999999999997 0.564063 0.010156 0.558594 0.0078119999999999995 0.547656 0.008594000000000001 0.532813 0.021093999999999998 0.513281 0.010156 0.49921899999999997 0.004687 0.490625 0.0039059999999999997 0.489062 0.005469 0.488281 0.014844 0.492969 0.021875 0.51875 0.048437999999999995 0.502344 0.057031 0.49921899999999997 0.060937 0.49921899999999997 0.06640599999999999 0.507812 0.077344 0.51875 0.085938 0.525 0.089063 0.535938 0.08984400000000001 0.54375 0.088281 0.55625 0.08125 0.560937 0.085156 0.5625 0.082812 0.574219 0.080469 0.580469 0.077344 0.595313 0.07656199999999999 0.588281 0.067969 0.58125 0.064844 0.582813 0.058594
0 0.353906 0 0.353906 0.0023439999999999997 0.371094 0.016406 0.395312 0.028125 0.4 0.032812999999999995 0.40625 0.035156 0.41406200000000004 0.035156 0.41406200000000004 0.041406 0.428125 0.052344 0.427344 0.042187999999999996 0.428906 0.03125 0.426562 0.015625 0.42265600000000003 0.010156 0.410937 0.0023439999999999997 0.410156 0 0.353906 0
0 0.404687 0.036719 0.401563 0.032812999999999995 0.37421899999999997 0.019531 0.357812 0.021093999999999998 0.34375 0.020312 0.336719 0.023438 0.30625 0.027344 0.291406 0.034375 0.285937 0.039844000000000004 0.288281 0.047656 0.305469 0.055469000000000004 0.348437 0.060156 0.37578100000000003 0.060156 0.385156 0.057813 0.388281 0.060937 0.388281 0.065625 0.390625 0.06875 0.40546899999999997 0.080469 0.414844 0.084375 0.423438 0.084375 0.424219 0.082812 0.42109399999999997 0.071094 0.403906 0.040625 0.404687 0.036719
0 0.364062 0.067969 0.359375 0.061719 0.348437 0.061719 0.340625 0.065625 0.335156 0.06406300000000001 0.32734399999999997 0.057813 0.302344 0.052344 0.28906200000000004 0.044531 0.2875 0.040625 0.291406 0.036719 0.305469 0.029687 0.309375 0.029687 0.30625 0.025 0.264062 0.017188000000000002 0.25781200000000004 0.021093999999999998 0.257031 0.025781 0.265625 0.039844000000000004 0.296875 0.06406300000000001 0.324219 0.064844 0.321875 0.069531 0.307813 0.07421900000000001 0.30468799999999996 0.080469 0.308594 0.08125 0.322656 0.07421900000000001 0.326562 0.07421900000000001 0.328125 0.075781 0.325781 0.078906 0.32734399999999997 0.091406 0.332812 0.10078100000000001 0.34453100000000003 0.113281 0.349219 0.11640600000000001 0.353906 0.115625 0.353906 0.10703100000000002 0.361719 0.109375 0.365625 0.10703100000000002 0.369531 0.094531 0.370313 0.084375 0.364062 0.067969
1 0.22265600000000002 0.025781 0.22968799999999998 0.032812999999999995 0.22343700000000002 0.036719 0.20078100000000002 0.060156 0.189063 0.075 0.189063 0.080469 0.20468799999999998 0.071875 0.242188 0.04375 0.25078100000000003 0.033594 0.25078100000000003 0.028905999999999998 0.2375 0.027344 0.224219 0.023438 0.22265600000000002 0.025781
1 0.8296870000000001 0.18984399999999998 0.8210940000000001 0.186719 0.8101559999999999 0.1875 0.8054690000000001 0.177344 0.799219 0.173438 0.780469 0.165625 0.773438 0.165625 0.774219 0.170312 0.794531 0.186719 0.8023440000000001 0.190625 0.8070309999999999 0.18984399999999998 0.808594 0.20546899999999998 0.8132809999999999 0.209375 0.821875 0.221875 0.8367190000000001 0.23593799999999998 0.8570309999999999 0.249219 0.8648440000000001 0.252344 0.8695309999999999 0.251563 0.870312 0.246875 0.853125 0.21718700000000002 0.8296870000000001 0.18984399999999998
0 0.699219 0.258594 0.694531 0.277344 0.694531 0.284375 0.696094 0.285937 0.704688 0.284375 0.721875 0.271875 0.728125 0.26484399999999997 0.729687 0.258594 0.734375 0.253906 0.740625 0.23828100000000002 0.742188 0.22968799999999998 0.741406 0.21718700000000002 0.739063 0.210938 0.735938 0.20781200000000002 0.724219 0.203906 0.714844 0.21875 0.699219 0.258594
0 0.8273440000000001 0.350781 0.825 0.364844 0.8257809999999999 0.369531 0.8210940000000001 0.37421899999999997 0.8148440000000001 0.37578100000000003 0.8132809999999999 0.380469 0.808594 0.385938 0.796875 0.39375 0.789062 0.401563 0.78125 0.41406200000000004 0.775 0.43125 0.773438 0.44375 0.775 0.44531200000000004 0.784375 0.44375 0.792969 0.439844 0.80625 0.428125 0.815625 0.413281 0.825 0.392969 0.823437 0.379687 0.8265629999999999 0.378906 0.829453 0.37820299999999996 0.835078 0.382109 0.8387499999999999 0.38710900000000004 0.840859 0.392656 0.8429690000000001 0.396875 0.8453120000000001 0.40546899999999997 0.8492190000000001 0.404687 0.846875 0.392969 0.845547 0.386328 0.8382809999999999 0.371875 0.8421879999999999 0.369531 0.8453120000000001 0.361719 0.8492190000000001 0.357812 0.8539059999999999 0.34375 0.85625 0.325 0.8585940000000001 0.31875 0.8570309999999999 0.30468799999999996 0.854687 0.3 0.848438 0.30625 0.8445309999999999 0.317187 0.8273440000000001 0.350781
0 1 0.203125 0.9914059999999999 0.20468799999999998 0.989063 0.20703100000000002 0.979687 0.20781200000000002 0.978125 0.213281 0.975 0.215625 0.967187 0.213281 0.946875 0.213281 0.934375 0.21484399999999998 0.928125 0.21875 0.921875 0.21484399999999998 0.914062 0.21484399999999998 0.9085940000000001 0.21640600000000002 0.90625 0.219531 0.90625 0.221875 0.915625 0.228906 0.939063 0.2375 0.959375 0.23828100000000002 0.96875 0.23593799999999998 0.971875 0.233594 0.9742190000000001 0.226562 0.9789059999999999 0.225 0.989063 0.23828100000000002 0.99375 0.240625 1 0.240625 1 0.225781 0.980469 0.22031299999999998 0.982812 0.217969 1 0.219531 1 0.203125
1 0.9359379999999999 0.31328100000000003 0.9289059999999999 0.303906 0.9289059999999999 0.289844 0.9203129999999999 0.277344 0.917969 0.267969 0.9125 0.263281 0.9085940000000001 0.253906 0.9039059999999999 0.254687 0.9007809999999999 0.26875 0.902344 0.289844 0.910156 0.302344 0.91875 0.303125 0.9203129999999999 0.30468799999999996 0.921875 0.324219 0.93125 0.34453100000000003 0.951562 0.365625 0.959375 0.36718799999999996 0.959375 0.3625 0.939063 0.325781 0.9359379999999999 0.31328100000000003
1 1 0.353125 0.9859370000000001 0.342187 0.982812 0.336719 0.9789059999999999 0.321875 0.9742190000000001 0.321875 0.971875 0.346094 0.973438 0.3625 0.9773440000000001 0.371094 0.989063 0.379687 0.990625 0.392969 0.9976559999999999 0.401563 1 0.401563 1 0.353125
1 0.882812 0.440625 0.86875 0.440625 0.86875 0.446875 0.863281 0.450781 0.84375 0.449219 0.8414059999999999 0.450781 0.8492190000000001 0.455469 0.8609370000000001 0.455469 0.8648440000000001 0.453125 0.8734379999999999 0.45234399999999997 0.9 0.4625 0.9132809999999999 0.461719 0.917188 0.457812 0.9164059999999999 0.45390600000000003 0.903125 0.446875 0.882812 0.440625
0 0.49375 0.171094 0.489062 0.17421899999999998 0.482031 0.18359399999999998 0.470313 0.184375 0.446094 0.2 0.43828100000000003 0.208594 0.43671899999999997 0.213281 0.442187 0.21640600000000002 0.45625 0.21484399999999998 0.472656 0.20546899999999998 0.486719 0.190625 0.502344 0.192969 0.514844 0.185937 0.51875 0.18125 0.515625 0.177344 0.507812 0.172656 0.49375 0.171094
0 0.410156 0.140625 0.410156 0.15 0.4 0.157031 0.390625 0.17421899999999998 0.386719 0.189063 0.3875 0.197656 0.392969 0.19531199999999999 0.403906 0.18515600000000002 0.417188 0.163281 0.41875 0.155469 0.42968799999999996 0.150781 0.439844 0.14296899999999998 0.442187 0.139062 0.440625 0.135156 0.442187 0.128125 0.441406 0.11875 0.42265600000000003 0.124219 0.41406200000000004 0.130469 0.410156 0.140625
0 0.364844 0.22265600000000002 0.355469 0.210938 0.350781 0.19921899999999998 0.347656 0.196875 0.347656 0.192969 0.353906 0.186719 0.354688 0.182031 0.35859399999999997 0.178125 0.357812 0.173438 0.353906 0.172656 0.35 0.16796899999999998 0.34296899999999997 0.16406199999999999 0.324219 0.14843800000000001 0.30468799999999996 0.12890600000000002 0.294531 0.124219 0.292188 0.126563 0.292188 0.134375 0.294531 0.149219 0.3 0.16015600000000002 0.305469 0.18515600000000002 0.309375 0.192969 0.314063 0.197656 0.324219 0.20156200000000002 0.321875 0.203125 0.317187 0.21484399999999998 0.315625 0.228906 0.320937 0.245078 0.324219 0.23593799999999998 0.328125 0.21406299999999998 0.334375 0.20468799999999998 0.336719 0.225 0.352344 0.25781200000000004 0.357812 0.260938 0.371875 0.257031 0.37578100000000003 0.25 0.37421899999999997 0.23906200000000002 0.364844 0.22265600000000002
0 0.28046899999999997 0.20156200000000002 0.270312 0.20781200000000002 0.26484399999999997 0.20781200000000002 0.240625 0.185937 0.23203100000000002 0.182813 0.23203100000000002 0.19531199999999999 0.23828100000000002 0.210938 0.246875 0.21875 0.263281 0.21875 0.26484399999999997 0.22031299999999998 0.261719 0.226562 0.261719 0.2375 0.263281 0.240625 0.26640600000000003 0.228906 0.275781 0.213281 0.283594 0.23125 0.294531 0.24375 0.310937 0.25 0.322656 0.25078100000000003 0.329688 0.24843700000000002 0.330469 0.24375 0.29765600000000003 0.210938 0.28046899999999997 0.20156200000000002
0 0.219531 0.11171899999999998 0.210938 0.10390600000000001 0.203125 0.10078100000000001 0.197656 0.101562 0.188281 0.10703100000000002 0.186719 0.104688 0.184375 0.082812 0.170312 0.061719 0.164844 0.05625 0.146875 0.049219 0.139844 0.05 0.135938 0.055469000000000004 0.13671899999999998 0.07421900000000001 0.14453100000000002 0.088281 0.157813 0.10078100000000001 0.16953100000000002 0.10703100000000002 0.186719 0.108594 0.19140600000000002 0.125781 0.228906 0.157031 0.23828100000000002 0.160937 0.242969 0.160937 0.244531 0.159375 0.24375 0.150781 0.219531 0.11171899999999998
0 0.299219 0.0875 0.285937 0.091406 0.267188 0.10390600000000001 0.264062 0.11875 0.258594 0.11640600000000001 0.240625 0.115625 0.23281200000000002 0.113281 0.224219 0.113281 0.221875 0.115625 0.23203100000000002 0.130469 0.23671899999999998 0.130469 0.244531 0.125 0.25781200000000004 0.12265600000000002 0.263281 0.124219 0.26875 0.12343699999999999 0.279687 0.12734399999999998 0.286719 0.121094 0.321094 0.099219 0.32734399999999997 0.09218699999999999 0.325781 0.085938 0.319531 0.085156 0.299219 0.0875
0 0.188281 0.13281199999999999 0.18359399999999998 0.12890600000000002 0.161719 0.12343699999999999 0.157031 0.11875 0.157813 0.11484399999999999 0.150781 0.108594 0.145312 0.10781199999999999 0.1375 0.11093800000000001 0.129687 0.10703100000000002 0.125781 0.096094 0.12890600000000002 0.09218699999999999 0.12890600000000002 0.0875 0.13125 0.084375 0.13125 0.067969 0.12890600000000002 0.071094 0.129687 0.075781 0.121875 0.08125 0.11875 0.08984400000000001 0.115625 0.08984400000000001 0.10234399999999999 0.080469 0.083594 0.071875 0.075781 0.069531 0.067187 0.070312 0.067187 0.078125 0.08125 0.09531300000000001 0.11484399999999999 0.115625 0.125 0.11796899999999999 0.12734399999999998 0.121094 0.13281199999999999 0.12343699999999999 0.141406 0.133594 0.173438 0.15859399999999998 0.182031 0.161719 0.190625 0.161719 0.19531199999999999 0.159375 0.197656 0.154687 0.196875 0.146094 0.188281 0.13281199999999999
2 0.057031 0.196875 0.059375 0.20156200000000002 0.067187 0.20781200000000002 0.070312 0.20625 0.071875 0.180469 0.07968800000000001 0.170312 0.075781 0.16796899999999998 0.063281 0.16953100000000002 0.05625 0.180469 0.057031 0.196875
0 0 0.340625 0.005469 0.34296899999999997 0.069531 0.349219 0.071875 0.353125 0.069531 0.357812 0.072656 0.369531 0.089063 0.378125 0.096094 0.378906 0.1 0.377344 0.1 0.366406 0.092969 0.363281 0.09531300000000001 0.35859399999999997 0.11484399999999999 0.36015600000000003 0.129687 0.354688 0.13281199999999999 0.357031 0.1375 0.36875 0.15 0.37578100000000003 0.1625 0.377344 0.190625 0.376563 0.196094 0.375 0.20156200000000002 0.369531 0.196875 0.3625 0.176562 0.349219 0.15234399999999998 0.340625 0.1375 0.342187 0.129687 0.338281 0.125 0.333594 0.12734399999999998 0.329688 0.12734399999999998 0.325781 0.124219 0.324219 0.11093800000000001 0.325 0.103125 0.33125 0.096094 0.330469 0.09531300000000001 0.328125 0.1 0.32890600000000003 0.10078100000000001 0.325781 0.083594 0.325781 0.07421900000000001 0.321875 0.054688 0.31875 0.032031 0.31875 0.014062 0.325 0.0023439999999999997 0.33593799999999996 0 0.33593799999999996 0 0.340625
0 0.292188 0.259375 0.28203100000000003 0.2625 0.271875 0.26875 0.267188 0.27343799999999996 0.265625 0.28125 0.263281 0.284375 0.24843700000000002 0.275 0.23671899999999998 0.274219 0.23281200000000002 0.270312 0.225 0.26875 0.211719 0.26875 0.17578100000000002 0.27343799999999996 0.14453100000000002 0.28203100000000003 0.13671899999999998 0.285937 0.12734399999999998 0.294531 0.12734399999999998 0.299219 0.13828100000000002 0.30468799999999996 0.149219 0.305469 0.172656 0.301562 0.211719 0.298438 0.23593799999999998 0.291406 0.275781 0.3125 0.283594 0.31328100000000003 0.285156 0.310156 0.28203100000000003 0.307031 0.28203100000000003 0.303125 0.283594 0.300781 0.299219 0.299219 0.307813 0.295312 0.323438 0.282813 0.33125 0.279687 0.345313 0.267188 0.342187 0.263281 0.329688 0.258594 0.292188 0.259375
0 0.353125 0.261719 0.345313 0.26640600000000003 0.322656 0.285937 0.310156 0.292969 0.303125 0.30625 0.303125 0.3125 0.305469 0.315625 0.303125 0.32031200000000004 0.285156 0.319531 0.275781 0.321875 0.259375 0.329688 0.22031299999999998 0.353125 0.211719 0.360938 0.208594 0.367969 0.20781200000000002 0.375 0.210156 0.385156 0.217969 0.386719 0.23125 0.38125 0.254687 0.367969 0.267188 0.363281 0.290625 0.346875 0.296875 0.339063 0.303906 0.32031200000000004 0.310156 0.319531 0.3125 0.322656 0.316406 0.322656 0.32734399999999997 0.315625 0.361719 0.28203100000000003 0.37578100000000003 0.264062 0.376563 0.259375 0.371875 0.257031 0.360938 0.260938 0.353125 0.261719
0 0.375 0.294531 0.365625 0.302344 0.361719 0.300781 0.35859399999999997 0.296875 0.353125 0.295312 0.353125 0.300781 0.36015600000000003 0.307031 0.36015600000000003 0.310937 0.355469 0.31328100000000003 0.355469 0.31875 0.340625 0.321875 0.298438 0.340625 0.28203100000000003 0.35625 0.28125 0.361719 0.285156 0.364062 0.298438 0.364062 0.322656 0.36015600000000003 0.35625 0.346094 0.36718799999999996 0.339063 0.375 0.330469 0.37421899999999997 0.325781 0.370313 0.321875 0.37578100000000003 0.321094 0.377344 0.322656 0.377344 0.314844 0.416406 0.291406 0.417969 0.286719 0.400781 0.286719 0.38281200000000004 0.290625 0.375 0.294531
0 0.364844 0.36718799999999996 0.364062 0.373437 0.371094 0.382031 0.348437 0.39375 0.317969 0.420312 0.3 0.442187 0.301562 0.447656 0.310937 0.447656 0.339844 0.4375 0.346094 0.432031 0.359375 0.425 0.361719 0.419531 0.36875 0.411719 0.373437 0.401563 0.37421899999999997 0.3875 0.377344 0.385156 0.375 0.38125 0.38125 0.377344 0.385156 0.367969 0.385938 0.35156200000000004 0.383594 0.32890600000000003 0.382031 0.326562 0.379687 0.32734399999999997 0.372656 0.341406 0.364844 0.36718799999999996
2 0.447656 0.298438 0.432031 0.290625 0.419531 0.28906200000000004 0.417188 0.290625 0.419531 0.29609399999999997 0.435156 0.300781 0.45 0.310937 0.45390600000000003 0.310937 0.45390600000000003 0.30625 0.449219 0.302344 0.447656 0.298438
2 0.416406 0.239844 0.415625 0.244531 0.417969 0.246875 0.433594 0.24609399999999998 0.442187 0.24375 0.446875 0.23906200000000002 0.442187 0.23671899999999998 0.425781 0.23671899999999998 0.416406 0.239844
0 0 0.575 0.015625 0.580469 0.028905999999999998 0.582813 0.051562 0.582813 0.053125 0.585156 0.051562 0.595313 0.053905999999999996 0.6 0.060156 0.607031 0.07421900000000001 0.616406 0.103125 0.626563 0.115625 0.628125 0.11875 0.625781 0.11796899999999999 0.620312 0.11171899999999998 0.6125 0.10781199999999999 0.610938 0.094531 0.596875 0.073438 0.586719 0.06875 0.582813 0.067969 0.578906 0.064844 0.575781 0.06875 0.571875 0.054688 0.554688 0.053125 0.546875 0.040625 0.534375 0.036719 0.533594 0.032812999999999995 0.539844 0.032812999999999995 0.55 0.036719 0.561719 0.042969 0.572656 0.032031 0.573437 0 0.567969 0 0.575
2 0.760937 0.34375 0.758594 0.34296899999999997 0.755469 0.346875 0.754688 0.35156200000000004 0.757031 0.373437 0.761719 0.38281200000000004 0.771875 0.385156 0.773438 0.378906 0.769531 0.360938 0.760937 0.34375
0 0.189063 0.674219 0.19375 0.669531 0.196094 0.671875 0.194531 0.683594 0.19531199999999999 0.697656 0.20781200000000002 0.702344 0.213281 0.700781 0.21640600000000002 0.694531 0.22031299999999998 0.670312 0.21875 0.646094 0.21406299999999998 0.644531 0.208594 0.647656 0.19921899999999998 0.648438 0.188281 0.632031 0.177344 0.607031 0.17421899999999998 0.603906 0.171094 0.608594 0.170312 0.628125 0.175 0.645313 0.17968800000000001 0.653125 0.184375 0.655469 0.18984399999999998 0.654687 0.194531 0.657813 0.184375 0.666406 0.16953100000000002 0.692188 0.16406199999999999 0.708594 0.165625 0.716406 0.173438 0.700781 0.184375 0.685937 0.189063 0.674219
0 0.20078100000000002 0.50625 0.20625 0.508594 0.20703100000000002 0.510937 0.198438 0.521094 0.188281 0.539844 0.1875 0.544531 0.18125 0.553906 0.178125 0.563281 0.17968800000000001 0.565625 0.182813 0.564844 0.197656 0.540625 0.20078100000000002 0.545312 0.20703100000000002 0.545312 0.219531 0.529687 0.22343700000000002 0.516406 0.22343700000000002 0.509375 0.221875 0.50625 0.22109399999999998 0.48515600000000003 0.21718700000000002 0.478125 0.20781200000000002 0.485938 0.202344 0.49375 0.20078100000000002 0.50625
0 0.307031 0.464844 0.303906 0.464844 0.301562 0.45625 0.29375 0.448438 0.285937 0.44531200000000004 0.279687 0.446094 0.275781 0.43828100000000003 0.260156 0.439844 0.24843700000000002 0.426562 0.24531299999999998 0.42968799999999996 0.24531299999999998 0.441406 0.24375 0.442969 0.22343700000000002 0.44375 0.22109399999999998 0.446094 0.226562 0.45234399999999997 0.24609399999999998 0.458594 0.264062 0.458594 0.275 0.454688 0.279687 0.471094 0.292969 0.479688 0.310156 0.482031 0.31328100000000003 0.48515600000000003 0.322656 0.484375 0.326562 0.478906 0.326562 0.474219 0.310937 0.46796899999999997 0.307031 0.464844
0 0.325781 0.485938 0.325781 0.494531 0.330469 0.502344 0.319531 0.5125 0.3125 0.521875 0.299219 0.548438 0.2875 0.579688 0.2875 0.59375 0.290625 0.598438 0.296875 0.597656 0.321094 0.567969 0.332812 0.549219 0.3375 0.545312 0.342187 0.552344 0.34296899999999997 0.560937 0.348437 0.566406 0.35156200000000004 0.564844 0.350781 0.55 0.346094 0.532813 0.348437 0.5125 0.346094 0.50625 0.354688 0.500781 0.35859399999999997 0.489062 0.359375 0.440625 0.357812 0.432813 0.353125 0.432813 0.348437 0.4375 0.325781 0.485938
2 0.413281 0.428906 0.415625 0.435156 0.420312 0.434375 0.426562 0.427344 0.430469 0.413281 0.428906 0.40546899999999997 0.424219 0.407813 0.415625 0.419531 0.413281 0.428906
0 0.419531 0.516406 0.410937 0.53125 0.411719 0.541406 0.4 0.542187 0.388281 0.546875 0.38281200000000004 0.55625 0.384375 0.560156 0.376563 0.576562 0.385156 0.573437 0.394531 0.565625 0.404687 0.563281 0.4125 0.557812 0.423438 0.546094 0.42968799999999996 0.544531 0.43671899999999997 0.538281 0.448438 0.519531 0.45234399999999997 0.50625 0.450781 0.500781 0.446094 0.5 0.439063 0.503125 0.419531 0.516406
1 0.38125 0.614844 0.36875 0.617969 0.340625 0.634375 0.319531 0.652344 0.300781 0.665625 0.285937 0.682031 0.284375 0.685156 0.285156 0.689063 0.286719 0.690625 0.299219 0.690625 0.307813 0.688281 0.332031 0.675781 0.357031 0.660156 0.378125 0.641406 0.389062 0.625 0.396875 0.623437 0.408594 0.6125 0.4125 0.602344 0.403906 0.601562 0.386719 0.609375 0.38125 0.614844
1 0.361719 0.8648440000000001 0.364062 0.8617190000000001 0.364062 0.8570309999999999 0.3625 0.85625 0.35 0.8601559999999999 0.31328100000000003 0.8523440000000001 0.288281 0.8507809999999999 0.285156 0.853125 0.303906 0.8695309999999999 0.32734399999999997 0.879687 0.342187 0.879687 0.348437 0.8765620000000001 0.352344 0.8765620000000001 0.353125 0.884375 0.360781 0.9003909999999999 0.359375 0.8890629999999999 0.36015600000000003 0.8757809999999999 0.3625 0.8695309999999999 0.361719 0.8648440000000001
0 0.46875 0.732031 0.458594 0.729687 0.45234399999999997 0.720313 0.441406 0.726562 0.434375 0.735938 0.421875 0.746875 0.40703100000000003 0.754688 0.389062 0.7671870000000001 0.380469 0.7671870000000001 0.375 0.769531 0.372656 0.775781 0.380469 0.778125 0.389062 0.776562 0.392188 0.778906 0.401563 0.778906 0.413281 0.775781 0.428125 0.7671870000000001 0.447656 0.752344 0.451562 0.752344 0.454688 0.75 0.459375 0.7375 0.46796899999999997 0.744531 0.478906 0.744531 0.4875 0.740625 0.49218799999999996 0.733594 0.49218799999999996 0.725781 0.486719 0.724219 0.478906 0.730469 0.46875 0.732031
0 0.449219 0.851562 0.432031 0.8265629999999999 0.423438 0.8101559999999999 0.41875 0.796875 0.413281 0.790625 0.417422 0.774688 0.40148400000000006 0.780547 0.400781 0.785156 0.402344 0.790625 0.397656 0.79375 0.397656 0.799219 0.392188 0.809375 0.38656199999999996 0.8313280000000001 0.408359 0.7990630000000001 0.412031 0.8047660000000001 0.400781 0.828125 0.403906 0.855469 0.410156 0.8695309999999999 0.419531 0.884375 0.432031 0.8929690000000001 0.450781 0.8960940000000001 0.45390600000000003 0.8929690000000001 0.45390600000000003 0.8679690000000001 0.449219 0.851562
0 0.4125 0.624219 0.401563 0.63125 0.396094 0.630469 0.352344 0.66875 0.339844 0.684375 0.3375 0.689063 0.3375 0.69375 0.342187 0.698437 0.350781 0.699219 0.357812 0.698437 0.36718799999999996 0.692969 0.379687 0.692969 0.380469 0.704688 0.385156 0.704688 0.38984399999999997 0.699219 0.392188 0.690625 0.407813 0.660938 0.411719 0.657813 0.421875 0.659375 0.428906 0.657813 0.435156 0.653906 0.446875 0.642188 0.454688 0.638281 0.454688 0.63125 0.428906 0.627344 0.42109399999999997 0.623437 0.4125 0.624219
0 0.53125 0.677344 0.510156 0.698437 0.482031 0.7125 0.477344 0.7125 0.471094 0.715625 0.46875 0.721094 0.474219 0.722656 0.490625 0.722656 0.498437 0.721094 0.515625 0.709375 0.517188 0.7 0.521094 0.701562 0.532813 0.700781 0.545312 0.705469 0.570312 0.704688 0.608594 0.690625 0.617969 0.682031 0.617188 0.678125 0.611719 0.675781 0.560156 0.678906 0.53125 0.677344
0 0.559375 0.557031 0.553125 0.567969 0.552344 0.573437 0.557812 0.601562 0.548438 0.6125 0.540625 0.628125 0.532813 0.657813 0.534375 0.671875 0.540625 0.678125 0.557031 0.677344 0.570312 0.628125 0.575 0.621875 0.573437 0.605469 0.576562 0.592969 0.588281 0.564063 0.588281 0.540625 0.582031 0.539844 0.572656 0.544531 0.559375 0.557031
0 0.641406 0.8296870000000001 0.636719 0.8257809999999999 0.63125 0.8148440000000001 0.623437 0.8148440000000001 0.615625 0.808594 0.611719 0.8101559999999999 0.611719 0.8148440000000001 0.615625 0.825 0.6125 0.8289059999999999 0.600781 0.83125 0.579688 0.83125 0.573437 0.8335940000000001 0.578125 0.8382809999999999 0.599219 0.84375 0.614063 0.84375 0.625781 0.840625 0.636719 0.851562 0.651562 0.8609370000000001 0.664844 0.8648440000000001 0.66875 0.8648440000000001 0.671875 0.8625 0.672656 0.848438 0.6625 0.8382809999999999 0.641406 0.8296870000000001
0 0.678906 1 0.689844 0.982812 0.694531 0.9523440000000001 0.696875 0.95 0.713281 0.979687 0.713281 0.9601559999999999 0.707031 0.917969 0.7 0.9039059999999999 0.7 0.9 0.696875 0.8960940000000001 0.691406 0.89375 0.689063 0.8898440000000001 0.690625 0.884375 0.701562 0.8726559999999999 0.703125 0.865625 0.703906 0.803125 0.700781 0.7953129999999999 0.692969 0.796875 0.673438 0.846875 0.671094 0.865625 0.674219 0.884375 0.678125 0.8882809999999999 0.671094 0.8898440000000001 0.664844 0.894531 0.657813 0.9070309999999999 0.653906 0.9226559999999999 0.653906 0.964844 0.657031 0.98125 0.664062 1 0.678906 1
0 0.664062 1 0.660156 0.9859370000000001 0.647656 0.971875 0.636719 0.964844 0.63125 0.949219 0.616406 0.9367190000000001 0.607812 0.932813 0.603125 0.933594 0.602344 0.9359379999999999 0.605469 0.939063 0.605469 0.94375 0.616406 0.9601559999999999 0.61875 0.967187 0.624219 0.9695309999999999 0.627344 0.973438 0.629688 0.980469 0.629688 1 0.664062 1
0 0.832813 0.8625 0.81875 0.8523440000000001 0.8 0.847656 0.788281 0.8539059999999999 0.7671870000000001 0.8609370000000001 0.742969 0.8664059999999999 0.727344 0.8726559999999999 0.728125 0.8757809999999999 0.733594 0.878125 0.7625 0.8804690000000001 0.778906 0.8773440000000001 0.790625 0.8695309999999999 0.799219 0.871875 0.803125 0.884375 0.807812 0.8921870000000001 0.825 0.9085940000000001 0.835938 0.914062 0.8601559999999999 0.921875 0.8734379999999999 0.9226559999999999 0.8757809999999999 0.9203129999999999 0.8757809999999999 0.914062 0.855469 0.8851559999999999 0.832813 0.8625
0 0.8765620000000001 1 0.8765620000000001 0.9976559999999999 0.8492190000000001 0.970313 0.8453120000000001 0.9617190000000001 0.8414059999999999 0.960938 0.8382809999999999 0.9664059999999999 0.834375 0.9664059999999999 0.8296870000000001 0.9617190000000001 0.8109379999999999 0.9585940000000001 0.776562 0.9601559999999999 0.774219 0.9625 0.775781 0.96875 0.784375 0.979687 0.79375 0.984375 0.815625 0.989063 0.8226559999999999 0.9867190000000001 0.8304690000000001 0.98125 0.840625 0.989063 0.853125 0.995313 0.8570309999999999 1 0.8765620000000001 1
1 0.882812 0.778906 0.871094 0.775 0.8617190000000001 0.774219 0.8539059999999999 0.778906 0.8507809999999999 0.775 0.8445309999999999 0.772656 0.821875 0.774219 0.800781 0.78125 0.7953129999999999 0.786719 0.797656 0.789062 0.8101559999999999 0.792969 0.8265629999999999 0.792969 0.840625 0.791406 0.8570309999999999 0.78125 0.8648440000000001 0.780469 0.86875 0.783594 0.8882809999999999 0.789062 0.8960940000000001 0.79375 0.8992190000000001 0.792969 0.8992190000000001 0.790625 0.895312 0.785938 0.882812 0.778906
1 0.730469 0.733594 0.713281 0.763281 0.7125 0.767969 0.71875 0.766406 0.737109 0.745547 0.751016 0.718438 0.7675 0.733672 0.764844 0.725 0.763281 0.720313 0.757031 0.714844 0.749219 0.702344 0.742969 0.703125 0.742188 0.708594 0.730469 0.733594
0 0.685937 0.625781 0.675781 0.610156 0.666406 0.58125 0.658594 0.567969 0.650781 0.557812 0.646094 0.554688 0.64375 0.557812 0.645313 0.569531 0.655469 0.595313 0.658594 0.607812 0.664062 0.614844 0.663281 0.626563 0.669531 0.634375 0.669531 0.648438 0.675 0.675 0.684375 0.685937 0.686719 0.685937 0.690625 0.678125 0.692188 0.658594 0.685937 0.625781
1 0.792187 0.594531 0.7796879999999999 0.589062 0.774219 0.591406 0.775781 0.596094 0.78125 0.6 0.7875 0.613281 0.7984370000000001 0.627344 0.80625 0.635156 0.821875 0.645313 0.8265629999999999 0.645313 0.828125 0.642188 0.81875 0.625781 0.792187 0.594531
1 0.832813 0.640625 0.821875 0.645313 0.8140620000000001 0.652344 0.8023440000000001 0.653125 0.796094 0.65625 0.7953129999999999 0.664062 0.797656 0.670312 0.80625 0.677344 0.816797 0.6839839999999999 0.8117190000000001 0.672656 0.808594 0.669531 0.8125 0.665625 0.81875 0.664062 0.8273440000000001 0.658594 0.8289059999999999 0.654687 0.8382809999999999 0.646875 0.84375 0.638281 0.8445309999999999 0.633594 0.8414059999999999 0.632812 0.8375 0.635156 0.832813 0.640625
1 0.863281 0.557812 0.85 0.546875 0.839844 0.542187 0.834375 0.542187 0.8179690000000001 0.524219 0.8023440000000001 0.513281 0.801563 0.523438 0.8039059999999999 0.538281 0.8101559999999999 0.552344 0.8265629999999999 0.552344 0.832813 0.564844 0.847656 0.577344 0.8648440000000001 0.586719 0.8757809999999999 0.589844 0.88125 0.588281 0.8820309999999999 0.582813 0.878125 0.574219 0.863281 0.557812
1 0.766406 0.45 0.746875 0.463281 0.745312 0.46953100000000003 0.739063 0.478906 0.728125 0.490625 0.717969 0.50625 0.704688 0.536719 0.704688 0.542187 0.709375 0.539844 0.733594 0.5125 0.740625 0.49921899999999997 0.746094 0.475781 0.747656 0.474219 0.752344 0.475 0.758594 0.478906 0.767969 0.480469 0.7796879999999999 0.477344 0.792187 0.46953100000000003 0.803125 0.457812 0.8148440000000001 0.439844 0.8195309999999999 0.428906 0.81875 0.424219 0.8140620000000001 0.424219 0.791406 0.439844 0.766406 0.45
0 0.70625 0.49218799999999996 0.699219 0.48515600000000003 0.685937 0.482031 0.672656 0.482031 0.664844 0.486719 0.652344 0.489062 0.651562 0.490625 0.658594 0.494531 0.658594 0.497656 0.633594 0.515625 0.628906 0.521094 0.628906 0.524219 0.635937 0.528906 0.657031 0.528906 0.679688 0.521875 0.692188 0.514062 0.697656 0.507812 0.70625 0.517969 0.710156 0.519531 0.71875 0.507812 0.720313 0.49921899999999997 0.71875 0.496094 0.714062 0.49375 0.70625 0.49218799999999996
0 0.6375 0.314063 0.622656 0.3375 0.621094 0.350781 0.619531 0.352344 0.614063 0.350781 0.607812 0.33593799999999996 0.602344 0.329688 0.597656 0.329688 0.596094 0.332031 0.594531 0.353906 0.596094 0.35859399999999997 0.596094 0.38125 0.59375 0.392969 0.597656 0.40546899999999997 0.597656 0.4125 0.594531 0.425781 0.595313 0.432031 0.6 0.42968799999999996 0.603125 0.420312 0.617969 0.392188 0.621094 0.354688 0.627344 0.355469 0.639062 0.352344 0.657031 0.33593799999999996 0.664062 0.322656 0.664844 0.314063 0.663281 0.305469 0.658594 0.303125 0.65 0.30468799999999996 0.6375 0.314063
2 0.623437 0.430469 0.619531 0.430469 0.6125 0.423438 0.608594 0.423438 0.607031 0.425 0.607031 0.433594 0.613281 0.447656 0.61875 0.455469 0.638281 0.474219 0.641406 0.474219 0.642969 0.46953100000000003 0.624219 0.43828100000000003 0.623437 0.430469
1 0.697656 0.403906 0.6625 0.411719 0.661719 0.416406 0.689844 0.42265600000000003 0.699219 0.421875 0.707813 0.417969 0.717969 0.417969 0.720313 0.416406 0.717969 0.411719 0.705469 0.40546899999999997 0.697656 0.403906
1 0.729687 0.353125 0.70625 0.378906 0.7 0.388281 0.700781 0.38984399999999997 0.705469 0.38984399999999997 0.725 0.379687 0.749219 0.35859399999999997 0.753906 0.353125 0.758594 0.342187 0.758594 0.332031 0.75625 0.326562 0.753906 0.332031 0.753906 0.3375 0.729687 0.353125
1 0.616406 0.480469 0.617969 0.485938 0.603125 0.496094 0.578125 0.522656 0.566406 0.540625 0.567969 0.545312 0.579688 0.539062 0.621094 0.505469 0.627344 0.491406 0.625781 0.485938 0.625 0.482812 0.623203 0.47921899999999995 0.626563 0.473437 0.628906 0.470313 0.625 0.470313 0.621875 0.472656 0.616406 0.480469
2 0.242188 0.821875 0.23828100000000002 0.825 0.23593799999999998 0.8265629999999999 0.23906200000000002 0.8296870000000001 0.23906200000000002 0.834375 0.242969 0.8375 0.253906 0.8382809999999999 0.267188 0.834375 0.285156 0.8257809999999999 0.2875 0.8210940000000001 0.284375 0.8195309999999999 0.249219 0.820312 0.242188 0.821875
2 0.173438 0.9132809999999999 0.16406199999999999 0.915625 0.15859399999999998 0.9210940000000001 0.16406199999999999 0.933594 0.170312 0.9367190000000001 0.177344 0.934375 0.194531 0.9242190000000001 0.197656 0.91875 0.19531199999999999 0.915625 0.190625 0.914062 0.173438 0.9132809999999999
3 0.834375 0.298438 0.823437 0.290625 0.816406 0.291406 0.8148440000000001 0.285937 0.8132809999999999 0.286719 0.8140620000000001 0.290625 0.8101559999999999 0.292969 0.8070309999999999 0.292969 0.804688 0.290625 0.8054690000000001 0.278906 0.799219 0.271094 0.8070309999999999 0.265625 0.809375 0.257031 0.809375 0.225 0.8070309999999999 0.21640600000000002 0.8023440000000001 0.215625 0.7984370000000001 0.22031299999999998 0.794531 0.242188 0.789062 0.25781200000000004 0.789062 0.267969 0.79375 0.271875 0.791406 0.278125 0.792969 0.284375 0.790625 0.291406 0.783594 0.29765600000000003 0.780469 0.291406 0.741406 0.259375 0.736719 0.257031 0.732031 0.257031 0.729687 0.259375 0.729687 0.26640600000000003 0.734375 0.275 0.755469 0.296875 0.771094 0.30468799999999996 0.778125 0.30468799999999996 0.783594 0.299219 0.785156 0.300781 0.785938 0.314844 0.791406 0.32734399999999997 0.797656 0.33593799999999996 0.8140620000000001 0.35 0.81875 0.35 0.817188 0.345313 0.8039059999999999 0.326562 0.8023440000000001 0.321875 0.807812 0.321094 0.8132809999999999 0.324219 0.821875 0.325781 0.8382809999999999 0.324219 0.8414059999999999 0.322656 0.848438 0.310937 0.8492190000000001 0.30625 0.846875 0.303906 0.834375 0.298438