1 0.8421879999999999 0.215625 0.8414059999999999 0.233594 0.847656 0.244531 0.8539059999999999 0.24531200000000003 0.8578129999999999 0.241406 0.8578129999999999 0.235156 0.8601559999999999 0.226562 0.8601559999999999 0.217969 0.8570309999999999 0.211719 0.8523440000000001 0.20703100000000002 0.85 0.20625 0.8453120000000001 0.208594 0.8421879999999999 0.215625
1 0.8054690000000001 0.430469 0.800781 0.428125 0.786719 0.427344 0.7796879999999999 0.42109399999999997 0.776562 0.420312 0.773438 0.415625 0.766406 0.4125 0.765625 0.416406 0.773438 0.42265600000000003 0.775781 0.428125 0.776562 0.435937 0.7796879999999999 0.441406 0.789844 0.444531 0.800781 0.444531 0.8070309999999999 0.446094 0.8132809999999999 0.44531200000000004 0.8140620000000001 0.442969 0.8054690000000001 0.430469
1 0.816406 0.535937 0.8132809999999999 0.54375 0.8140620000000001 0.551562 0.81875 0.550781 0.820312 0.548438 0.8265629999999999 0.547656 0.8304690000000001 0.545312 0.834375 0.538281 0.834375 0.533594 0.825 0.532813 0.816406 0.535937
1 0.8773440000000001 0.572656 0.8617190000000001 0.582031 0.848438 0.582031 0.8460940000000001 0.584375 0.8523440000000001 0.589844 0.865625 0.589844 0.86875 0.592187 0.8742190000000001 0.592969 0.8835940000000001 0.585156 0.8882809999999999 0.575781 0.886719 0.572656 0.8773440000000001 0.572656
1 0.945312 0.542188 0.9367190000000001 0.552344 0.9351559999999999 0.564063 0.9320309999999999 0.567969 0.93125 0.572656 0.9359379999999999 0.579688 0.9359379999999999 0.595313 0.939063 0.601562 0.941406 0.599219 0.945312 0.58125 0.9445309999999999 0.570312 0.953125 0.558594 0.9554690000000001 0.550781 0.9554690000000001 0.540625 0.9523440000000001 0.538281 0.95 0.538281 0.945312 0.542188
1 0.914062 0.46953100000000003 0.9078120000000001 0.470313 0.898438 0.477344 0.89375 0.482812 0.8921870000000001 0.4875 0.8875 0.48359399999999997 0.8804690000000001 0.48125 0.863281 0.48125 0.85625 0.484375 0.84375 0.49375 0.8429690000000001 0.498437 0.8445309999999999 0.5 0.8539059999999999 0.500781 0.8835940000000001 0.498437 0.8914059999999999 0.501563 0.8960940000000001 0.507812 0.902344 0.50625 0.9 0.501563 0.9039059999999999 0.489844 0.90625 0.486719 0.9054690000000001 0.482031 0.9085940000000001 0.477344 0.9148440000000001 0.475781 0.921875 0.477344 0.9242190000000001 0.474219 0.9195309999999999 0.471094 0.914062 0.46953100000000003
1 0.572656 0.521094 0.567969 0.511719 0.559375 0.501563 0.560156 0.49375 0.558594 0.491406 0.548438 0.490625 0.540625 0.494531 0.532813 0.49375 0.525781 0.490625 0.521094 0.491406 0.520313 0.494531 0.526562 0.50625 0.53125 0.507812 0.545312 0.507812 0.548438 0.510938 0.554688 0.524219 0.560156 0.529687 0.567969 0.535156 0.571094 0.532813 0.573437 0.526563 0.572656 0.521094
1 0.744531 0.702344 0.738281 0.689844 0.738281 0.685156 0.733594 0.682031 0.721094 0.678906 0.711719 0.672656 0.705469 0.665625 0.703906 0.665625 0.702344 0.667188 0.702344 0.671094 0.707813 0.680469 0.711719 0.685156 0.71875 0.6875 0.724219 0.692187 0.726562 0.698438 0.729687 0.702344 0.733594 0.713281 0.735938 0.716406 0.740625 0.715625 0.74375 0.709375 0.744531 0.702344
1 0.7640629999999999 0.601562 0.7640629999999999 0.607031 0.7625 0.611719 0.759375 0.614844 0.759375 0.621875 0.763281 0.621094 0.764844 0.61875 0.767969 0.617969 0.778125 0.6125 0.784375 0.60625 0.785938 0.598437 0.783594 0.594531 0.775781 0.5875 0.772656 0.589844 0.7640629999999999 0.601562
2 1 0.932813 0.9976559999999999 0.932813 0.988281 0.9242190000000001 0.9867190000000001 0.9164059999999999 0.9820309999999999 0.915625 0.979687 0.91875 0.979687 0.923438 0.9851559999999999 0.9320309999999999 0.990625 0.935937 1 0.9375 1 0.932813
1 0.152422 0.249531 0.14375 0.258594 0.124219 0.259375 0.11640600000000001 0.263281 0.115625 0.267969 0.11953100000000001 0.27031299999999997 0.12734399999999998 0.271875 0.154687 0.271094 0.157031 0.267969 0.152969 0.256172 0.159609 0.2425 0.152422 0.249531
1 0.157031 0.3125 0.154687 0.310156 0.146875 0.310937 0.14375 0.314844 0.14296899999999998 0.324219 0.14375 0.329688 0.147656 0.336719 0.160937 0.346094 0.16953100000000002 0.349219 0.17421899999999998 0.349219 0.173438 0.341406 0.157031 0.3125
1 0.32031200000000004 0.275 0.309375 0.271094 0.299219 0.271094 0.3 0.277344 0.307813 0.285156 0.325781 0.289844 0.328125 0.28906200000000004 0.328125 0.282813 0.32031200000000004 0.275
1 0.317969 0.140625 0.3125 0.133594 0.309375 0.120313 0.300781 0.1125 0.28906200000000004 0.10703100000000002 0.278125 0.10625 0.274219 0.10703100000000002 0.272656 0.108594 0.27343799999999996 0.115625 0.276563 0.11953100000000001 0.291406 0.12734399999999998 0.3 0.128125 0.303906 0.13671899999999998 0.308594 0.14296899999999998 0.317187 0.146875 0.322656 0.146875 0.321094 0.142187 0.317969 0.140625
1 0.5375 0.126562 0.535156 0.121875 0.529687 0.117188 0.520313 0.11484399999999999 0.507031 0.109375 0.501563 0.109375 0.5 0.110937 0.502344 0.115625 0.513281 0.12734399999999998 0.524219 0.133594 0.528906 0.134375 0.532813 0.1375 0.536719 0.135156 0.538281 0.132031 0.5375 0.126562
1 0.49375 0.22109399999999998 0.49375 0.2125 0.491406 0.20781299999999997 0.485938 0.201563 0.48359399999999997 0.19375 0.479688 0.18984399999999998 0.477344 0.18515600000000002 0.46796899999999997 0.176563 0.464063 0.176563 0.463281 0.182031 0.46796899999999997 0.197656 0.46796899999999997 0.203906 0.466406 0.209375 0.471094 0.213281 0.479688 0.21640600000000002 0.482031 0.220312 0.482031 0.225 0.48359399999999997 0.226562 0.48359399999999997 0.228906 0.488281 0.23046899999999998 0.490625 0.228125 0.49375 0.22109399999999998
1 0.677344 0.0625 0.671094 0.064062 0.669531 0.067187 0.661719 0.075 0.657813 0.075781 0.654687 0.071094 0.651562 0.071094 0.65 0.072656 0.652344 0.073438 0.653906 0.076563 0.657813 0.078906 0.657813 0.080469 0.660938 0.08125 0.664844 0.084375 0.671875 0.085156 0.68125 0.082812 0.689063 0.073438 0.689844 0.067187 0.685156 0.064062 0.677344 0.0625
2 0.81875 0.130469 0.8132809999999999 0.13671899999999998 0.80625 0.139844 0.80625 0.151562 0.8132809999999999 0.15234399999999998 0.816406 0.15 0.817188 0.145313 0.825 0.13671899999999998 0.8273440000000001 0.129688 0.8265629999999999 0.120313 0.821875 0.123438 0.81875 0.130469
2 0.815781 0.11953100000000001 0.8023440000000001 0.118516 0.796094 0.11796899999999999 0.7971090000000001 0.123359 0.80625 0.12429699999999999 0.8125 0.125 0.8148440000000001 0.123438 0.81875 0.125781 0.8210940000000001 0.123438 0.8191409999999999 0.120156 0.815781 0.11953100000000001
2 0.528125 0.714844 0.515625 0.714063 0.500781 0.707812 0.498437 0.705469 0.496875 0.70625 0.496875 0.711719 0.503125 0.720313 0.511719 0.722656 0.51875 0.728125 0.525781 0.728125 0.532813 0.725781 0.534375 0.723437 0.533594 0.71875 0.528125 0.714844
1 0.646875 0.42265600000000003 0.639844 0.421875 0.635156 0.423438 0.636719 0.428125 0.635937 0.432031 0.6375 0.432031 0.640625 0.435937 0.639844 0.439844 0.64375 0.44531200000000004 0.657031 0.451562 0.6625 0.451562 0.653906 0.43281200000000003 0.646875 0.42265600000000003
1 0.646172 0.40218699999999996 0.6475 0.394453 0.642188 0.38593700000000003 0.640625 0.376563 0.640234 0.372188 0.638281 0.36875 0.6375 0.373437 0.635234 0.37742200000000004 0.634844 0.382031 0.635156 0.3875 0.633594 0.390625 0.628906 0.394531 0.628906 0.403125 0.630469 0.407813 0.638281 0.414844 0.643906 0.41648399999999997 0.6425 0.41234400000000004 0.6443749999999999 0.40742200000000006 0.646172 0.40218699999999996
1 0.9070309999999999 0.282813 0.8890629999999999 0.282813 0.890625 0.2875 0.895312 0.292969 0.903125 0.29765600000000003 0.9085940000000001 0.29765600000000003 0.9164059999999999 0.295312 0.915625 0.291406 0.9070309999999999 0.282813