1 0.8617190000000001 0.148438 0.854688 0.15 0.845313 0.155469 0.838281 0.166406 0.832812 0.166406 0.825 0.169531 0.8257809999999999 0.171875 0.8304690000000001 0.173437 0.8257809999999999 0.178906 0.826562 0.192969 0.823438 0.195312 0.814063 0.195312 0.8101559999999999 0.189844 0.808594 0.194531 0.800781 0.20078100000000002 0.800781 0.204687 0.796875 0.208594 0.8 0.213281 0.8125 0.21640600000000002 0.816406 0.22109399999999998 0.8257809999999999 0.22343799999999997 0.833594 0.217969 0.8375 0.220312 0.8429689999999999 0.220312 0.851562 0.213281 0.8507809999999999 0.208594 0.8460940000000001 0.202344 0.8375 0.201563 0.832812 0.196094 0.838281 0.189062 0.8414059999999999 0.189062 0.849219 0.178906 0.859375 0.161719 0.8601560000000001 0.154688 0.8625 0.150781
0 0.9929690000000001 0.276562 0.989844 0.275781 0.978125 0.280469 0.9382810000000001 0.302344 0.925 0.313281 0.910937 0.308594 0.901563 0.309375 0.895312 0.313281 0.896094 0.321875 0.901563 0.327344 0.904687 0.335938 0.90625 0.350781 0.910937 0.370312 0.910937 0.389062 0.9132809999999999 0.4 0.916406 0.400781 0.9210939999999999 0.396875 0.927344 0.386719 0.934375 0.366406 0.9351559999999999 0.358594 0.94375 0.357812 0.946875 0.353906 0.946875 0.336719 0.940625 0.322656 0.9539060000000001 0.3125 0.963281 0.307812 0.9867190000000001 0.2875 0.99375 0.279687
2 0.744531 0.8414059999999999 0.739844 0.839844 0.716406 0.84375 0.702344 0.848437 0.689844 0.855469 0.676562 0.857812 0.667188 0.865625 0.673438 0.873437 0.68125 0.871875 0.694531 0.864844 0.705469 0.864062 0.727344 0.854688 0.742188 0.8460940000000001
2 0.166406 0.079687 0.161719 0.080469 0.144531 0.098437 0.139063 0.10703100000000002 0.134375 0.129688 0.134375 0.139844 0.139063 0.139844 0.14375 0.121875 0.159375 0.095312 0.164844 0.089063
0 0.414844 0.8257809999999999 0.415625 0.8304690000000001 0.428125 0.840625 0.43125 0.845313 0.46953100000000003 0.8726559999999999 0.470313 0.8773440000000001 0.482812 0.885156 0.503906 0.8898439999999999 0.521875 0.8898439999999999 0.546875 0.8875 0.563281 0.88125 0.563281 0.876563 0.548438 0.864844 0.526563 0.857812 0.513281 0.85625 0.478906 0.864844 0.47968700000000003 0.855469 0.477344 0.849219 0.471094 0.842187 0.459375 0.834375 0.433594 0.8257809999999999 0.415625 0.824219
0 0.178125 0.303906 0.172656 0.310156 0.166406 0.313281 0.149219 0.340625 0.146094 0.349219 0.146094 0.354687 0.151562 0.35625 0.151562 0.361719 0.146094 0.376563 0.146094 0.380469 0.148438 0.382031 0.154688 0.382031 0.160938 0.379688 0.175 0.365625 0.175781 0.358594 0.174219 0.35625 0.160938 0.353906 0.160156 0.351562 0.169531 0.342187 0.178906 0.324219 0.180469 0.307031
0 0.346875 0.742188 0.345313 0.740625 0.340625 0.740625 0.335938 0.742969 0.301563 0.778125 0.288281 0.786719 0.278906 0.796875 0.259375 0.796875 0.255469 0.795312 0.225781 0.8039059999999999 0.215625 0.809375 0.198437 0.8132810000000001 0.189062 0.81875 0.189062 0.8273439999999999 0.2 0.832031 0.208594 0.833594 0.233594 0.833594 0.254688 0.826562 0.264844 0.815625 0.282813 0.816406 0.2875 0.8148440000000001 0.291406 0.80625 0.310937 0.798438 0.329688 0.780469 0.34375 0.757031
0 0.414844 0.717187 0.404687 0.711719 0.382031 0.710156 0.38125 0.708594 0.386719 0.703906 0.392969 0.685156 0.389844 0.682031 0.375781 0.684375 0.360156 0.691406 0.305469 0.723437 0.296875 0.732812 0.292969 0.739844 0.271875 0.745313 0.23906299999999997 0.763281 0.235937 0.767969 0.249219 0.76875 0.251563 0.767188 0.272656 0.764844 0.292969 0.757031 0.296094 0.753906 0.298438 0.747656 0.317188 0.747656 0.349219 0.738281 0.361719 0.738281 0.373437 0.735938 0.409375 0.725 0.414844 0.721094
0 0.192188 0.833594 0.185938 0.834375 0.18125 0.840625 0.16875 0.878125 0.165625 0.882812 0.164062 0.8914060000000001 0.164844 0.896094 0.171094 0.901563 0.172656 0.90625 0.172656 0.917969 0.170313 0.926562 0.166406 0.9710940000000001 0.170313 0.973437 0.173437 0.96875 0.177344 0.9757809999999999 0.182031 0.9757809999999999 0.194531 0.94375 0.196094 0.9351559999999999 0.195312 0.9148440000000001 0.189844 0.902344 0.182812 0.896875 0.182812 0.894531 0.194531 0.882812 0.202344 0.865625 0.201563 0.860938 0.199219 0.8625 0.195312 0.860938 0.195312 0.8375
0 0.11484399999999999 0.40703100000000003 0.1125 0.4125 0.11953100000000001 0.435937 0.1375 0.465625 0.147656 0.488281 0.152344 0.494531 0.15 0.503906 0.150781 0.516406 0.147656 0.536719 0.147656 0.549219 0.151562 0.55 0.1625 0.528906 0.167969 0.510938 0.167187 0.501563 0.160938 0.490625 0.166406 0.484375 0.16875 0.478125 0.169531 0.461719 0.165625 0.45781299999999997 0.157812 0.43671899999999997 0.149219 0.42656299999999997 0.135937 0.416406
0 0.132812 0.297656 0.135156 0.301563 0.165625 0.3125 0.175 0.309375 0.178125 0.303125 0.18125 0.315625 0.197656 0.326562 0.196875 0.330469 0.215625 0.342969 0.226562 0.346875 0.24531200000000003 0.347656 0.257031 0.35 0.260156 0.347656 0.260156 0.34375 0.253906 0.329688 0.28125 0.322656 0.282813 0.317969 0.273438 0.316406 0.251563 0.316406 0.24375 0.317969 0.217188 0.317188 0.20703100000000002 0.31875 0.20625 0.309375 0.199219 0.301563 0.185156 0.294531 0.1625 0.290625 0.148438 0.290625 0.1375 0.29375
0 0.130469 0.728125 0.128125 0.73125 0.130469 0.741406 0.146094 0.758594 0.153906 0.775781 0.161719 0.783594 0.161719 0.792188 0.169531 0.800781 0.186719 0.828125 0.192969 0.848437 0.19375 0.8601560000000001 0.196094 0.863281 0.201563 0.863281 0.20546899999999998 0.857812 0.210938 0.8367190000000001 0.209375 0.833594 0.194531 0.8304690000000001 0.190625 0.8257809999999999 0.190625 0.820312 0.195312 0.815625 0.20703100000000002 0.810937 0.20703100000000002 0.80625 0.204687 0.801562 0.191406 0.788281 0.175 0.782813 0.169531 0.782813 0.16875 0.776563 0.173437 0.764844 0.171875 0.751563 0.163281 0.732812 0.157031 0.726562 0.153906 0.725 0.144531 0.725
1 0.575781 0.665625 0.582812 0.724219 0.582031 0.740625 0.583594 0.74375 0.588281 0.744531 0.602344 0.721875 0.603125 0.713281 0.598437 0.692969 0.59375 0.68125 0.580469 0.666406
0 0.204687 0.66875 0.202344 0.666406 0.194531 0.666406 0.167187 0.673438 0.136719 0.685156 0.120313 0.700781 0.117188 0.705469 0.115625 0.714063 0.107813 0.720313 0.098437 0.713281 0.092188 0.711719 0.061719 0.713281 0.05 0.716406 0.0375 0.722656 0.025 0.733594 0.024219 0.7375 0.035156 0.739062 0.064844 0.735156 0.096875 0.735156 0.105469 0.732031 0.11171899999999998 0.726562 0.142187 0.725781 0.178125 0.71875 0.180469 0.717187 0.176563 0.7125 0.178125 0.709375 0.189844 0.699219 0.201563 0.682813 0.20546899999999998 0.674219
0 0.544531 0.025781 0.539062 0.025 0.529687 0.029687 0.527344 0.027344 0.516406 0 0.50625 0 0.505469 0.019531 0.507812 0.036719 0.500781 0.039844 0.486719 0.041406 0.471094 0.051562 0.470313 0.057031 0.5 0.057813 0.51875 0.0625 0.5375 0.047656 0.545312 0.029687
1 0.8 0 0.778125 0 0.774219 0.016406 0.771094 0.042188 0.759375 0.067969 0.759375 0.072656 0.771875 0.072656 0.782031 0.06875 0.808984 0.058516 0.777344 0.060937 0.782031 0.057813 0.789844 0.047656 0.799219 0.01875
1 0.289844 0.051562 0.285938 0.053905999999999996 0.282813 0.060156 0.285938 0.076563 0.310156 0.099219 0.314844 0.1 0.31875 0.092969 0.319531 0.078906 0.315625 0.070312 0.307812 0.064062 0.324219 0.063281 0.330469 0.061719 0.33125 0.059375 0.317188 0.053905999999999996
0 0.254688 0.029687 0.279687 0.030469000000000003 0.290625 0.028905999999999998 0.296094 0.03125 0.308594 0.032813 0.321875 0.03125 0.326562 0.035937 0.338281 0.035156 0.366406 0.025781 0.375781 0.017969 0.378906 0.009375 0.374219 0.007031 0.365625 0.00625 0.369531 0.002344 0.369531 0 0.357812 0 0.357031 0.002344 0.344531 0.007812000000000001 0.336719 0.014844 0.332031 0.016406 0.328906 0.007031 0.323437 0.002344 0.321094 0.002344 0.320312 0 0.301563 0 0.300781 0.002344 0.289062 0.005469 0.263281 0.01875 0.255469 0.025781
0 0.128125 0.047656 0.125 0.047656 0.121094 0.050781 0.11875 0.057031 0.11796900000000002 0.067187 0.10703100000000002 0.083594 0.10625 0.091406 0.10703100000000002 0.09375 0.110937 0.095312 0.105469 0.098437 0.104688 0.110156 0.095312 0.132812 0.096875 0.1375 0.110937 0.146094 0.115625 0.146094 0.124219 0.136719 0.129688 0.124219 0.129688 0.110937 0.126562 0.10234400000000002 0.13125 0.10078099999999998 0.13125 0.097656 0.127344 0.092969 0.121875 0.092188 0.135937 0.075 0.138281 0.065625
0 0.253906 0.21640600000000002 0.2375 0.20703100000000002 0.22968700000000003 0.204687 0.202344 0.204687 0.188281 0.210156 0.178125 0.21640600000000002 0.170313 0.22968700000000003 0.165625 0.224219 0.164062 0.219531 0.155469 0.21406200000000003 0.149219 0.2125 0.132812 0.2125 0.113281 0.21875 0.096875 0.226562 0.088281 0.234375 0.086719 0.240625 0.091406 0.248438 0.103125 0.249219 0.149219 0.23828100000000002 0.1625 0.2375 0.169531 0.232813 0.188281 0.23671899999999998 0.197656 0.235937 0.210156 0.232813 0.221875 0.226562 0.249219 0.22109399999999998
0 0.161719 0.053125 0.160156 0.06875 0.161719 0.083594 0.165625 0.088281 0.159375 0.110156 0.157812 0.126562 0.153906 0.134375 0.153906 0.139844 0.155469 0.140625 0.161719 0.139063 0.170313 0.130469 0.178125 0.113281 0.178906 0.095312 0.170313 0.0875 0.175078 0.087109 0.180078 0.080859 0.182031 0.077344 0.185938 0.069531 0.193359 0.045 0.182812 0.064062 0.177344 0.074219 0.175781 0.06875 0.172656 0.065625 0.171094 0.05625
0 0.753125 0.075781 0.75 0.075781 0.741406 0.088281 0.735938 0.085938 0.728906 0.078906 0.719531 0.070781 0.724219 0.083594 0.729688 0.1 0.730469 0.107813 0.739062 0.11953100000000001 0.742969 0.127344 0.74375 0.133594 0.749219 0.132031 0.752344 0.126562 0.75625 0.127344 0.761719 0.121094 0.769531 0.117188 0.778203 0.11023399999999998 0.783594 0.105469 0.794375 0.099453 0.8094529999999999 0.087031 0.78875 0.097266 0.780156 0.103047 0.767188 0.107813 0.764844 0.110156 0.760156 0.110937 0.760938 0.091406 0.75625 0.078125
1 0.9367189999999999 0.096094 0.935937 0.10078099999999998 0.954688 0.114062 0.964844 0.124219 0.9679689999999999 0.125 0.970313 0.12265600000000002 0.968437 0.10148399999999999 0.957969 0.092656 0.985781 0.055937 0.953828 0.085078 0.9445309999999999 0.091406
1 0.284375 0.544531 0.275781 0.541406 0.266406 0.541406 0.259375 0.544531 0.242969 0.544531 0.233594 0.548438 0.233594 0.553125 0.24375 0.559375 0.252344 0.561719 0.2625 0.561719 0.271875 0.557031
0 0.2875 0.523438 0.285938 0.527344 0.285938 0.55625 0.292187 0.599219 0.299219 0.608594 0.307031 0.607812 0.309375 0.604688 0.314063 0.603125 0.325781 0.613281 0.340625 0.629687 0.344531 0.629687 0.345313 0.624219 0.339062 0.601562 0.334375 0.594531 0.325781 0.589063 0.33125 0.573438 0.33125 0.564063 0.328906 0.564063 0.324219 0.572656 0.31875 0.578125 0.317188 0.575781 0.316406 0.560156 0.310156 0.542969 0.296875 0.525781 0.292969 0.523438
0 0.054688 0.567969 0.054688 0.572656 0.060937 0.588281 0.061719 0.596094 0.064844 0.6 0.069531 0.620313 0.076563 0.635156 0.078125 0.647656 0.082031 0.653906 0.086719 0.657031 0.104688 0.657031 0.139844 0.660937 0.159375 0.660937 0.165625 0.658594 0.161719 0.655469 0.132031 0.646094 0.11484399999999999 0.64375 0.113281 0.639062 0.11953100000000001 0.627344 0.11953100000000001 0.622656 0.113281 0.627344 0.10234400000000002 0.641406 0.09375 0.644531 0.092188 0.642969 0.099219 0.627344 0.098437 0.615625 0.09375 0.599219 0.086719 0.588281 0.075781 0.577344 0.064062 0.569531 0.057813 0.567187