2 0 0.28125 0.0039059999999999997 0.28046899999999997 0.027344 0.26640600000000003 0.032812999999999995 0.258594 0.036719 0.25625 0.035937000000000004 0.253125 0.034375 0.251563 0.019531 0.253125 0.010938 0.25781200000000004 0.0015630000000000002 0.267969 0 0.267969 0 0.28125
2 0.121875 0.672656 0.128125 0.678125 0.135156 0.68125 0.142188 0.68125 0.146094 0.679688 0.149219 0.675 0.149219 0.669531 0.146875 0.665625 0.142188 0.660937 0.12890600000000002 0.653125 0.11484399999999999 0.642188 0.113281 0.644531 0.113281 0.647656 0.121875 0.672656
2 0.441406 0.336719 0.449219 0.340625 0.450781 0.34296899999999997 0.460156 0.349219 0.464844 0.350781 0.46796899999999997 0.35 0.467187 0.34453100000000003 0.461719 0.333594 0.454688 0.325781 0.45390600000000003 0.32343700000000003 0.441406 0.31171899999999997 0.428125 0.30468799999999996 0.41875 0.305469 0.4125 0.309375 0.413281 0.314844 0.43125 0.326562 0.441406 0.336719
2 0.496094 0.167187 0.497656 0.171094 0.500781 0.171094 0.50625 0.16875 0.509375 0.163281 0.508594 0.15234399999999998 0.504688 0.145313 0.503125 0.14453100000000002 0.49921899999999997 0.146094 0.497656 0.150781 0.496094 0.167187
2 0.409375 0.039062 0.402344 0.046094 0.396094 0.05 0.3875 0.065625 0.3875 0.06875 0.389062 0.071094 0.4 0.071875 0.40546899999999997 0.070312 0.410937 0.067187 0.417969 0.060156 0.425781 0.049219 0.434375 0.032031 0.43828100000000003 0.01875 0.43828100000000003 0.010156 0.435156 0.009375 0.419531 0.025781 0.409375 0.039062
1 0.910156 0.139844 0.8882809999999999 0.182812 0.8804690000000001 0.2 0.8773440000000001 0.210156 0.8773440000000001 0.215625 0.8820309999999999 0.22109399999999998 0.8835940000000001 0.228906 0.886719 0.232813 0.895312 0.235156 0.901563 0.242969 0.9030469999999999 0.249219 0.909609 0.26375000000000004 0.909375 0.24531200000000003 0.9067970000000001 0.236797 0.9039059999999999 0.23125 0.9007809999999999 0.224219 0.898438 0.22343799999999997 0.896875 0.22109399999999998 0.8929690000000001 0.221875 0.8875 0.217188 0.8921870000000001 0.21640600000000002 0.9007809999999999 0.211719 0.910156 0.203906 0.917188 0.194531 0.925 0.178906 0.9273440000000001 0.171094 0.929688 0.151562 0.928125 0.121875 0.9242190000000001 0.12265600000000002 0.9164059999999999 0.130469 0.910156 0.139844
2 0.775781 0.314844 0.7515620000000001 0.325781 0.746875 0.330469 0.745312 0.334375 0.753906 0.33593799999999996 0.766406 0.333594 0.775781 0.329688 0.8023440000000001 0.310156 0.8054690000000001 0.307031 0.8070309999999999 0.302344 0.8 0.30156299999999997 0.785938 0.30781200000000003 0.775781 0.314844
2 0.8375 0.603906 0.8445309999999999 0.607031 0.8507809999999999 0.6125 0.858125 0.6157809999999999 0.862969 0.618906 0.86875 0.621875 0.882109 0.629687 0.898125 0.636094 0.888672 0.6260939999999999 0.878125 0.617188 0.8742190000000001 0.615625 0.871875 0.6125 0.8648440000000001 0.610156 0.847656 0.596875 0.8421879999999999 0.596094 0.8421879999999999 0.591406 0.8382809999999999 0.592187 0.834375 0.585938 0.8289059999999999 0.586719 0.8296870000000001 0.594531 0.8367190000000001 0.601562 0.8375 0.603906
1 0.720313 0.677344 0.708594 0.675547 0.70375 0.6767190000000001 0.701719 0.683906 0.707031 0.685937 0.713281 0.690625 0.730391 0.698906 0.720781 0.686562 0.738281 0.685937 0.752344 0.682031 0.760156 0.68125 0.764844 0.678906 0.7748440000000001 0.67375 0.738281 0.672656 0.728125 0.674219 0.720313 0.677344
2 0.9523440000000001 0.9351559999999999 0.953125 0.973437 0.957812 0.9914059999999999 0.9601559999999999 0.995313 0.964063 0.996094 0.967187 0.964844 0.9710940000000001 0.9507809999999999 0.9710940000000001 0.9320309999999999 0.9695309999999999 0.923438 0.9664059999999999 0.917188 0.959375 0.9125 0.953125 0.9125 0.951562 0.914062 0.9507809999999999 0.9210940000000001 0.9523440000000001 0.9351559999999999
2 0.549219 0.771875 0.552344 0.7875 0.552344 0.794531 0.554688 0.8023440000000001 0.555469 0.8195309999999999 0.557031 0.821875 0.560937 0.81875 0.561719 0.782031 0.560156 0.780469 0.557812 0.767188 0.553906 0.764062 0.544531 0.763281 0.547656 0.764844 0.547656 0.769531 0.549219 0.771875
2 0.515625 0.721875 0.53125 0.739844 0.5375 0.742188 0.539062 0.740625 0.538281 0.735938 0.535156 0.730469 0.533594 0.724219 0.515625 0.696094 0.50625 0.689063 0.500781 0.6875 0.49375 0.6875 0.49218799999999996 0.689844 0.497656 0.704688 0.515625 0.721875
2 0.454688 0.83125 0.450781 0.834375 0.441406 0.835938 0.4375 0.839844 0.4375 0.8445309999999999 0.446484 0.8439059999999999 0.45625 0.837969 0.467187 0.835938 0.46875 0.834375 0.46875 0.829688 0.4625 0.8289059999999999 0.460156 0.8304690000000001 0.454688 0.83125
2 0.591406 0.9789059999999999 0.597656 0.9820309999999999 0.599219 0.984375 0.609375 0.9835940000000001 0.619531 0.9851559999999999 0.626563 0.982812 0.621875 0.978125 0.607031 0.975 0.599219 0.9710940000000001 0.590625 0.9695309999999999 0.585156 0.970313 0.585156 0.9757809999999999 0.588281 0.9789059999999999 0.591406 0.9789059999999999
2 0.1875 0.584375 0.196875 0.589844 0.20078100000000002 0.59375 0.23906200000000002 0.608594 0.24531299999999998 0.607812 0.244531 0.603906 0.240625 0.598437 0.226562 0.584375 0.20546899999999998 0.567969 0.198438 0.565625 0.17968800000000001 0.566406 0.178125 0.567969 0.178125 0.572656 0.18515600000000002 0.577344 0.1875 0.584375
2 0 0.574219 0.0023439999999999997 0.574219 0.010156 0.569531 0.017188000000000002 0.56875 0.049219 0.569531 0.049219 0.563281 0.039844000000000004 0.55625 0.032031 0.552344 0.026562999999999996 0.550781 0.017969 0.550781 0.013281000000000001 0.552344 0.010156 0.557813 0.005469 0.5625 0 0.565625 0 0.574219
2 0.3375 0.570312 0.34453100000000003 0.577344 0.35 0.589063 0.371094 0.608594 0.382031 0.609375 0.385156 0.600781 0.390625 0.596094 0.388281 0.591406 0.38281200000000004 0.588281 0.37578100000000003 0.580469 0.3625 0.575 0.353906 0.56875 0.34375 0.565625 0.342187 0.5625 0.3375 0.5625 0.33593799999999996 0.564844 0.3375 0.567187 0.3375 0.570312
1 0.115625 0.404687 0.12265600000000002 0.40156200000000003 0.125 0.40625 0.129687 0.41093799999999997 0.142188 0.415625 0.16875 0.414844 0.182031 0.411719 0.184375 0.409375 0.184375 0.407813 0.182031 0.40625 0.154687 0.4 0.12890600000000002 0.390625 0.12265600000000002 0.39140600000000003 0.11171899999999998 0.397656 0.10781199999999999 0.39531299999999997 0.10390600000000001 0.39531299999999997 0.099219 0.392188 0.09375 0.392188 0.09375 0.396875 0.10625 0.404687 0.115625 0.404687