1 0.8882809999999999 0.072266 0.8921870000000001 0.062891 0.9195309999999999 0.055078 0.940234 0.035937000000000004 0.948438 0.020703 0.9664059999999999 0.023828 0.966797 0.013281000000000001 0.95625 0.011328000000000001 0.9523440000000001 0.0019529999999999999 0.9203129999999999 0.0019529999999999999 0.918359 0.01875 0.9074220000000001 0.035937000000000004 0.8914059999999999 0.048827999999999996 0.877734 0.052344 0.877734 0.071875 0.8882809999999999 0.072266
1 0.026172 0.234375 0.026172 0.228906 0.030858999999999998 0.226562 0.037108999999999996 0.215625 0.042187999999999996 0.198828 0.06640599999999999 0.198828 0.066797 0.18359399999999998 0.028125 0.183203 0.023047 0.2125 0.015234000000000001 0.21484399999999998 0.015234000000000001 0.234375 0.026172 0.234375
1 0.5746089999999999 0.145313 0.5792970000000001 0.15234399999999998 0.5792970000000001 0.159375 0.589844 0.15976600000000002 0.598047 0.13828100000000002 0.6042970000000001 0.1375 0.6042970000000001 0.083594 0.598438 0.083203 0.5949220000000001 0.075 0.596484 0.057031 0.598438 0.053515999999999994 0.6042970000000001 0.053125 0.603906 0.020703 0.5949220000000001 0.021093999999999998 0.582422 0.042969 0.5792970000000001 0.065625 0.5746089999999999 0.07421900000000001 0.5730470000000001 0.125 0.5746089999999999 0.145313
2 0.449609 0.03125 0.482812 0.062891 0.49023399999999995 0.06640599999999999 0.490625 0.072266 0.504297 0.071875 0.504297 0.047656 0.496484 0.045312000000000005 0.482422 0.017969 0.47304700000000005 0.009375 0.472656 0.0019529999999999999 0.4375 0.0019529999999999999 0.43710899999999997 0.0125 0.449609 0.03125
1 0.9867190000000001 0.759766 0.987109 0.752344 0.9902340000000001 0.749219 0.998047 0.748437 0.9976559999999999 0.7019529999999999 0.982422 0.702344 0.973047 0.742969 0.973047 0.759375 0.9867190000000001 0.759766
2 0.21054699999999998 0.376563 0.23906200000000002 0.40351600000000004 0.257031 0.409766 0.25781200000000004 0.41601600000000005 0.261719 0.41601600000000005 0.26210900000000004 0.410156 0.26640600000000003 0.409766 0.267188 0.41601600000000005 0.275781 0.41601600000000005 0.276172 0.410156 0.285937 0.40039100000000005 0.291797 0.4 0.291797 0.37421899999999997 0.282813 0.373828 0.244531 0.350391 0.2375 0.348828 0.233594 0.339453 0.196875 0.339453 0.196484 0.346875 0.21054699999999998 0.376563
1 0.260156 0.719141 0.269922 0.733594 0.269922 0.740625 0.279297 0.740625 0.279297 0.717969 0.271875 0.7175779999999999 0.266797 0.709375 0.271484 0.696875 0.273047 0.675781 0.26484399999999997 0.6457029999999999 0.255859 0.646094 0.254297 0.696875 0.246484 0.699219 0.246484 0.717187 0.260156 0.719141
1 0.261719 0.653516 0.26210900000000004 0.647656 0.280859 0.634375 0.2875 0.620703 0.298047 0.620313 0.298047 0.607031 0.290625 0.606641 0.282422 0.595313 0.28203100000000003 0.5832029999999999 0.27773400000000004 0.583594 0.27773400000000004 0.589063 0.274609 0.591406 0.274609 0.617188 0.266797 0.63125 0.258594 0.6394529999999999 0.252734 0.639844 0.252734 0.653125 0.261719 0.653516
2 0.325781 0.46601600000000004 0.326562 0.459766 0.33593799999999996 0.45351600000000003 0.341797 0.453125 0.341406 0.42070299999999994 0.332812 0.42070299999999994 0.330859 0.42968799999999996 0.316797 0.44843700000000003 0.30898400000000004 0.449219 0.30898400000000004 0.465625 0.325781 0.46601600000000004
1 0.419531 0.322266 0.423438 0.312891 0.42968799999999996 0.306641 0.435547 0.30625 0.435156 0.283203 0.41679700000000003 0.283594 0.41679700000000003 0.296875 0.40585899999999997 0.308594 0.404297 0.321875 0.419531 0.322266
1 0.693359 0.363281 0.701562 0.376953 0.710547 0.376563 0.710547 0.353906 0.701172 0.35 0.691406 0.326953 0.675 0.326953 0.6730470000000001 0.342187 0.693359 0.363281
1 0.486719 0.43476600000000004 0.49921899999999997 0.423828 0.504297 0.41718700000000003 0.507812 0.40195299999999995 0.530469 0.40351600000000004 0.560156 0.389453 0.573437 0.37851599999999996 0.585156 0.376953 0.585547 0.35859399999999997 0.554688 0.358203 0.552344 0.366016 0.521094 0.381641 0.505469 0.386328 0.49218799999999996 0.386328 0.49179700000000004 0.40625 0.48398399999999997 0.416406 0.47929700000000003 0.42968799999999996 0.471875 0.43164100000000005 0.47148399999999996 0.435937 0.486719 0.43476600000000004
2 0.383984 0.45390600000000003 0.384375 0.459766 0.397656 0.459766 0.39843799999999996 0.45351600000000003 0.404297 0.453125 0.403906 0.370703 0.393359 0.371094 0.385547 0.40625 0.377734 0.408594 0.377734 0.453125 0.383984 0.45390600000000003
1 0.658594 0.716016 0.659375 0.709766 0.682031 0.7066410000000001 0.690625 0.697266 0.709375 0.705078 0.722656 0.705078 0.723047 0.696094 0.695312 0.6863279999999999 0.691406 0.6769529999999999 0.682812 0.6769529999999999 0.6824220000000001 0.682813 0.674219 0.6910160000000001 0.634375 0.703516 0.633984 0.715625 0.658594 0.716016
1 0.617969 0.44726600000000005 0.618359 0.439844 0.623437 0.43476600000000004 0.628906 0.43476600000000004 0.6371089999999999 0.441406 0.6375 0.44726600000000005 0.660156 0.44726600000000005 0.660547 0.424219 0.646875 0.42226600000000003 0.6371089999999999 0.41406200000000004 0.636719 0.408203 0.621875 0.408203 0.618359 0.423438 0.603906 0.43632799999999994 0.596484 0.43671899999999997 0.596484 0.446875 0.617969 0.44726600000000005
1 0.182422 0.1 0.188281 0.101953 0.20781200000000002 0.08007800000000001 0.216797 0.078125 0.216797 0.064844 0.2 0.06445300000000001 0.19921899999999998 0.072266 0.17929699999999998 0.080469 0.17929699999999998 0.089063 0.182422 0.1
1 0.07460900000000001 0.502344 0.07460900000000001 0.517188 0.083984 0.546875 0.091406 0.547266 0.09179699999999999 0.477344 0.07656199999999999 0.47695299999999996 0.068359 0.496875 0.07460900000000001 0.502344
1 0.316797 0 0.314844 0.0035159999999999996 0.29765600000000003 0.011328000000000001 0.27773400000000004 0.014844 0.27773400000000004 0.021875 0.287109 0.036719 0.295312 0.059766 0.299609 0.059375 0.301172 0.048437999999999995 0.298047 0.032031 0.316406 0.023828 0.334375 0.008203 0.341406 0.008203 0.341797 0 0.316797 0
1 0.5324220000000001 0.771875 0.5433589999999999 0.777344 0.544922 0.790625 0.553906 0.791016 0.554297 0.757031 0.546484 0.75625 0.542969 0.7332029999999999 0.530859 0.733594 0.5277339999999999 0.759375 0.5324220000000001 0.771875
1 0.108594 0.21132800000000002 0.120313 0.22539099999999998 0.12734399999999998 0.223828 0.127734 0.211719 0.142188 0.198828 0.14804699999999998 0.198437 0.14804699999999998 0.18359399999999998 0.13125 0.183203 0.130859 0.190625 0.12265600000000002 0.197266 0.11171899999999998 0.201953 0.103125 0.201953 0.10273399999999999 0.210938 0.108594 0.21132800000000002
1 0.711719 0.023828 0.725 0.036328 0.746875 0.048827999999999996 0.779297 0.053125 0.778906 0.044141 0.76875 0.042578 0.736719 0.017578 0.729687 0.016016 0.727344 0.008203 0.703125 0.008203 0.702734 0.023438 0.711719 0.023828
1 0.192187 0.606641 0.210156 0.605078 0.219922 0.598437 0.22265600000000002 0.5925779999999999 0.23593799999999998 0.605078 0.246875 0.609766 0.254297 0.609375 0.254297 0.599219 0.242188 0.5972660000000001 0.229297 0.584375 0.228906 0.5769529999999999 0.210938 0.5769529999999999 0.210156 0.584766 0.192187 0.586328 0.18125 0.5832029999999999 0.180469 0.5769529999999999 0.171875 0.5769529999999999 0.16835899999999998 0.592187 0.192187 0.606641
1 0.664844 0.291016 0.686719 0.306641 0.689063 0.31601599999999996 0.6980470000000001 0.315625 0.6980470000000001 0.29765600000000003 0.692188 0.297266 0.6839839999999999 0.290625 0.690625 0.283203 0.6980470000000001 0.282813 0.697656 0.239453 0.679297 0.239844 0.679297 0.248438 0.6667970000000001 0.2875 0.659375 0.287891 0.658984 0.290625 0.664844 0.291016
2 0.749219 0.091016 0.753125 0.08164099999999999 0.7671870000000001 0.069141 0.773047 0.06875 0.772656 0.045703 0.749609 0.046094 0.749609 0.053125 0.7355470000000001 0.077344 0.7355470000000001 0.090625 0.749219 0.091016
1 0.18515600000000002 0.44570299999999996 0.201172 0.42968799999999996 0.215625 0.40195299999999995 0.241406 0.40195299999999995 0.24179699999999998 0.394531 0.23125 0.392578 0.227344 0.383203 0.20625 0.383203 0.20585900000000001 0.390625 0.187109 0.40546899999999997 0.174609 0.419531 0.171094 0.428516 0.165234 0.428906 0.165234 0.44375 0.18515600000000002 0.44570299999999996
1 0.43710899999999997 0.9132809999999999 0.435547 0.932813 0.44023399999999996 0.942187 0.454688 0.9519529999999999 0.466406 0.9519529999999999 0.466797 0.941406 0.459375 0.941016 0.449609 0.929688 0.449609 0.9242190000000001 0.45429700000000006 0.921875 0.45585899999999996 0.9148440000000001 0.44492200000000004 0.909375 0.444531 0.901953 0.434375 0.901953 0.433984 0.910937 0.43710899999999997 0.9132809999999999
1 0.750781 0.783203 0.774609 0.767188 0.787109 0.746875 0.790625 0.720703 0.81875 0.7332029999999999 0.8289059999999999 0.7332029999999999 0.8292970000000001 0.724219 0.821875 0.7238279999999999 0.797656 0.7082029999999999 0.7828120000000001 0.705078 0.778906 0.695703 0.76875 0.695703 0.769922 0.723437 0.7605470000000001 0.745313 0.743359 0.771094 0.741797 0.78125 0.750781 0.783203
1 0.464844 0.898828 0.47656200000000004 0.909766 0.489062 0.9160159999999999 0.503906 0.917578 0.5261720000000001 0.9398440000000001 0.526562 0.9472659999999999 0.535547 0.946875 0.535547 0.9289059999999999 0.528125 0.9285159999999999 0.505469 0.903516 0.49023399999999995 0.895312 0.489844 0.8894529999999999 0.459375 0.8894529999999999 0.45898399999999995 0.898438 0.464844 0.898828
1 0.447656 0.305078 0.462109 0.290625 0.462109 0.285156 0.467187 0.278516 0.474219 0.276953 0.485938 0.267578 0.49179700000000004 0.267188 0.49179700000000004 0.258594 0.470313 0.258203 0.46796899999999997 0.266016 0.451562 0.270703 0.433984 0.298438 0.42773399999999995 0.299219 0.42773399999999995 0.30625 0.447656 0.305078
1 0.403906 0.255078 0.418359 0.242188 0.421875 0.233203 0.458594 0.230078 0.478906 0.21914099999999997 0.496875 0.20039099999999999 0.504297 0.2 0.504297 0.177344 0.482812 0.176953 0.482031 0.184766 0.420312 0.214453 0.393359 0.24609399999999998 0.391797 0.25468799999999997 0.403906 0.255078
0 0.69375 0.478125 0.686719 0.470313 0.68125 0.466406 0.670312 0.463281 0.657031 0.464844 0.644531 0.47343799999999997 0.644531 0.475781 0.653906 0.4875 0.673438 0.5 0.678125 0.500781 0.685156 0.49531200000000003 0.703906 0.494531 0.70625 0.490625 0.704688 0.485938 0.69375 0.478125
0 0.271875 0.794531 0.271875 0.784375 0.267969 0.769531 0.259375 0.746875 0.252344 0.733594 0.244531 0.728906 0.23906200000000002 0.728125 0.23593799999999998 0.733594 0.23906200000000002 0.753125 0.24843700000000002 0.775781 0.253906 0.796875 0.259375 0.804688 0.26484399999999997 0.80625 0.26875 0.803125 0.271875 0.794531
0 0.37578100000000003 0.75 0.371094 0.745313 0.370313 0.738281 0.35625 0.728906 0.346094 0.71875 0.34375 0.719531 0.341406 0.723437 0.342187 0.733594 0.353125 0.751563 0.369531 0.763281 0.379687 0.764844 0.378906 0.757031 0.37578100000000003 0.75
0 0.372656 0.650781 0.366406 0.639062 0.349219 0.615625 0.340625 0.608594 0.335156 0.608594 0.335156 0.619531 0.357031 0.675 0.3625 0.679688 0.371094 0.675 0.377344 0.674219 0.377344 0.664844 0.372656 0.650781
0 0.490625 0.652344 0.471875 0.635938 0.463281 0.63125 0.454688 0.63125 0.45390600000000003 0.635156 0.47656200000000004 0.664062 0.48515600000000003 0.669531 0.49218799999999996 0.669531 0.49921899999999997 0.663281 0.498437 0.65625 0.490625 0.652344
0 0.79375 0.353906 0.784375 0.349219 0.776562 0.347656 0.771094 0.349219 0.772656 0.357812 0.7828120000000001 0.363281 0.794531 0.37421899999999997 0.799219 0.375 0.8039059999999999 0.371094 0.803125 0.3625 0.79375 0.353906
0 0.596094 0.553125 0.588281 0.554688 0.583594 0.552344 0.569531 0.551562 0.549219 0.544531 0.544531 0.541406 0.521094 0.535937 0.492969 0.534375 0.482812 0.535937 0.472656 0.540625 0.479688 0.55 0.48515600000000003 0.554688 0.495313 0.559375 0.498437 0.564063 0.509375 0.564844 0.521094 0.569531 0.530469 0.569531 0.534375 0.565625 0.545312 0.564844 0.548438 0.559375 0.552344 0.559375 0.58125 0.575 0.592187 0.575781 0.6 0.572656 0.607812 0.561719 0.607031 0.55625 0.596094 0.553125
1 0.18359399999999998 0.907813 0.17578100000000002 0.9054690000000001 0.173438 0.902344 0.16953100000000002 0.90625 0.16875 0.9117190000000001 0.1625 0.921875 0.14375 0.941406 0.139844 0.9507809999999999 0.139062 0.959375 0.14296899999999998 0.960938 0.150781 0.957812 0.16796899999999998 0.94375 0.171094 0.939063 0.177344 0.9164059999999999 0.188281 0.921875 0.20156200000000002 0.921875 0.203906 0.920312 0.202344 0.915625 0.189063 0.9148440000000001 0.18359399999999998 0.907813
2 0.278125 0.814063 0.271875 0.814063 0.267969 0.8125 0.264062 0.80625 0.252344 0.8054690000000001 0.24843700000000002 0.8023440000000001 0.242188 0.80625 0.242969 0.8132809999999999 0.24765600000000002 0.814063 0.26640600000000003 0.83125 0.267188 0.835938 0.277344 0.8257809999999999 0.279687 0.81875 0.278125 0.814063
3 0.450781 0.575 0.439844 0.56875 0.375 0.539844 0.350781 0.525 0.3375 0.524219 0.3375 0.533594 0.335156 0.536719 0.332812 0.536719 0.319531 0.525 0.307031 0.517969 0.2875 0.503125 0.279687 0.49921899999999997 0.271875 0.500781 0.275 0.510156 0.302344 0.542969 0.314063 0.550781 0.347656 0.564063 0.353125 0.574219 0.35859399999999997 0.579688 0.360938 0.585938 0.373437 0.59375 0.380469 0.600781 0.383594 0.599219 0.383594 0.595313 0.376563 0.5875 0.373437 0.580469 0.366406 0.574219 0.365625 0.571094 0.367969 0.56875 0.372656 0.569531 0.392188 0.582031 0.419531 0.592187 0.44531200000000004 0.589063 0.45390600000000003 0.582031 0.45390600000000003 0.578906 0.450781 0.575
0 0.646875 0.360938 0.634375 0.346875 0.580469 0.310156 0.5625 0.30156299999999997 0.557031 0.295312 0.549219 0.292969 0.541406 0.28203100000000003 0.538281 0.283594 0.5375 0.291406 0.546875 0.3125 0.553125 0.315625 0.559375 0.325 0.571094 0.33593799999999996 0.608594 0.3625 0.642188 0.378125 0.649219 0.37578100000000003 0.65 0.372656 0.646875 0.360938
1 0.650781 0.464844 0.646094 0.45781299999999997 0.6375 0.455469 0.622656 0.459375 0.616406 0.46406200000000003 0.615625 0.46796899999999997 0.622656 0.471094 0.646875 0.471875 0.653125 0.46796899999999997 0.665625 0.46875 0.677344 0.466406 0.663281 0.463281 0.650781 0.464844
1 0.672656 0.574219 0.670312 0.572656 0.670312 0.570312 0.664844 0.575 0.639844 0.575 0.626563 0.569531 0.622656 0.577344 0.623437 0.595313 0.628125 0.601562 0.632812 0.602344 0.639062 0.596094 0.633594 0.592969 0.632812 0.588281 0.634375 0.586719 0.642969 0.590625 0.671875 0.5875 0.6875 0.580469 0.691406 0.575 0.686719 0.571875 0.672656 0.574219
1 0.609375 0.69375 0.601562 0.670312 0.588281 0.648438 0.580469 0.642188 0.576562 0.642969 0.573437 0.646094 0.572656 0.651563 0.578125 0.669531 0.585938 0.6875 0.607031 0.725 0.611719 0.725 0.6125 0.71875 0.609375 0.69375
1 0.575781 0.685156 0.572656 0.678906 0.575 0.664062 0.571875 0.653906 0.56875 0.657813 0.557812 0.663281 0.553125 0.672656 0.550781 0.674219 0.555469 0.679688 0.560156 0.682031 0.561719 0.690625 0.567969 0.701562 0.572656 0.704688 0.575 0.703125 0.575781 0.685156
1 0.601562 0.8070309999999999 0.601562 0.794531 0.599219 0.792969 0.597656 0.784375 0.592969 0.778125 0.592187 0.774219 0.5875 0.774219 0.586719 0.791406 0.589844 0.828125 0.592969 0.8375 0.598438 0.84375 0.603906 0.842187 0.603906 0.8132809999999999 0.601562 0.8070309999999999
3 0.870312 0.590625 0.8570309999999999 0.595313 0.85 0.607031 0.8414059999999999 0.616406 0.8335940000000001 0.620313 0.8289059999999999 0.620313 0.8101559999999999 0.652344 0.79375 0.671094 0.7671870000000001 0.689844 0.773438 0.69375 0.782031 0.696094 0.7984370000000001 0.694531 0.8148440000000001 0.686719 0.8304690000000001 0.671094 0.8335940000000001 0.671875 0.8382809999999999 0.68125 0.8421879999999999 0.682813 0.8460940000000001 0.678906 0.8523440000000001 0.657031 0.8578129999999999 0.652344 0.8617190000000001 0.642969 0.8570309999999999 0.63125 0.8578129999999999 0.628125 0.86875 0.621094 0.878906 0.607812 0.8875 0.585156 0.886719 0.579688 0.878125 0.579688 0.870312 0.590625
1 0.914062 0.510938 0.898438 0.516406 0.8914059999999999 0.516406 0.8890629999999999 0.521875 0.8921870000000001 0.550781 0.896875 0.542188 0.9 0.525 0.9164059999999999 0.528906 0.9320309999999999 0.521094 0.949219 0.50625 0.957031 0.49375 0.959375 0.485938 0.9507809999999999 0.488281 0.914062 0.510938
2 0.982812 0.583594 0.971875 0.566406 0.959375 0.530469 0.954688 0.528906 0.949219 0.535156 0.9476559999999999 0.540625 0.9476559999999999 0.553906 0.9507809999999999 0.564844 0.9625 0.583594 0.978125 0.595313 0.982812 0.596875 0.9851559999999999 0.59375 0.982812 0.583594
1 0.8578129999999999 0.413281 0.8367190000000001 0.39843799999999996 0.8304690000000001 0.392188 0.8289059999999999 0.388281 0.8109379999999999 0.384375 0.80625 0.385156 0.8054690000000001 0.389062 0.809375 0.396094 0.817188 0.39843799999999996 0.8523440000000001 0.42265600000000003 0.8601559999999999 0.42656299999999997 0.865625 0.42656299999999997 0.865625 0.42265600000000003 0.8578129999999999 0.413281
2 0.786719 0.180469 0.780469 0.185938 0.778906 0.190625 0.78125 0.192969 0.784375 0.192969 0.792187 0.18984399999999998 0.8070309999999999 0.189062 0.8226559999999999 0.192969 0.824219 0.188281 0.8109379999999999 0.18125 0.786719 0.180469
3 0.710938 0.239844 0.708594 0.208594 0.703125 0.189062 0.703906 0.172656 0.701562 0.149219 0.695312 0.135156 0.683594 0.124219 0.672656 0.11875 0.674219 0.098437 0.671875 0.08984400000000001 0.658594 0.07421900000000001 0.632812 0.038280999999999996 0.625 0.032031 0.61875 0.03125 0.619531 0.045312000000000005 0.628125 0.064062 0.63125 0.075781 0.639062 0.084375 0.642188 0.092188 0.646875 0.096094 0.664844 0.124219 0.669531 0.124219 0.678906 0.1375 0.677344 0.140625 0.6625 0.135156 0.659375 0.135937 0.657031 0.140625 0.657813 0.15390600000000002 0.669531 0.185938 0.674219 0.20781299999999997 0.678125 0.215625 0.684375 0.2375 0.694531 0.253125 0.701562 0.258594 0.704688 0.25625 0.710938 0.239844
0 0.871875 0.878125 0.8578129999999999 0.873437 0.839062 0.870313 0.801563 0.8585940000000001 0.799219 0.860938 0.803125 0.8773440000000001 0.801563 0.8851559999999999 0.789844 0.8976559999999999 0.769531 0.9125 0.766406 0.917188 0.76875 0.91875 0.778125 0.917969 0.797656 0.910937 0.807812 0.901563 0.8148440000000001 0.8820309999999999 0.8382809999999999 0.892188 0.8578129999999999 0.8976559999999999 0.885938 0.896875 0.896875 0.890625 0.901563 0.8835940000000001 0.898438 0.88125 0.871875 0.878125
0 0.42109399999999997 0.792969 0.409375 0.778906 0.396094 0.75625 0.3875 0.735938 0.38125 0.730469 0.37578100000000003 0.732031 0.371875 0.735938 0.371094 0.745313 0.377344 0.755469 0.38281200000000004 0.769531 0.395312 0.785937 0.40625 0.796094 0.420312 0.801562 0.42265600000000003 0.799219 0.42109399999999997 0.792969
0 0.310937 0.278906 0.307031 0.275781 0.30625 0.271094 0.300781 0.26484399999999997 0.29609399999999997 0.255469 0.271875 0.234375 0.25781200000000004 0.227344 0.242969 0.225 0.23593799999999998 0.217969 0.22265600000000002 0.211719 0.213281 0.2 0.203125 0.194531 0.155469 0.176563 0.145312 0.175 0.140625 0.177344 0.142188 0.182031 0.15390600000000002 0.19375 0.18515600000000002 0.210938 0.203125 0.217969 0.21875 0.21875 0.240625 0.240625 0.24843700000000002 0.25468799999999997 0.278125 0.2875 0.29375 0.3 0.30468799999999996 0.303125 0.310937 0.300781 0.314063 0.288281 0.310937 0.278906
0 0.084375 0.8835940000000001 0.061719 0.8804690000000001 0.051562 0.8804690000000001 0.050781 0.882812 0.060156 0.902344 0.06406300000000001 0.9054690000000001 0.086719 0.902344 0.10781199999999999 0.8929690000000001 0.104688 0.8882809999999999 0.084375 0.8835940000000001
0 0.669531 0.31171899999999997 0.655469 0.303906 0.649219 0.302344 0.61875 0.305469 0.596875 0.317969 0.597656 0.32031200000000004 0.609375 0.32734399999999997 0.615625 0.32734399999999997 0.626563 0.321094 0.6375 0.32890600000000003 0.655469 0.335156 0.667969 0.334375 0.68125 0.32734399999999997 0.680469 0.321875 0.669531 0.31171899999999997
0 0.9585940000000001 0.653125 0.951562 0.647656 0.945312 0.645312 0.94375 0.642188 0.9289059999999999 0.638281 0.9304690000000001 0.626563 0.928125 0.619531 0.910937 0.602344 0.894531 0.590625 0.8875 0.589063 0.884375 0.59375 0.885938 0.603906 0.903125 0.617969 0.9164059999999999 0.632031 0.9164059999999999 0.636719 0.9085940000000001 0.642188 0.914062 0.647656 0.9148440000000001 0.650781 0.9234370000000001 0.659375 0.925781 0.659375 0.9351559999999999 0.670312 0.9398440000000001 0.671094 0.9507809999999999 0.678125 0.9625 0.678125 0.973438 0.682031 0.971875 0.673438 0.9585940000000001 0.653125
0 0.598438 0.736719 0.597656 0.725 0.592187 0.705469 0.585156 0.690625 0.58125 0.685156 0.577344 0.685156 0.576562 0.713281 0.578906 0.728125 0.578906 0.74375 0.583594 0.753125 0.590625 0.753125 0.595313 0.75 0.598438 0.736719
0 0.538281 0.575781 0.53125 0.570312 0.521875 0.569531 0.517188 0.566406 0.514844 0.561719 0.502344 0.561719 0.495313 0.55625 0.482812 0.553906 0.459375 0.564063 0.458594 0.56875 0.472656 0.575781 0.478125 0.577344 0.49218799999999996 0.577344 0.498437 0.572656 0.50625 0.573438 0.510156 0.576562 0.513281 0.583594 0.519531 0.579688 0.522656 0.579688 0.534375 0.592187 0.55 0.592969 0.549219 0.5875 0.538281 0.575781
0 0.32734399999999997 0.8757809999999999 0.317969 0.864062 0.291406 0.820312 0.286719 0.820312 0.283594 0.826562 0.282813 0.8351559999999999 0.294531 0.867188 0.303125 0.878906 0.310156 0.8835940000000001 0.32031200000000004 0.8875 0.326562 0.886719 0.32890600000000003 0.8851559999999999 0.32734399999999997 0.8757809999999999
0 0.8695309999999999 0.390625 0.871094 0.37421899999999997 0.867188 0.360938 0.854687 0.345313 0.8375 0.32890600000000003 0.832813 0.326562 0.8257809999999999 0.317969 0.835938 0.295312 0.8351559999999999 0.291406 0.832031 0.288281 0.8351559999999999 0.278906 0.835938 0.263281 0.834375 0.25781200000000004 0.8296870000000001 0.252344 0.8210940000000001 0.249219 0.815625 0.253906 0.8117190000000001 0.267969 0.8101559999999999 0.284375 0.8054690000000001 0.3 0.80625 0.321875 0.821875 0.345313 0.8648440000000001 0.388281 0.8734379999999999 0.394531 0.8742190000000001 0.392188 0.8695309999999999 0.390625
0 0.408594 0.617969 0.407813 0.635938 0.403906 0.657031 0.39375 0.683594 0.396094 0.690625 0.402344 0.688281 0.414844 0.678906 0.425 0.65625 0.428125 0.642188 0.428125 0.628125 0.424219 0.617969 0.417188 0.610156 0.411719 0.6125 0.408594 0.617969
0 0.285937 0.528906 0.254687 0.55 0.21640600000000002 0.565625 0.211719 0.569531 0.210938 0.572656 0.23046899999999998 0.576562 0.254687 0.576562 0.269531 0.571875 0.278125 0.567187 0.28906200000000004 0.554688 0.295312 0.541406 0.295312 0.535156 0.290625 0.529687 0.285937 0.528906
0 0.507031 0.43125 0.507031 0.446094 0.513281 0.457031 0.517969 0.45390600000000003 0.521094 0.447656 0.521875 0.42265600000000003 0.521094 0.41406200000000004 0.51875 0.410156 0.513281 0.41406200000000004 0.507031 0.43125
0 0.609375 0.278906 0.603906 0.275781 0.596875 0.278125 0.59375 0.27656200000000003 0.591406 0.259375 0.582031 0.233594 0.578125 0.226562 0.56875 0.21640600000000002 0.564063 0.21640600000000002 0.5625 0.225781 0.575 0.27656200000000003 0.578125 0.282813 0.584375 0.288281 0.5875 0.29375 0.594531 0.295312 0.609375 0.283594 0.609375 0.278906
0 0.10390600000000001 0.853125 0.088281 0.8539059999999999 0.061719 0.8585940000000001 0.057813 0.860938 0.055469000000000004 0.8695309999999999 0.069531 0.878125 0.088281 0.878906 0.101562 0.8773440000000001 0.11484399999999999 0.871875 0.12265600000000002 0.865625 0.128125 0.857812 0.128125 0.8507809999999999 0.120313 0.8492190000000001 0.10390600000000001 0.853125
1 0.38710900000000004 0.9117190000000001 0.396875 0.941016 0.40117200000000003 0.940625 0.40117200000000003 0.933594 0.40625 0.925391 0.42265600000000003 0.9269529999999999 0.428125 0.9222659999999999 0.435547 0.921875 0.435156 0.9050779999999999 0.426562 0.9050779999999999 0.416406 0.9128909999999999 0.403125 0.914453 0.382422 0.885938 0.382031 0.876953 0.371875 0.876953 0.37148400000000004 0.885938 0.38710900000000004 0.9117190000000001
1 0.427344 0.6238279999999999 0.430859 0.628906 0.43710899999999997 0.649219 0.44023399999999996 0.679688 0.447656 0.683203 0.449609 0.647656 0.44492200000000004 0.632031 0.46093799999999996 0.619141 0.466797 0.61875 0.466797 0.589844 0.454688 0.589453 0.45429700000000006 0.598437 0.44804700000000003 0.609375 0.435156 0.617578 0.421875 0.616016 0.42148399999999997 0.623437 0.427344 0.6238279999999999
0 0.367969 0.8597659999999999 0.368359 0.8539059999999999 0.379687 0.8441409999999999 0.38281200000000004 0.8503909999999999 0.38984399999999997 0.8488279999999999 0.409375 0.8222659999999999 0.428125 0.836328 0.449219 0.836328 0.467187 0.825391 0.472656 0.825391 0.47304700000000005 0.8132809999999999 0.41875 0.8128909999999999 0.41054700000000005 0.804688 0.41367200000000004 0.798438 0.413281 0.789453 0.395312 0.789453 0.394922 0.796875 0.388281 0.805078 0.353125 0.825391 0.332422 0.8429690000000001 0.330859 0.859375 0.367969 0.8597659999999999
1 0.298047 0.17578100000000002 0.305859 0.192188 0.332422 0.228906 0.333984 0.234375 0.321875 0.239453 0.31875 0.248828 0.332031 0.248828 0.353125 0.237891 0.360547 0.2375 0.360547 0.19921899999999998 0.352734 0.196875 0.34023400000000004 0.17421899999999998 0.316797 0.153125 0.316406 0.145703 0.290234 0.146094 0.290234 0.173437 0.298047 0.17578100000000002