0 0.845313 0.775 0.8429689999999999 0.772656 0.829688 0.771875 0.821875 0.775781 0.794531 0.779687 0.783594 0.783594 0.771875 0.783594 0.761719 0.7875 0.751563 0.8 0.750781 0.8054690000000001 0.754687 0.808594 0.764844 0.810937 0.755469 0.8210940000000001 0.725781 0.846875 0.722656 0.853906 0.725 0.854688 0.746094 0.846875 0.763281 0.832812 0.765625 0.834375 0.767969 0.845313 0.772656 0.851562 0.780469 0.853125 0.786719 0.8507809999999999 0.794531 0.8429689999999999 0.798438 0.8351559999999999 0.803125 0.809375 0.8195309999999999 0.804688 0.8351559999999999 0.79375 0.8445310000000001 0.782031
0 0.782813 0.070312 0.782813 0.074219 0.790625 0.080469 0.807813 0.086719 0.821875 0.096875 0.83125 0.098437 0.846875 0.10703100000000002 0.855469 0.114062 0.8617190000000001 0.115625 0.864062 0.11875 0.8601560000000001 0.126562 0.859375 0.136719 0.8617190000000001 0.139063 0.864062 0.147656 0.867188 0.150781 0.8976559999999999 0.16875 0.915625 0.173437 0.9289059999999999 0.183594 0.9398440000000001 0.185938 0.9382810000000001 0.169531 0.933594 0.157812 0.928125 0.149219 0.907813 0.130469 0.898438 0.11640599999999998 0.8898439999999999 0.110156 0.8882809999999999 0.10703100000000002 0.8898439999999999 0.10234400000000002 0.889062 0.09375 0.875 0.110937 0.871875 0.1125 0.870313 0.110937 0.870313 0.098437 0.8617190000000001 0.085156 0.8523440000000001 0.078125 0.8117189999999999 0.067187 0.7875 0.067969
0 1 0.004687 0.985938 0.005469 0.980469 0.008594 0.964063 0.0125 0.957031 0.016406 0.933594 0.038281 0.929688 0.044531 0.9304690000000001 0.047656 0.9398440000000001 0.046875 0.978906 0.028125 0.990625 0.026561999999999995 1 0.022656
0 1 0.063281 1 0.04375 0.9929690000000001 0.044531 0.9710940000000001 0.053125 0.964063 0.046094 0.940625 0.046094 0.9304690000000001 0.05 0.9289059999999999 0.052344 0.929688 0.057031 0.939063 0.063281 0.94375 0.064844 0.958594 0.064844 0.960938 0.067187 0.9625 0.071875 0.9617190000000001 0.075781 0.95 0.088281 0.949219 0.092188 0.9554690000000001 0.091406 0.967187 0.083594 0.975 0.063281 0.98125 0.065625
2 0.975 0.108594 0.948438 0.115625 0.9351559999999999 0.124219 0.926562 0.133594 0.9226560000000001 0.142187 0.923438 0.146875 0.9289059999999999 0.150781 0.932031 0.145313 0.942187 0.135156 0.9757809999999999 0.11171899999999998
2 0.942969 0.177344 0.946875 0.189062 0.957031 0.203125 0.979688 0.227344 0.99375 0.232813 1 0.23203100000000002 1 0.210156 0.9507809999999999 0.178906
0 0.894531 0.165625 0.889062 0.163281 0.885938 0.164062 0.8664059999999999 0.178906 0.8570309999999999 0.190625 0.849219 0.208594 0.849219 0.221875 0.8679690000000001 0.221875 0.8726559999999999 0.225 0.8773440000000001 0.225 0.894531 0.209375 0.8976559999999999 0.203906 0.894531 0.1875
1 0.833594 0.275 0.8304690000000001 0.279687 0.8414059999999999 0.300781 0.849219 0.307812 0.854688 0.317188 0.863281 0.321875 0.869531 0.332813 0.8882809999999999 0.347656 0.9 0.349219 0.9039059999999999 0.352344 0.900781 0.361719 0.894531 0.366406 0.8914060000000001 0.373437 0.89375 0.389844 0.896875 0.39375 0.901563 0.425781 0.909375 0.43671899999999997 0.9132809999999999 0.439063 0.916406 0.43671899999999997 0.920312 0.42265600000000003 0.921875 0.39375 0.9195309999999999 0.373437 0.916406 0.367188 0.9085940000000001 0.359375 0.910937 0.349219 0.9085940000000001 0.346094 0.909375 0.333594 0.9070310000000001 0.326562 0.896875 0.311719 0.869531 0.288281 0.857812 0.28125 0.84375 0.275781
0 0.789844 0.332813 0.789062 0.350781 0.794531 0.373437 0.801562 0.384375 0.8101559999999999 0.41093799999999997 0.821875 0.42109399999999997 0.8273439999999999 0.421875 0.834375 0.420312 0.834375 0.423438 0.8289060000000001 0.433594 0.829688 0.44531200000000004 0.833594 0.454688 0.845313 0.471094 0.855469 0.480469 0.8726559999999999 0.492969 0.8773440000000001 0.49375 0.8773440000000001 0.480469 0.870313 0.46406200000000003 0.839844 0.419531 0.8445310000000001 0.415625 0.8460940000000001 0.411719 0.8445310000000001 0.403906 0.832812 0.375781 0.821875 0.359375 0.8132810000000001 0.341406 0.797656 0.332031
0 0.821875 0.292969 0.817187 0.295312 0.815625 0.298438 0.815625 0.314844 0.81875 0.326562 0.8273439999999999 0.342969 0.834375 0.351562 0.84375 0.358594 0.854688 0.363281 0.864062 0.361719 0.8664059999999999 0.363281 0.860938 0.378125 0.863281 0.414844 0.867188 0.428906 0.871094 0.4375 0.8742189999999999 0.439063 0.8773440000000001 0.435937 0.880469 0.41875 0.8820309999999999 0.382812 0.878906 0.367969 0.870313 0.361719 0.871875 0.357812 0.871875 0.3375 0.869531 0.330469 0.863281 0.322656 0.842187 0.307031 0.83125 0.295312
0 0.923438 0.404687 0.9226560000000001 0.419531 0.9195309999999999 0.425781 0.917188 0.4375 0.9148440000000001 0.439063 0.91875 0.44375 0.911719 0.45625 0.910156 0.46406200000000003 0.910937 0.475 0.914062 0.48125 0.9226560000000001 0.49218799999999996 0.933594 0.500781 0.939063 0.500781 0.942969 0.497656 0.951562 0.48125 0.978125 0.507031 0.9851560000000001 0.511719 0.994531 0.510938 0.996094 0.509375 0.995313 0.500781 0.989844 0.486719 0.978906 0.467187 0.9914059999999999 0.45234399999999997 0.992188 0.441406 0.989844 0.435937 0.9757809999999999 0.425781 0.960938 0.420312 0.941406 0.41718700000000003 0.9351559999999999 0.41875 0.932031 0.411719
0 0.947656 0.571875 0.958594 0.585938 0.964844 0.585938 0.964844 0.59375 0.967187 0.6 0.971875 0.604688 0.9835939999999999 0.628906 0.9976559999999999 0.646094 1 0.646094 1 0.589844 0.9976559999999999 0.589063 0.989844 0.577344 0.984375 0.573438 0.96875 0.571094 0.957812 0.572656
0 0.917188 0.575781 0.915625 0.576562 0.915625 0.585156 0.9195309999999999 0.594531 0.93125 0.609375 0.934375 0.611719 0.939063 0.611719 0.942187 0.614844 0.9398440000000001 0.624219 0.9398440000000001 0.651563 0.9445309999999999 0.694531 0.9523439999999999 0.711719 0.9601559999999999 0.714063 0.965625 0.708594 0.972656 0.69375 0.976562 0.663281 0.979688 0.65625 0.978906 0.642188 0.980469 0.625781 0.967187 0.598437 0.963281 0.595313 0.959375 0.596094 0.9289059999999999 0.578906
0 0.8929690000000001 0.634375 0.890625 0.638281 0.8929690000000001 0.646094 0.884375 0.646094 0.8835940000000001 0.650781 0.886719 0.655469 0.8992190000000001 0.667188 0.9085940000000001 0.672656 0.9210939999999999 0.674219 0.9242190000000001 0.671875 0.925781 0.673438 0.925781 0.677344 0.91875 0.691406 0.9195309999999999 0.695312 0.925781 0.692187 0.9304690000000001 0.678125 0.9351559999999999 0.675781 0.935937 0.703125 0.9601559999999999 0.734375 0.974219 0.742969 0.978906 0.742188 0.982812 0.735938 0.975 0.69375 0.970313 0.690625 0.970313 0.694531 0.963281 0.708594 0.959375 0.7125 0.9554690000000001 0.710938 0.947656 0.697656 0.942187 0.672656 0.935937 0.664844 0.934375 0.659375 0.9382810000000001 0.651563 0.9382810000000001 0.640625 0.932031 0.635938 0.915625 0.629687 0.9054689999999999 0.630469
1 0.9710940000000001 0.749219 0.9664059999999999 0.749219 0.95625 0.757812 0.928125 0.795312 0.9195309999999999 0.810937 0.925 0.810937 0.9398440000000001 0.799219 0.963281 0.776563 0.967187 0.770312 0.974219 0.777344 0.976562 0.775781 0.972656 0.7625
1 0.748437 0.130469 0.747656 0.135156 0.750781 0.142969 0.764062 0.163281 0.778125 0.178125 0.790625 0.186719 0.794531 0.191406 0.8101559999999999 0.192969 0.809375 0.197656 0.8132810000000001 0.20546899999999998 0.829688 0.225781 0.834375 0.226562 0.834375 0.219531 0.826562 0.20078100000000002 0.822656 0.194531 0.8125 0.189844 0.8132810000000001 0.178906 0.8101559999999999 0.170313 0.782813 0.146875 0.753125 0.129688
0 0.792188 0.264062 0.789062 0.260937 0.782813 0.258594 0.770312 0.257812 0.761719 0.259375 0.746094 0.265625 0.741406 0.270313 0.735156 0.271875 0.728125 0.278125 0.715625 0.295312 0.714063 0.303906 0.715625 0.305469 0.722656 0.305469 0.741406 0.300781 0.78125 0.285156 0.796094 0.275781
0 0.7 0.145313 0.695312 0.142969 0.68125 0.141406 0.675 0.14375 0.65625 0.146094 0.642188 0.150781 0.638281 0.154688 0.630469 0.157812 0.628125 0.161719 0.613672 0.154453 0.607031 0.153125 0.595313 0.150781 0.594531 0.154688 0.603125 0.157031 0.607344 0.159141 0.612891 0.16125 0.617891 0.164922 0.621797 0.170547 0.621094 0.173437 0.620313 0.176563 0.607031 0.175 0.586719 0.184375 0.571875 0.19375 0.560156 0.20703100000000002 0.55625 0.215625 0.554688 0.225 0.55625 0.226562 0.56875 0.225 0.585938 0.21875 0.598437 0.210938 0.60625 0.203125 0.614062 0.191406 0.619531 0.186719 0.624219 0.185156 0.625781 0.178906 0.630469 0.174219 0.635156 0.175 0.649219 0.172656 0.682813 0.155469 0.69375 0.151562
0 0.759375 0 0.759375 0.00625 0.761719 0.010937 0.775 0.021094 0.773438 0.025781 0.766406 0.028125 0.764062 0.03125 0.761719 0.040625 0.7625 0.060937 0.771094 0.084375 0.778125 0.09375 0.780469 0.09375 0.783594 0.091406 0.785156 0.085938 0.785156 0.078125 0.78125 0.071875 0.785156 0.065625 0.786719 0.053125 0.786719 0.032813 0.784375 0.025 0.786719 0.021875 0.792188 0.020313 0.792969 0.010937 0.795312 0.008594 0.796875 0 0.780469 0 0.782031 0.017188 0.779687 0.019531 0.774219 0
1 0.632812 0.040625 0.634375 0.048438 0.655469 0.06875 0.675781 0.078125 0.695312 0.079687 0.696875 0.08125 0.697656 0.089844 0.710156 0.097656 0.73125 0.099219 0.745313 0.096094 0.746094 0.091406 0.736719 0.0875 0.732031 0.082031 0.722656 0.079687 0.710156 0.071094 0.696094 0.071094 0.686719 0.064062 0.674219 0.060937 0.6375 0.040625
1 0.598437 0 0.598437 0.002344 0.607031 0.009375 0.620313 0.010937 0.628906 0.022656 0.6375 0.026561999999999995 0.653906 0.028125 0.678125 0.025781 0.678125 0.021094 0.663281 0.017188 0.657813 0.014063 0.646875 0
1 0.542188 0.082812 0.538281 0.086719 0.5375 0.1 0.547656 0.126562 0.546875 0.135156 0.544531 0.139063 0.544531 0.150781 0.549219 0.158594 0.550781 0.15625 0.549219 0.136719 0.553125 0.13125 0.559375 0.13125 0.559375 0.117188 0.553125 0.096875 0.546094 0.083594
0 0.81875 0.48125 0.814063 0.48515600000000003 0.807031 0.497656 0.809375 0.513281 0.794531 0.527344 0.785156 0.54375 0.783594 0.557813 0.786719 0.563281 0.791406 0.561719 0.8 0.553906 0.815625 0.529687 0.816406 0.517969 0.8257809999999999 0.510938 0.8289060000000001 0.50625 0.8273439999999999 0.49218799999999996 0.822656 0.484375
0 0.88125 0.558594 0.871875 0.557813 0.864844 0.559375 0.860938 0.557813 0.8570309999999999 0.560156 0.849219 0.570312 0.8445310000000001 0.58125 0.8367190000000001 0.582812 0.8148440000000001 0.596094 0.804688 0.607031 0.802344 0.6125 0.810937 0.613281 0.8257809999999999 0.609375 0.8429689999999999 0.6 0.85 0.589844 0.859375 0.589844 0.869531 0.585938 0.8757810000000001 0.577344
0 0.742969 0.628125 0.739062 0.642188 0.742188 0.647656 0.775 0.663281 0.795312 0.665625 0.785937 0.671875 0.764062 0.675781 0.754922 0.679063 0.771094 0.684375 0.785156 0.682813 0.796875 0.678125 0.798438 0.675781 0.802344 0.685937 0.807031 0.690625 0.8148440000000001 0.694531 0.839844 0.7 0.8507809999999999 0.705469 0.865625 0.707812 0.873437 0.707812 0.8757810000000001 0.705469 0.871094 0.695312 0.851562 0.675781 0.835938 0.657031 0.832031 0.65 0.8273439999999999 0.646094 0.826562 0.642188 0.821875 0.641406 0.817969 0.645312 0.8132810000000001 0.646094 0.807031 0.652344 0.803125 0.652344 0.800781 0.649219 0.789062 0.644531 0.777344 0.635156 0.760938 0.625781 0.75 0.624219
0 0.751563 0.670312 0.749219 0.677344 0.75 0.689063 0.75625 0.705469 0.76875 0.716406 0.786719 0.724219 0.771094 0.733594 0.759375 0.736719 0.7625 0.738281 0.773438 0.738281 0.779687 0.735156 0.78125 0.736719 0.78125 0.753125 0.789062 0.761719 0.804688 0.767969 0.817187 0.767969 0.814063 0.759375 0.792188 0.735156 0.792188 0.729688 0.798438 0.719531 0.789062 0.702344 0.75625 0.669531
0 0.839063 0.757031 0.839063 0.761719 0.8429689999999999 0.771094 0.8742189999999999 0.808594 0.8914060000000001 0.8132810000000001 0.8929690000000001 0.8304690000000001 0.8992190000000001 0.842187 0.911719 0.855469 0.925781 0.863281 0.9445309999999999 0.864062 0.95 0.8601560000000001 0.9507809999999999 0.853125 0.94375 0.8351559999999999 0.9382810000000001 0.829688 0.917188 0.815625 0.895312 0.8132810000000001 0.8929690000000001 0.8117189999999999 0.898438 0.802344 0.8992190000000001 0.796875 0.896094 0.789062 0.8882809999999999 0.780469 0.849219 0.75625 0.840625 0.755469
0 0.907813 0.672656 0.900781 0.678906 0.878906 0.713281 0.8726559999999999 0.720313 0.876563 0.73125 0.8757810000000001 0.736719 0.8773440000000001 0.742188 0.875 0.755469 0.869531 0.763281 0.869531 0.767969 0.884375 0.778125 0.886719 0.775781 0.886719 0.767188 0.884375 0.759375 0.8835940000000001 0.741406 0.88125 0.735938 0.896094 0.732812 0.9085940000000001 0.714063 0.9125 0.700781 0.9148440000000001 0.680469 0.914062 0.674219
0 0.840625 0.804688 0.838281 0.809375 0.838281 0.817969 0.8414059999999999 0.826562 0.8664059999999999 0.8585939999999999 0.876563 0.867188 0.878906 0.8726559999999999 0.8820309999999999 0.875 0.884375 0.885156 0.904687 0.91875 0.921875 0.932813 0.929688 0.932813 0.9304690000000001 0.9242190000000001 0.928125 0.916406 0.9195309999999999 0.8976559999999999 0.910156 0.884375 0.910156 0.88125 0.91875 0.878125 0.9242190000000001 0.870313 0.9289059999999999 0.871094 0.932031 0.86875 0.915625 0.86875 0.9125 0.871094 0.907813 0.871094 0.9039059999999999 0.8742189999999999 0.8929690000000001 0.870313 0.889062 0.8625 0.892188 0.854688 0.8914060000000001 0.849219 0.885156 0.842187 0.88125 0.8429689999999999 0.876563 0.838281 0.871094 0.816406 0.867188 0.8117189999999999 0.853906 0.803125 0.845313 0.802344
2 0.832031 0.9242190000000001 0.829688 0.920312 0.8195309999999999 0.928125 0.79375 0.929688 0.792188 0.932813 0.798438 0.940625 0.803125 0.942969 0.8195309999999999 0.94375 0.8304690000000001 0.9367189999999999
0 0.630469 0.798438 0.625 0.8039059999999999 0.623437 0.809375 0.622656 0.8375 0.624219 0.85 0.63125 0.8625 0.642969 0.867188 0.645312 0.870313 0.639844 0.885156 0.641406 0.904687 0.636719 0.9070310000000001 0.633594 0.9 0.622656 0.9 0.621094 0.9039059999999999 0.621875 0.910937 0.630469 0.927344 0.642188 0.9304690000000001 0.646875 0.928125 0.650781 0.9304690000000001 0.657031 0.994531 0.659375 1 0.664062 1 0.664062 0.9976559999999999 0.675 0.985938 0.68125 0.9679689999999999 0.68125 0.945312 0.678125 0.925781 0.674219 0.916406 0.674219 0.8992190000000001 0.671094 0.9 0.671875 0.904687 0.669531 0.9039059999999999 0.66875 0.896875 0.675 0.889062 0.675781 0.8757810000000001 0.674219 0.8726559999999999 0.670312 0.8726559999999999 0.666406 0.875 0.661719 0.870313 0.657813 0.8625 0.659375 0.847656 0.650781 0.823438 0.6375 0.803125
0 0.732812 0.654687 0.720313 0.66875 0.717187 0.676562 0.704688 0.692187 0.700781 0.700781 0.699219 0.716406 0.696875 0.717969 0.692969 0.717969 0.689844 0.714844 0.686719 0.716406 0.6875 0.724219 0.708594 0.764062 0.701562 0.788281 0.698438 0.8273439999999999 0.694531 0.8507809999999999 0.695312 0.8617190000000001 0.700781 0.8726559999999999 0.705469 0.8726559999999999 0.714063 0.863281 0.717969 0.855469 0.726562 0.824219 0.73125 0.788281 0.73125 0.775 0.729688 0.767188 0.725781 0.763281 0.725 0.751563 0.715625 0.736719 0.71875 0.734375 0.726562 0.732812 0.73125 0.728125 0.7375 0.717969 0.740625 0.707812 0.741406 0.670312 0.736719 0.657813
0 0.740625 0.623437 0.735938 0.624219 0.717969 0.638281 0.684375 0.672656 0.677344 0.683594 0.677344 0.6875 0.680469 0.689844 0.679688 0.696094 0.660937 0.703125 0.653125 0.709375 0.636719 0.732812 0.632031 0.745313 0.61875 0.76875 0.613281 0.782031 0.614844 0.789844 0.625 0.792188 0.632031 0.791406 0.639062 0.788281 0.646875 0.779687 0.670312 0.740625 0.678125 0.724219 0.680469 0.714844 0.679688 0.696875 0.684375 0.694531 0.6875 0.696875 0.69375 0.696875 0.707031 0.689844 0.714063 0.677344 0.733594 0.654687 0.738281 0.646875 0.739062 0.639062 0.742969 0.628125
0 0.713281 0.582031 0.708594 0.583594 0.685156 0.622656 0.677344 0.622656 0.678906 0.624219 0.678125 0.629687 0.674219 0.625781 0.669531 0.625 0.660937 0.632812 0.653906 0.64375 0.639844 0.677344 0.635938 0.701562 0.635938 0.714844 0.638281 0.71875 0.64375 0.717969 0.659375 0.701562 0.678125 0.659375 0.68125 0.644531 0.686719 0.644531 0.689063 0.639844 0.692969 0.639844 0.699219 0.646875 0.704688 0.646875 0.703125 0.641406 0.699219 0.638281 0.697656 0.634375 0.705469 0.625 0.709375 0.617188 0.713281 0.599219
0 0.673438 0.617969 0.671094 0.616406 0.648438 0.614062 0.632031 0.614844 0.622656 0.61875 0.61875 0.625 0.614844 0.622656 0.6125 0.625781 0.598437 0.626563 0.588281 0.63125 0.580469 0.638281 0.575 0.640625 0.567969 0.653906 0.5625 0.660156 0.552344 0.689063 0.552344 0.698438 0.557813 0.7 0.579688 0.682031 0.60625 0.651563 0.617969 0.628906 0.626563 0.635938 0.632812 0.635156 0.658594 0.627344 0.672656 0.620313
2 0.689063 0.546094 0.689063 0.55 0.699219 0.564844 0.703906 0.580469 0.709375 0.582812 0.710938 0.580469 0.709375 0.567969 0.701562 0.552344 0.697656 0.550781 0.69375 0.546094
2 0.760938 0.553125 0.75625 0.557813 0.753906 0.566406 0.753125 0.582031 0.755469 0.584375 0.760156 0.583594 0.763281 0.574219 0.763281 0.557813
0 0.374219 0.88125 0.371875 0.884375 0.373437 0.896875 0.383594 0.925781 0.392969 0.9398440000000001 0.4 0.9460940000000001 0.404687 0.948438 0.414844 0.946875 0.41718700000000003 0.948438 0.41718700000000003 0.9710940000000001 0.419531 0.984375 0.425 1 0.432031 1 0.42656299999999997 0.9679689999999999 0.427344 0.957031 0.43828100000000003 0.963281 0.45 0.967187 0.460156 0.967187 0.466406 0.963281 0.465625 0.959375 0.453125 0.946875 0.44531200000000004 0.945312 0.428125 0.93125 0.424219 0.9351559999999999 0.42109399999999997 0.932031 0.41718700000000003 0.93125 0.413281 0.926562 0.403125 0.9054689999999999 0.389062 0.892188 0.3875 0.8882809999999999 0.379688 0.8820309999999999
2 0.614844 0.228125 0.617188 0.23828100000000002 0.626563 0.242969 0.648438 0.24531200000000003 0.653125 0.244531 0.657031 0.241406 0.65625 0.23906299999999997 0.639062 0.23046899999999998 0.621094 0.226562
0 0.283594 0.834375 0.291406 0.835938 0.307812 0.8304690000000001 0.333594 0.815625 0.342187 0.8054690000000001 0.345313 0.8101559999999999 0.344531 0.815625 0.346875 0.820312 0.354687 0.825 0.371875 0.829688 0.391406 0.8289060000000001 0.396094 0.8257809999999999 0.392969 0.822656 0.367969 0.8117189999999999 0.351562 0.800781 0.352344 0.791406 0.355469 0.785937 0.353906 0.78125 0.329688 0.779687 0.305469 0.783594 0.299219 0.786719 0.297656 0.792188 0.302344 0.804688 0.316406 0.8054690000000001 0.328125 0.8039059999999999 0.330469 0.80625 0.325781 0.810937 0.314063 0.815625 0.299219 0.826562
0 0.521875 0.782813 0.514844 0.778906 0.49375 0.778125 0.490625 0.776563 0.48359399999999997 0.776563 0.470313 0.780469 0.454688 0.792969 0.454688 0.799219 0.459375 0.802344 0.435156 0.817187 0.434375 0.820312 0.43671899999999997 0.821875 0.446094 0.81875 0.455469 0.8125 0.460156 0.8117189999999999 0.478906 0.801562 0.48906299999999997 0.792969 0.491406 0.79375 0.49375 0.799219 0.50625 0.797656 0.514062 0.792188
0 0.521094 0.673438 0.515625 0.677344 0.514844 0.686719 0.517969 0.689844 0.520312 0.707031 0.528906 0.720313 0.545312 0.725 0.541406 0.735938 0.541406 0.753906 0.547656 0.773438 0.553906 0.778906 0.55625 0.776563 0.557031 0.75625 0.558594 0.754687 0.570312 0.754687 0.573438 0.751563 0.560156 0.739844 0.561719 0.724219 0.553906 0.720313 0.554688 0.714063 0.551562 0.70625 0.54375 0.698438 0.535156 0.696094 0.535156 0.692969 0.532031 0.689063 0.525781 0.673438
0 0.567187 0.642188 0.559375 0.640625 0.510938 0.641406 0.49921899999999997 0.645312 0.49375 0.653906 0.4875 0.651563 0.467187 0.653906 0.45 0.649219 0.435156 0.648438 0.433594 0.651563 0.439063 0.657031 0.447656 0.657813 0.454688 0.6625 0.450781 0.667188 0.432031 0.678906 0.402344 0.703125 0.40156200000000003 0.709375 0.40625 0.7125 0.420312 0.7125 0.451562 0.700781 0.478125 0.6875 0.4875 0.680469 0.497656 0.669531 0.505469 0.674219 0.514062 0.674219 0.5625 0.651563 0.567187 0.646875
2 0.594531 0.571094 0.586719 0.569531 0.572656 0.573438 0.565625 0.579688 0.564844 0.584375 0.571094 0.586719 0.580469 0.584375 0.592187 0.575781
0 0.49921899999999997 0.549219 0.49375 0.547656 0.480469 0.551562 0.461719 0.563281 0.455469 0.570312 0.45390600000000003 0.576562 0.44218799999999997 0.5875 0.43671899999999997 0.595313 0.434375 0.605469 0.42656299999999997 0.614844 0.423438 0.623437 0.439844 0.615625 0.44375 0.617188 0.453125 0.611719 0.45781299999999997 0.6 0.458594 0.588281 0.46875 0.589063 0.48359399999999997 0.580469 0.496875 0.560937 0.5 0.553906
1 0.397656 0.5875 0.3875 0.591406 0.376563 0.603125 0.375 0.610938 0.358594 0.621875 0.339844 0.642969 0.324219 0.667969 0.311719 0.692187 0.309375 0.700781 0.309375 0.713281 0.310937 0.714844 0.314844 0.715625 0.317969 0.714063 0.334375 0.699219 0.347656 0.680469 0.365625 0.659375 0.382031 0.63125 0.385156 0.61875 0.390625 0.613281 0.398438 0.596094
1 0.110937 0.640625 0.099609 0.639219 0.115625 0.646875 0.123438 0.647656 0.123438 0.651563 0.120313 0.657813 0.120313 0.672656 0.130469 0.696094 0.146875 0.714844 0.149219 0.711719 0.147656 0.686719 0.139844 0.65 0.14375 0.6375 0.142969 0.635938 0.138281 0.635938 0.135156 0.638281 0.130469 0.6375 0.124219 0.639844
0 0.274219 0.507812 0.266406 0.507812 0.259375 0.5125 0.255469 0.521094 0.255469 0.532031 0.2625 0.540625 0.25 0.545312 0.24765600000000002 0.548438 0.24765600000000002 0.552344 0.232813 0.571875 0.224219 0.586719 0.22109399999999998 0.598437 0.22109399999999998 0.607812 0.22343799999999997 0.610938 0.221875 0.619531 0.224219 0.627344 0.23046899999999998 0.625 0.232813 0.619531 0.232813 0.610938 0.24531200000000003 0.592969 0.253125 0.578125 0.264062 0.565625 0.273438 0.558594 0.279687 0.547656 0.270313 0.541406 0.267969 0.53125 0.269531 0.521094 0.275781 0.513281
0 0.10390600000000001 0.549219 0.10703100000000002 0.567969 0.115625 0.580469 0.130469 0.589844 0.144531 0.596094 0.171875 0.599219 0.195234 0.587969 0.200937 0.591641 0.168672 0.613438 0.190625 0.607812 0.20078100000000002 0.602344 0.20625 0.602344 0.209375 0.597656 0.21484399999999998 0.599219 0.21945300000000004 0.598516 0.225312 0.582578 0.209375 0.586719 0.203125 0.58125 0.189844 0.576562 0.173437 0.567969 0.148438 0.550781 0.132031 0.546094 0.10703100000000002 0.546094
0 0.36875 0.545312 0.361719 0.545312 0.357812 0.553125 0.346094 0.564844 0.342187 0.571094 0.340625 0.578125 0.342187 0.588281 0.339062 0.592187 0.309375 0.607812 0.300781 0.610156 0.295312 0.614844 0.295312 0.619531 0.307031 0.620313 0.307031 0.632812 0.301563 0.642188 0.300781 0.649219 0.301563 0.657813 0.30625 0.6625 0.310937 0.6625 0.315625 0.660156 0.33125 0.647656 0.369531 0.603906 0.36875 0.598437 0.375781 0.5875 0.376563 0.578906 0.372656 0.571094
0 0.321875 0.382812 0.317969 0.382031 0.309375 0.391406 0.295312 0.42968799999999996 0.294531 0.454688 0.299219 0.467187 0.298438 0.478906 0.3 0.482812 0.290625 0.484375 0.278906 0.501563 0.277344 0.509375 0.277344 0.525781 0.278906 0.53125 0.284375 0.528906 0.2875 0.522656 0.2875 0.517969 0.301563 0.489844 0.322656 0.46875 0.321094 0.439844 0.324219 0.388281
0 0.459375 0.411719 0.435937 0.411719 0.40703100000000003 0.423438 0.394531 0.42656299999999997 0.378125 0.425 0.371875 0.42968799999999996 0.322656 0.442969 0.321875 0.459375 0.328125 0.465625 0.342187 0.467187 0.371875 0.459375 0.3875 0.451562 0.398438 0.44218799999999997 0.42656299999999997 0.447656 0.432031 0.446875 0.442969 0.440625 0.455469 0.427344 0.460156 0.417969
0 0.1375 0.328125 0.135156 0.33125 0.135156 0.335156 0.139063 0.348438 0.148438 0.363281 0.159375 0.374219 0.15625 0.385937 0.15625 0.400781 0.161719 0.421875 0.166406 0.42656299999999997 0.16875 0.420312 0.16875 0.399219 0.171094 0.3875 0.175 0.384375 0.185156 0.388281 0.189844 0.388281 0.191406 0.384375 0.185156 0.376563 0.185156 0.36875 0.174219 0.363281 0.170313 0.358594 0.161719 0.3375 0.151562 0.327344
0 0 0.335938 0.01875 0.342969 0.035156 0.346094 0.077344 0.346094 0.092969 0.342187 0.105469 0.335156 0.110156 0.328906 0.11171899999999998 0.321875 0.115625 0.325781 0.134375 0.328906 0.153125 0.326562 0.203125 0.307031 0.204687 0.299219 0.196875 0.296094 0.134375 0.296875 0.127344 0.298438 0.115625 0.309375 0.110156 0.310937 0.10625 0.308594 0.10390600000000001 0.303125 0.1 0.3 0.096094 0.3 0.082031 0.292969 0.039844 0.286719 0.020313 0.286719 0.05 0.303125 0.047656 0.305469 0.017188 0.310156 0 0.321094
0 0 0.335938 0 0.370312 0.019531 0.370312 0.026561999999999995 0.372656 0.030469000000000003 0.375781 0.032813 0.38125 0.039844 0.383594 0.05625 0.394531 0.060937 0.394531 0.064062 0.397656 0.066406 0.396875 0.067187 0.392188 0.063281 0.383594 0.050781 0.36875 0.035156 0.363281 0.028125 0.352344 0.014063 0.339844
0 0.079687 0.124219 0.077344 0.126562 0.078125 0.139844 0.085938 0.164062 0.091406 0.175 0.107813 0.192188 0.115625 0.196875 0.128125 0.20078100000000002 0.130469 0.209375 0.12265600000000002 0.22109399999999998 0.11953100000000001 0.2375 0.121875 0.266406 0.124219 0.271875 0.127344 0.272656 0.133594 0.257031 0.139063 0.232813 0.146094 0.211719 0.152344 0.2 0.147656 0.18125 0.1375 0.167187 0.11484399999999999 0.144531 0.085938 0.124219
0 0 0.123438 0 0.142969 0.004687 0.146875 0.010937 0.159375 0.01875 0.169531 0.013280999999999998 0.177344 0.010937 0.184375 0.015625 0.20625 0.020313 0.215625 0.03125 0.224219 0.0375 0.225781 0.039844 0.22343799999999997 0.041406 0.189062 0.038281 0.170313 0.033594 0.165625 0.033594 0.161719 0.039062 0.158594 0.038281 0.154688 0.029687 0.150781 0.002344 0.123438
1 0.20703100000000002 0.10078099999999998 0.20625 0.10390600000000001 0.210938 0.11171899999999998 0.21640600000000002 0.13125 0.219531 0.135156 0.21875 0.142969 0.208594 0.159375 0.20703100000000002 0.173437 0.20703100000000002 0.189844 0.210938 0.202344 0.213281 0.204687 0.21875 0.199219 0.225781 0.178125 0.227344 0.155469 0.225 0.149219 0.22109399999999998 0.146094 0.225781 0.138281 0.225 0.128906 0.22109399999999998 0.117188 0.21406200000000003 0.104688 0.209375 0.10078099999999998
1 0.297656 0.250781 0.285156 0.242969 0.279687 0.23671899999999998 0.275 0.235156 0.266328 0.2325 0.281562 0.248984 0.254453 0.262891 0.233594 0.28125 0.23203100000000002 0.2875 0.23671899999999998 0.286719 0.266406 0.269531 0.291406 0.257812 0.296875 0.257031
0 0.314063 0.313281 0.314063 0.315625 0.325 0.325 0.351562 0.330469 0.365625 0.330469 0.373437 0.336719 0.385156 0.335938 0.392188 0.341406 0.404687 0.344531 0.430469 0.354687 0.44218799999999997 0.35625 0.44531200000000004 0.353906 0.44218799999999997 0.349219 0.432031 0.341406 0.41875 0.333594 0.389844 0.324219 0.374219 0.314063 0.341406 0.307812 0.321875 0.309375
1 0.354687 0.173437 0.354687 0.178125 0.364844 0.19375 0.372656 0.201563 0.386719 0.2125 0.4 0.21875 0.403906 0.224219 0.408594 0.225781 0.41093799999999997 0.220312 0.40546899999999997 0.20781299999999997 0.374219 0.18125 0.357812 0.171875
1 0.366406 0.155469 0.361719 0.15625 0.353125 0.161719 0.345313 0.171094 0.341406 0.172656 0.335938 0.18125 0.334375 0.1875 0.330469 0.191406 0.327344 0.188281 0.316016 0.183203 0.322656 0.19375 0.329688 0.202344 0.335938 0.204687 0.34375 0.203906 0.346875 0.197656 0.347656 0.185938 0.354687 0.178125 0.359375 0.167187 0.364844 0.1625 0.367188 0.158594
1 0.411719 0.11875 0.410156 0.124219 0.413281 0.135156 0.42265600000000003 0.152344 0.435156 0.167187 0.447656 0.173437 0.447656 0.189844 0.461719 0.196094 0.47656200000000004 0.198437 0.486719 0.197656 0.475781 0.182031 0.45781299999999997 0.165625 0.45781299999999997 0.160156 0.453125 0.15 0.44218799999999997 0.136719 0.425781 0.121875 0.41718700000000003 0.11796900000000002
1 0.575781 0.18125 0.571094 0.180469 0.560156 0.185156 0.542188 0.196875 0.530469 0.20781299999999997 0.522656 0.220312 0.519531 0.23203100000000002 0.521094 0.241406 0.525 0.24765600000000002 0.525781 0.252344 0.524219 0.253906 0.500781 0.259375 0.4875 0.266406 0.460156 0.290625 0.45781299999999997 0.295312 0.463281 0.295312 0.49375 0.282031 0.509375 0.271875 0.521094 0.260937 0.530469 0.254688 0.536719 0.253125 0.55 0.233594 0.560156 0.208594 0.575781 0.185938
0 0.500781 0.279687 0.49218799999999996 0.28125 0.480469 0.289844 0.482031 0.29375 0.49218799999999996 0.302344 0.485938 0.307812 0.478125 0.320312 0.471094 0.342969 0.471094 0.364063 0.475781 0.371094 0.478906 0.371094 0.484375 0.366406 0.502344 0.341406 0.505469 0.341406 0.509375 0.348438 0.510938 0.347656 0.513281 0.335156 0.517969 0.327344 0.517969 0.314063 0.514844 0.300781 0.507812 0.29375 0.50625 0.285938 0.503906 0.28125
0 0.694531 0.336719 0.685937 0.335156 0.677344 0.335938 0.664062 0.342969 0.647656 0.360938 0.644531 0.372656 0.645312 0.378906 0.607812 0.382031 0.579688 0.396875 0.570312 0.4 0.567969 0.404687 0.574219 0.40546899999999997 0.5875 0.402344 0.594531 0.402344 0.607031 0.40625 0.61875 0.403906 0.641406 0.403906 0.646094 0.40546899999999997 0.667969 0.403906 0.670312 0.402344 0.670312 0.397656 0.664062 0.392188 0.649219 0.385937 0.647656 0.380469 0.649219 0.378906 0.6625 0.377344 0.685937 0.3625 0.695312 0.35 0.696875 0.341406
2 0.525781 0.358594 0.525781 0.361719 0.544531 0.38125 0.552344 0.386719 0.566406 0.392969 0.575 0.392969 0.576562 0.391406 0.576562 0.3875 0.569531 0.380469 0.569531 0.376563 0.561719 0.375781 0.530469 0.357031
1 0.583594 0.279687 0.582031 0.282031 0.582031 0.292187 0.578125 0.300781 0.577344 0.310156 0.583594 0.338281 0.588281 0.3375 0.596094 0.302344 0.594531 0.294531 0.588281 0.282031
1 0.673438 0.24375 0.667969 0.241406 0.657813 0.241406 0.646875 0.24609399999999998 0.641406 0.250781 0.620313 0.275 0.610156 0.294531 0.610156 0.299219 0.611719 0.3 0.621094 0.29375 0.646875 0.270313 0.6625 0.24609399999999998 0.667969 0.24609399999999998
1 0.529687 0.371094 0.526563 0.373437 0.520781 0.376797 0.517188 0.375 0.514062 0.374219 0.508594 0.372656 0.494531 0.378906 0.46093799999999996 0.420312 0.454688 0.432031 0.459375 0.433594 0.477344 0.421875 0.503906 0.396875 0.514062 0.382031 0.519531 0.383594 0.527344 0.378125 0.529687 0.375
2 0.178906 0.7125 0.174219 0.714844 0.165625 0.732812 0.161719 0.746094 0.1625 0.757031 0.165625 0.760938 0.170313 0.760938 0.173437 0.764062 0.175 0.761719 0.178125 0.757812 0.179688 0.750781 0.180469 0.715625
2 0.08125 0.802344 0.075781 0.8054690000000001 0.065625 0.822656 0.063281 0.829688 0.066406 0.835938 0.078906 0.8414059999999999 0.084375 0.835938 0.086719 0.826562 0.085938 0.809375 0.084375 0.804688
3 0.689063 0.151562 0.677344 0.158594 0.675781 0.161719 0.674219 0.178125 0.675781 0.186719 0.678906 0.192188 0.678125 0.197656 0.673438 0.196094 0.654687 0.182812 0.65 0.18125 0.65 0.185938 0.664062 0.202344 0.672656 0.208594 0.685156 0.21406200000000003 0.699219 0.21484399999999998 0.700781 0.21640600000000002 0.695312 0.221875 0.695312 0.228906 0.703125 0.244531 0.725 0.265625 0.733594 0.270313 0.740625 0.270313 0.742969 0.267969 0.742969 0.263281 0.740625 0.258594 0.708594 0.219531 0.702344 0.21640600000000002 0.708594 0.209375 0.715625 0.20703100000000002 0.721875 0.208594 0.728125 0.20625 0.732031 0.210938 0.742188 0.210938 0.757812 0.20546899999999998 0.779687 0.201563 0.784375 0.197656 0.783594 0.192969 0.775 0.190625 0.742969 0.190625 0.734375 0.192969 0.728906 0.20078100000000002 0.721094 0.194531 0.709375 0.195312 0.707031 0.192969 0.707031 0.189844 0.709375 0.185938 0.713281 0.186719 0.714063 0.185156 0.708594 0.183594 0.709375 0.176563 0.701562 0.165625 0.696094 0.153125 0.69375 0.150781