0 0.171094 0.040625 0.167969 0.038281 0.15625 0.038281 0.149219 0.040625 0.147656 0.048438 0.146094 0.05 0.141406 0.05 0.134375 0.054688 0.123438 0.067187 0.120313 0.064062 0.11953100000000001 0.046875 0.1125 0.046875 0.090625 0.054688 0.080469 0.064062 0.058594 0.0625 0.030469000000000003 0.064844 0.00625 0.071875 0.0039060000000000006 0.077344 0.007812000000000001 0.079687 0.021875 0.08125 0.046875 0.08125 0.078906 0.078125 0.088281 0.080469 0.10234400000000002 0.080469 0.124219 0.076563 0.127344 0.073438 0.158594 0.059375
1 0.24531200000000003 0.083594 0.24375 0.082031 0.23046899999999998 0.082812 0.2125 0.0875 0.197656 0.095312 0.189062 0.097656 0.185938 0.10078099999999998 0.185156 0.104688 0.192969 0.113281 0.213281 0.129688 0.221875 0.134375 0.233594 0.1375 0.23671899999999998 0.132812 0.23671899999999998 0.125 0.23046899999999998 0.1125 0.217188 0.1 0.240625 0.089063
0 0.326562 0.142187 0.307031 0.139844 0.2875 0.145313 0.28125 0.153906 0.274219 0.175 0.280469 0.174219 0.292187 0.163281 0.298438 0.163281 0.303906 0.157812 0.321875 0.152344 0.327344 0.146875
1 0.447656 0.235937 0.434375 0.239844 0.411719 0.251563 0.414844 0.259375 0.413281 0.26875 0.414844 0.275781 0.420312 0.275781 0.428125 0.271094 0.42968799999999996 0.267969 0.428906 0.255469 0.440625 0.25 0.44843700000000003 0.242969 0.449219 0.23828100000000002
0 0.174219 0.304688 0.16875 0.303906 0.155469 0.308594 0.138281 0.310156 0.107813 0.316406 0.094531 0.321875 0.075 0.334375 0.067969 0.336719 0.067187 0.338281 0.071094 0.339062 0.075 0.345313 0.073438 0.353125 0.046094 0.385156 0.035937 0.4 0.036719 0.402344 0.046875 0.402344 0.057813 0.397656 0.076563 0.38125 0.085156 0.365625 0.085156 0.353125 0.1 0.353906 0.109375 0.351562 0.125 0.350781 0.142187 0.342969 0.154688 0.334375 0.165625 0.323437 0.174219 0.311719
0 0.197656 0.220312 0.192188 0.235156 0.186719 0.239844 0.186719 0.24765600000000002 0.179688 0.250781 0.176563 0.258594 0.175 0.288281 0.177344 0.299219 0.182031 0.299219 0.192188 0.279687 0.194531 0.267188 0.202344 0.260156 0.202344 0.254688 0.2 0.250781 0.209375 0.246875 0.2125 0.242188 0.209375 0.23125
1 0.24609399999999998 0.372656 0.244531 0.385937 0.252344 0.411719 0.263281 0.425781 0.266406 0.428125 0.272656 0.428906 0.275 0.427344 0.275 0.419531 0.267969 0.407813 0.264844 0.398438 0.254688 0.385937 0.250781 0.373437
0 0.430469 0.639844 0.425781 0.653906 0.423438 0.670312 0.423438 0.690625 0.430469 0.701562 0.43125 0.717187 0.441406 0.741406 0.453125 0.760156 0.463281 0.765625 0.466406 0.765625 0.477344 0.776563 0.48515600000000003 0.78125 0.508594 0.804688 0.514062 0.80625 0.517969 0.801562 0.515625 0.780469 0.509375 0.766406 0.500781 0.753125 0.47968700000000003 0.727344 0.464844 0.713281 0.45234399999999997 0.705469 0.44375 0.703906 0.441406 0.700781 0.444531 0.690625 0.446094 0.673438 0.440625 0.648438 0.435937 0.6375
1 0.44375 0.770312 0.435156 0.771094 0.433594 0.773438 0.433594 0.785156 0.43828100000000003 0.8 0.43828100000000003 0.822656 0.44375 0.81875 0.44375 0.8148440000000001 0.447656 0.810937 0.45234399999999997 0.8 0.45234399999999997 0.796094 0.455469 0.791406 0.460156 0.789844 0.465625 0.791406 0.47968700000000003 0.791406 0.47968700000000003 0.789062 0.47656200000000004 0.786719 0.45781299999999997 0.782031 0.450781 0.773438
0 0.325781 0.79375 0.327344 0.801562 0.341406 0.816406 0.357812 0.8304690000000001 0.386719 0.846875 0.407813 0.853906 0.416406 0.8523440000000001 0.424219 0.846875 0.430469 0.857812 0.43828100000000003 0.864062 0.449219 0.870313 0.470313 0.878125 0.482812 0.880469 0.496094 0.880469 0.510156 0.8757810000000001 0.514062 0.8726559999999999 0.514844 0.86875 0.503125 0.8570309999999999 0.478906 0.8414059999999999 0.467187 0.8375 0.44531200000000004 0.833594 0.439063 0.833594 0.425 0.839844 0.420312 0.839063 0.413281 0.832031 0.413281 0.821875 0.41093799999999997 0.817187 0.402344 0.808594 0.379688 0.797656 0.365625 0.792969 0.35 0.790625 0.332031 0.791406
0 0.46953100000000003 0.676562 0.46953100000000003 0.682031 0.471875 0.685937 0.484375 0.69375 0.498437 0.7 0.513281 0.703125 0.53125 0.710156 0.548438 0.711719 0.560937 0.708594 0.567969 0.703906 0.574219 0.703906 0.588281 0.709375 0.607812 0.726562 0.614844 0.738281 0.622656 0.740625 0.632812 0.7375 0.639062 0.7375 0.653125 0.741406 0.675 0.741406 0.678906 0.7375 0.676562 0.732031 0.659375 0.720313 0.650781 0.711719 0.636719 0.709375 0.611719 0.698438 0.586719 0.699219 0.582031 0.696875 0.5625 0.670312 0.542969 0.663281 0.526563 0.660156 0.492969 0.661719 0.482812 0.665625
2 0.744531 0.8992190000000001 0.739844 0.9 0.740625 0.9039059999999999 0.735938 0.9070310000000001 0.735938 0.915625 0.729688 0.9382810000000001 0.729688 0.945312 0.73125 0.946875 0.735938 0.94375 0.746094 0.920312 0.746094 0.904687
2 0.736719 0.8625 0.73125 0.8625 0.727344 0.864844 0.728125 0.873437 0.723437 0.885938 0.722656 0.9 0.724219 0.901563 0.730469 0.896875 0.736719 0.8875 0.740625 0.86875
2 0.9375 0.539844 0.9351559999999999 0.539062 0.920312 0.545312 0.9054689999999999 0.544531 0.8820309999999999 0.560937 0.8882809999999999 0.564844 0.9132809999999999 0.563281 0.93125 0.553125 0.9375 0.545312
0 0.740625 0.478906 0.734375 0.47968700000000003 0.713281 0.497656 0.711719 0.505469 0.703906 0.513281 0.704688 0.541406 0.708594 0.546875 0.713281 0.546875 0.719531 0.542188 0.722656 0.532813 0.723437 0.523438 0.719531 0.510156 0.73125 0.504687 0.740625 0.496094 0.747656 0.494531 0.741406 0.488281
0 0.760156 0.053905999999999996 0.758594 0.055469000000000004 0.758594 0.061719 0.760938 0.064844 0.7625 0.092188 0.758594 0.096875 0.750781 0.096875 0.745313 0.099219 0.750781 0.115625 0.75 0.135937 0.746875 0.149219 0.747656 0.16875 0.752344 0.16875 0.761719 0.158594 0.769531 0.141406 0.770312 0.126562 0.763281 0.107813 0.764062 0.10625 0.780469 0.109375 0.791406 0.115625 0.803125 0.117188 0.8039059999999999 0.115625 0.790625 0.109375 0.7875 0.10625 0.76875 0.099219 0.76875 0.096094 0.771875 0.095312 0.776563 0.085156 0.777344 0.079687 0.774219 0.06875 0.767969 0.057031