2 0.730469 0.967187 0.717187 0.971875 0.70625 0.982812 0.708594 0.9867190000000001 0.710938 0.9867190000000001 0.714844 0.9835940000000001 0.740625 0.973437 0.74375 0.973437 0.749219 0.970313 0.744531 0.9664059999999999 0.730469 0.967187
2 1 0.091406 0.9976559999999999 0.090625 0.996875 0.085938 0.982812 0.060156 0.980469 0.057813 0.975 0.044531 0.9710940000000001 0.042187999999999996 0.9585940000000001 0.044531 0.95625 0.046875 0.95625 0.053125 0.964063 0.067187 0.967187 0.075781 0.9929690000000001 0.109375 0.9976559999999999 0.114062 1 0.114062 1 0.091406
2 0.8132809999999999 0.196875 0.8125 0.201563 0.8101559999999999 0.204687 0.8039059999999999 0.220312 0.8023440000000001 0.23203100000000002 0.800781 0.235156 0.8 0.249219 0.7984370000000001 0.252344 0.80625 0.25625 0.8109379999999999 0.25625 0.808594 0.253906 0.807812 0.25078100000000003 0.808594 0.239844 0.8109379999999999 0.235156 0.8117190000000001 0.228906 0.81875 0.215625 0.821875 0.204687 0.8273440000000001 0.196875 0.832031 0.184375 0.832031 0.178906 0.8304690000000001 0.177344 0.81875 0.192188 0.8132809999999999 0.196875
2 0.782031 0.17578100000000002 0.757031 0.196875 0.752344 0.203906 0.748437 0.21484399999999998 0.748437 0.22343799999999997 0.75 0.226562 0.75625 0.226562 0.758594 0.220312 0.765625 0.210938 0.791406 0.184375 0.797656 0.175 0.799219 0.16953100000000002 0.794531 0.16875 0.782031 0.17578100000000002
2 0.7671870000000001 0.400781 0.759375 0.39843799999999996 0.73125 0.384375 0.721875 0.382031 0.717969 0.383594 0.719531 0.388281 0.735156 0.402344 0.752344 0.411719 0.758594 0.413281 0.764844 0.4125 0.769531 0.407813 0.770313 0.403906 0.7671870000000001 0.400781
1 0.725 0.146094 0.721094 0.135937 0.717969 0.12265600000000002 0.708594 0.101562 0.697656 0.089063 0.689063 0.084375 0.68125 0.084375 0.678906 0.08125 0.682812 0.076563 0.683594 0.053125 0.68125 0.032812999999999995 0.677344 0.025 0.673438 0.032031 0.671875 0.038280999999999996 0.672656 0.06640599999999999 0.670312 0.078125 0.667969 0.079687 0.669531 0.0875 0.674219 0.095312 0.678125 0.107813 0.686719 0.12265600000000002 0.720313 0.166406 0.724219 0.172656 0.728906 0.173437 0.729687 0.164844 0.725 0.146094
1 0.552344 0.234375 0.549219 0.221875 0.548438 0.211719 0.541406 0.186719 0.533594 0.172656 0.525781 0.165625 0.5153909999999999 0.16664099999999998 0.513672 0.14250000000000002 0.498047 0.111016 0.499375 0.142891 0.497578 0.16109400000000001 0.506328 0.16906300000000002 0.507812 0.177344 0.516406 0.20078100000000002 0.542187 0.251563 0.548438 0.258594 0.551563 0.25781200000000004 0.553125 0.255469 0.552344 0.234375
2 0.2125 0.226562 0.170312 0.190625 0.163281 0.186719 0.151563 0.182812 0.146875 0.18359399999999998 0.139844 0.188281 0.139844 0.202344 0.145312 0.210156 0.15390600000000002 0.217188 0.190625 0.232813 0.215625 0.23906299999999997 0.22109399999999998 0.23828100000000002 0.22109399999999998 0.235156 0.2125 0.226562
2 0.307031 0.536719 0.302344 0.53125 0.29375 0.513281 0.269531 0.48125 0.255469 0.457031 0.244531 0.442969 0.239844 0.442969 0.241406 0.45234399999999997 0.24843700000000002 0.471094 0.25078100000000003 0.474219 0.257031 0.49218799999999996 0.260156 0.497656 0.260938 0.502344 0.267188 0.515625 0.274219 0.525781 0.2875 0.538281 0.298438 0.542969 0.30468799999999996 0.542188 0.307031 0.539062 0.307031 0.536719
1 0.22343700000000002 0.554688 0.22031299999999998 0.554688 0.2125 0.557813 0.18125 0.582031 0.165625 0.597656 0.154687 0.614062 0.146875 0.630469 0.142188 0.650781 0.14296899999999998 0.661719 0.135156 0.663281 0.12265600000000002 0.670312 0.11171899999999998 0.685156 0.099219 0.710156 0.09531300000000001 0.721875 0.09218699999999999 0.726562 0.089063 0.739844 0.091406 0.745313 0.09765599999999999 0.742188 0.115625 0.720313 0.11953100000000001 0.717187 0.12734399999999998 0.714063 0.13125 0.709375 0.135156 0.708594 0.139844 0.705469 0.14453100000000002 0.689063 0.15234399999999998 0.673438 0.15625 0.670312 0.166406 0.669531 0.178125 0.657031 0.20078100000000002 0.624219 0.2125 0.613281 0.221875 0.6 0.24531299999999998 0.571875 0.257031 0.551562 0.25625 0.544531 0.242969 0.546094 0.22343700000000002 0.554688
2 0.240625 0.642188 0.228125 0.696875 0.228125 0.708594 0.23203100000000002 0.722656 0.23203100000000002 0.75 0.23593799999999998 0.754687 0.244531 0.753125 0.246875 0.748437 0.24531299999999998 0.745313 0.24609399999999998 0.738281 0.24375 0.728906 0.24375 0.710938 0.24531299999999998 0.682031 0.24843700000000002 0.674219 0.25 0.664844 0.24843700000000002 0.661719 0.24765600000000002 0.639844 0.24531299999999998 0.6375 0.24375 0.6375 0.240625 0.642188
2 0 0.8351559999999999 0.005469 0.835938 0.026562999999999996 0.846875 0.03125 0.846875 0.032031 0.8445309999999999 0.030469000000000003 0.840625 0.019531 0.826562 0.008594000000000001 0.816406 0 0.8132809999999999 0 0.8351559999999999
2 0.535938 0.497656 0.528125 0.5 0.523438 0.503125 0.521094 0.50625 0.51875 0.514062 0.519531 0.524219 0.524219 0.528125 0.533594 0.528906 0.534375 0.524219 0.532813 0.521094 0.534375 0.517969 0.539844 0.511719 0.550781 0.505469 0.552344 0.503125 0.551563 0.49921899999999997 0.55 0.497656 0.535938 0.497656
2 0.603906 0.489844 0.595313 0.474219 0.588281 0.453125 0.585938 0.450781 0.582031 0.450781 0.582813 0.478906 0.594531 0.489844 0.596094 0.494531 0.599219 0.498437 0.603125 0.498437 0.604687 0.494531 0.603906 0.489844
2 0.621094 0.501563 0.621094 0.496094 0.617969 0.48359399999999997 0.610938 0.467187 0.607031 0.466406 0.607031 0.490625 0.609375 0.5 0.614063 0.50625 0.616406 0.507031 0.619531 0.504687 0.621094 0.501563
2 0.619531 0.517188 0.619531 0.525781 0.625781 0.534375 0.626563 0.539062 0.628125 0.538281 0.628906 0.535156 0.628906 0.519531 0.635156 0.501563 0.639844 0.494531 0.6375 0.489844 0.635156 0.488281 0.625 0.500781 0.619531 0.517188
2 0.603125 0.55625 0.595313 0.571875 0.592187 0.583594 0.5875 0.594531 0.582813 0.621094 0.582813 0.635938 0.583594 0.639062 0.5875 0.640625 0.592187 0.635156 0.59375 0.628906 0.611719 0.588281 0.627344 0.564844 0.628125 0.560156 0.621875 0.557813 0.613281 0.551562 0.607031 0.552344 0.603125 0.55625
2 0.8960940000000001 0.496875 0.8742190000000001 0.507031 0.853125 0.514062 0.8375 0.521875 0.8257809999999999 0.532813 0.817188 0.538281 0.815625 0.540625 0.816406 0.551562 0.8179690000000001 0.553125 0.8273440000000001 0.553125 0.839844 0.55 0.85625 0.542188 0.8695309999999999 0.530469 0.8773440000000001 0.525781 0.88125 0.525 0.8890629999999999 0.515625 0.898438 0.509375 0.9070309999999999 0.501563 0.9085940000000001 0.498437 0.9078120000000001 0.496094 0.903125 0.494531 0.8960940000000001 0.496875
1 0.853125 0.544531 0.8492190000000001 0.558594 0.8492190000000001 0.569531 0.851562 0.576562 0.85625 0.580469 0.8570309999999999 0.583594 0.855469 0.585156 0.8492190000000001 0.585156 0.846875 0.586719 0.84375 0.591406 0.8414059999999999 0.598437 0.8414059999999999 0.610156 0.8453120000000001 0.620313 0.848438 0.617969 0.848438 0.608594 0.8507809999999999 0.597656 0.8570309999999999 0.591406 0.8585940000000001 0.5875 0.863281 0.583594 0.8734379999999999 0.553125 0.878125 0.54375 0.878906 0.535937 0.8820309999999999 0.526563 0.88125 0.521094 0.8695309999999999 0.528906 0.853125 0.544531
2 0.882812 0.810937 0.882812 0.8210940000000001 0.8882809999999999 0.8617190000000001 0.890625 0.8648440000000001 0.8929690000000001 0.865625 0.902344 0.8375 0.903125 0.816406 0.9007809999999999 0.807813 0.896875 0.8023440000000001 0.8960940000000001 0.796875 0.89375 0.794531 0.8898440000000001 0.794531 0.8851559999999999 0.798438 0.882812 0.810937
1 0.9712500000000001 0.9086719999999999 0.95625 0.909375 0.951562 0.9117190000000001 0.9382809999999999 0.9132809999999999 0.9351559999999999 0.9148440000000001 0.9304690000000001 0.914062 0.9234370000000001 0.910156 0.9054690000000001 0.915625 0.8921870000000001 0.926562 0.8875 0.9289059999999999 0.871875 0.9429690000000001 0.865625 0.951562 0.8570309999999999 0.95625 0.8492190000000001 0.9625 0.8453120000000001 0.96875 0.839844 0.970313 0.839062 0.975 0.835938 0.979688 0.83125 0.98125 0.8304690000000001 0.982812 0.8351559999999999 0.9835940000000001 0.8382809999999999 0.982812 0.8414059999999999 0.979688 0.8507809999999999 0.979688 0.8585940000000001 0.9773440000000001 0.8734379999999999 0.9710940000000001 0.8890629999999999 0.9601559999999999 0.896875 0.957812 0.9117190000000001 0.9507809999999999 0.9242190000000001 0.9398440000000001 0.928125 0.9320309999999999 0.9289059999999999 0.925 0.932813 0.9210940000000001 0.9476559999999999 0.9226559999999999 0.95 0.9210940000000001 0.9632809999999999 0.920312 0.973438 0.9164059999999999 0.9894529999999999 0.913359 0.9989839999999999 0.9060940000000001 0.988828 0.906563 0.978125 0.907813 0.9712500000000001 0.9086719999999999
2 0.9210940000000001 0.9625 0.9203129999999999 0.9679690000000001 0.9234370000000001 0.9710940000000001 0.9367190000000001 0.9708589999999999 0.9476559999999999 0.970313 0.9529690000000001 0.9689840000000001 0.959375 0.9679690000000001 0.960938 0.9625 0.9554690000000001 0.9601559999999999 0.9210940000000001 0.9625
2 0.9210940000000001 0.89375 0.9195309999999999 0.884375 0.8992190000000001 0.86875 0.8921870000000001 0.8664059999999999 0.8898440000000001 0.86875 0.8898440000000001 0.871875 0.8929690000000001 0.875 0.902344 0.894531 0.9117190000000001 0.903125 0.917969 0.904687 0.9203129999999999 0.901563 0.9210940000000001 0.89375
2 0.707813 0.9429690000000001 0.704688 0.948438 0.704688 0.953125 0.709375 0.9554690000000001 0.720313 0.9554690000000001 0.725 0.9539059999999999 0.73125 0.9476559999999999 0.730469 0.9429690000000001 0.725781 0.941406 0.707813 0.9429690000000001
2 0.7375 0.9 0.7375 0.896875 0.727344 0.882812 0.713281 0.853125 0.707031 0.8460940000000001 0.708594 0.840625 0.705469 0.8335940000000001 0.69375 0.826562 0.685937 0.8289059999999999 0.675 0.829688 0.673438 0.83125 0.673438 0.835938 0.677344 0.84375 0.677344 0.851562 0.680469 0.860938 0.689063 0.8726559999999999 0.692188 0.8742190000000001 0.703125 0.8851559999999999 0.714062 0.89375 0.739063 0.9195309999999999 0.742969 0.9195309999999999 0.742969 0.9125 0.7375 0.9
1 0.460156 0.8664059999999999 0.4625 0.8773440000000001 0.472656 0.896875 0.479688 0.904687 0.479688 0.907813 0.474219 0.910937 0.470313 0.91875 0.46796899999999997 0.928125 0.46796899999999997 0.9375 0.471875 0.9601559999999999 0.474219 0.964844 0.47656200000000004 0.975 0.480469 0.980469 0.48359399999999997 0.98125 0.486719 0.976562 0.488281 0.9679690000000001 0.489844 0.929688 0.491406 0.923438 0.49218799999999996 0.9085940000000001 0.491406 0.90625 0.48515600000000003 0.901563 0.484375 0.896875 0.478125 0.8875 0.471094 0.873437 0.46875 0.864062 0.466406 0.859375 0.4625 0.855469 0.460156 0.857812 0.460156 0.8664059999999999
2 0.559375 1 0.560156 0.9976559999999999 0.567969 0.996875 0.575781 0.9914059999999999 0.579688 0.9867190000000001 0.576562 0.9835940000000001 0.571094 0.9835940000000001 0.560156 0.9875 0.552344 0.9875 0.535938 0.9820309999999999 0.509375 0.9679690000000001 0.505469 0.967187 0.503125 0.96875 0.503125 0.971875 0.507031 0.978125 0.514062 0.9851559999999999 0.519531 0.988281 0.523438 0.9929690000000001 0.528906 0.996875 0.532031 0.9976559999999999 0.532813 1 0.559375 1
2 0.507031 0.753906 0.507031 0.748437 0.504688 0.740625 0.500781 0.738281 0.494531 0.741406 0.490625 0.746875 0.490625 0.752344 0.498437 0.764062 0.505469 0.771094 0.508594 0.771094 0.509375 0.7625 0.507031 0.753906
1 0.348437 0.834375 0.34625 0.8277340000000001 0.34187500000000004 0.825156 0.334375 0.8289059999999999 0.330469 0.824219 0.329688 0.820312 0.31875 0.8070309999999999 0.305469 0.797656 0.298438 0.796875 0.295312 0.794531 0.292969 0.796094 0.292188 0.799219 0.301562 0.8125 0.310937 0.823438 0.324219 0.8351559999999999 0.325781 0.839063 0.329688 0.8429690000000001 0.333594 0.8414059999999999 0.338281 0.8414059999999999 0.345313 0.837813 0.348281 0.845 0.349531 0.838125 0.348437 0.834375