1 0.7394529999999999 0.593203 0.73125 0.589062 0.728906 0.5875 0.722656 0.588281 0.710938 0.595313 0.707813 0.6 0.710156 0.603906 0.714844 0.605469 0.725781 0.603906 0.729687 0.6 0.732031 0.6 0.738281 0.603906 0.745312 0.605469 0.7608590000000001 0.6001559999999999 0.7640629999999999 0.592969 0.7750779999999999 0.5783590000000001 0.764219 0.5875 0.753281 0.593047 0.7394529999999999 0.593203
2 0.535156 0.824219 0.528906 0.8210940000000001 0.521875 0.8273440000000001 0.521875 0.83125 0.524219 0.8351559999999999 0.529687 0.840625 0.539062 0.8453120000000001 0.570312 0.847656 0.585156 0.8421879999999999 0.567969 0.83125 0.553125 0.8257809999999999 0.535156 0.824219
2 0.43125 0.8585940000000001 0.419531 0.864063 0.407813 0.864063 0.403906 0.8648440000000001 0.399219 0.8679690000000001 0.388281 0.8679690000000001 0.386719 0.8695309999999999 0.388281 0.8734379999999999 0.392188 0.8742190000000001 0.395312 0.8773440000000001 0.407813 0.8820309999999999 0.41406200000000004 0.8820309999999999 0.439063 0.8695309999999999 0.442187 0.864063 0.440625 0.8601559999999999 0.4375 0.8585940000000001 0.43125 0.8585940000000001
1 0.496094 0.81875 0.490938 0.819453 0.478125 0.8210940000000001 0.474219 0.8210940000000001 0.48843800000000004 0.8283590000000001 0.490156 0.838906 0.494297 0.847812 0.49921899999999997 0.8414059999999999 0.49812500000000004 0.8296870000000001 0.49492200000000003 0.825937 0.513516 0.823281 0.524219 0.8195309999999999 0.524219 0.817188 0.521875 0.815625 0.50625 0.815625 0.496094 0.81875
2 0.267969 0.8492190000000001 0.251563 0.848438 0.24843700000000002 0.8460940000000001 0.23828100000000002 0.8429690000000001 0.23281200000000002 0.84375 0.23281200000000002 0.848438 0.2375 0.85 0.252344 0.8578129999999999 0.260938 0.859375 0.283594 0.8578129999999999 0.285156 0.8539059999999999 0.283594 0.8523440000000001 0.27343799999999996 0.851562 0.267969 0.8492190000000001
1 0.703125 0.9664059999999999 0.700781 0.964844 0.700781 0.9664059999999999 0.698437 0.9679690000000001 0.6875 0.9695309999999999 0.685156 0.9757809999999999 0.685156 0.992188 0.686719 0.996094 0.696094 0.996094 0.698437 0.9929690000000001 0.7 0.9820309999999999 0.701562 0.980469 0.710156 0.9789059999999999 0.719531 0.975 0.729687 0.9679690000000001 0.732812 0.9617190000000001 0.732812 0.9539059999999999 0.727344 0.9539059999999999 0.707813 0.965625 0.703125 0.9664059999999999
1 0.8125 0.632812 0.797656 0.639844 0.790625 0.646875 0.789062 0.65 0.788281 0.657031 0.786719 0.658594 0.775781 0.657813 0.771875 0.660156 0.764844 0.661719 0.760156 0.665625 0.757031 0.670312 0.75625 0.675 0.7515620000000001 0.677344 0.749219 0.685937 0.7515620000000001 0.6875 0.755469 0.685937 0.760156 0.686719 0.763281 0.684375 0.771094 0.682031 0.780469 0.671094 0.783594 0.664062 0.791406 0.6625 0.79375 0.660156 0.8023440000000001 0.657031 0.816406 0.649219 0.839062 0.640625 0.8609370000000001 0.627344 0.8609370000000001 0.623437 0.853125 0.622656 0.832031 0.626563 0.8125 0.632812
1 0.9289059999999999 0.711719 0.91875 0.701562 0.9054690000000001 0.692969 0.90625 0.689063 0.9046879999999999 0.684375 0.8992190000000001 0.68125 0.8992190000000001 0.691406 0.8929690000000001 0.697656 0.9007809999999999 0.702344 0.9132809999999999 0.714844 0.9429690000000001 0.7515620000000001 0.9460940000000001 0.7515620000000001 0.946875 0.747656 0.942187 0.735156 0.9289059999999999 0.711719
1 0.577344 0.432031 0.565625 0.424219 0.573437 0.415625 0.578125 0.408594 0.580469 0.402344 0.578906 0.380469 0.574219 0.379687 0.571875 0.38125 0.561719 0.396094 0.553125 0.4125 0.552344 0.424219 0.55625 0.426562 0.560937 0.425781 0.5625 0.427344 0.5625 0.432031 0.567969 0.4375 0.573437 0.439844 0.583594 0.450781 0.585156 0.450781 0.585938 0.446875 0.584375 0.442187 0.577344 0.432031
1 0.196875 0.86875 0.172656 0.8695309999999999 0.164844 0.871094 0.15234399999999998 0.8765620000000001 0.146094 0.8929690000000001 0.154687 0.8929690000000001 0.1625 0.8890629999999999 0.164844 0.8851559999999999 0.170312 0.8882809999999999 0.178906 0.890625 0.19140600000000002 0.8914059999999999 0.197656 0.8898440000000001 0.215625 0.8757809999999999 0.217969 0.871875 0.217969 0.8664059999999999 0.215625 0.8648440000000001 0.211719 0.8648440000000001 0.196875 0.86875
1 0.027344 0.782031 0.035469 0.7875 0.025 0.791406 0.020312 0.8023440000000001 0.021093999999999998 0.8132809999999999 0.025781 0.8117190000000001 0.033594 0.803125 0.040625 0.800781 0.049219 0.8 0.050781 0.789844 0.046094 0.783594 0.039062 0.778906 0.028905999999999998 0.778906 0.027344 0.782031
1 0.104688 0.329688 0.103125 0.33593799999999996 0.10234399999999999 0.37421899999999997 0.104688 0.380469 0.10703100000000002 0.38281200000000004 0.11171899999999998 0.38281200000000004 0.113281 0.38125 0.113281 0.373437 0.121094 0.365625 0.12265600000000002 0.361719 0.121094 0.357812 0.121875 0.35 0.119922 0.339375 0.126563 0.321875 0.12343699999999999 0.314063 0.11875 0.3125 0.11093800000000001 0.31875 0.104688 0.329688
1 0.13 0.389219 0.130469 0.399219 0.13281199999999999 0.400781 0.142266 0.414687 0.144453 0.403359 0.14296899999999998 0.388281 0.143203 0.373047 0.14117200000000002 0.363359 0.140859 0.35156200000000004 0.13671899999999998 0.347656 0.13 0.32937500000000003 0.137891 0.314766 0.143281 0.306953 0.1248158828125 0.32897610546875 0.121797 0.348047 0.122891 0.3625 0.121094 0.371875 0.121094 0.377344 0.124219 0.380469 0.13 0.389219
1 0.035156 0.170312 0.034375 0.166406 0.029687 0.161719 0.025781 0.154687 0.028125 0.14843800000000001 0.028905999999999998 0.12890600000000002 0.025781 0.11484399999999999 0.023438 0.1125 0.019531 0.1125 0.017188000000000002 0.115625 0.014844 0.125 0.014062 0.139844 0.011719 0.146094 0.011719 0.153125 0.009375 0.159375 0.009375 0.163281 0.014844 0.171094 0.014844 0.175 0.016406 0.178125 0.017188000000000002 0.2 0.021875 0.2 0.029687 0.184375 0.034375 0.178125 0.035156 0.170312
1 0.139844 0 0.141406 0.0125 0.14453100000000002 0.020312 0.157031 0.030469000000000003 0.1625 0.028905999999999998 0.163281 0.024218999999999997 0.16015600000000002 0.019531 0.16015600000000002 0.017188000000000002 0.154687 0.017188000000000002 0.15 0.013281000000000001 0.15 0.010156 0.146094 0 0.139844 0
1 0.332812 0.271094 0.325781 0.279687 0.324219 0.285156 0.324219 0.290625 0.322656 0.294531 0.322656 0.305469 0.325781 0.332031 0.328125 0.34296899999999997 0.329688 0.345313 0.334375 0.342187 0.339844 0.3125 0.34453100000000003 0.29609399999999997 0.34375 0.28125 0.339063 0.275 0.341406 0.271875 0.34375 0.268281 0.34781300000000004 0.26187499999999997 0.351641 0.252344 0.34453100000000003 0.259453 0.336875 0.265937 0.332812 0.271094
2 0.322656 0.364062 0.310937 0.364844 0.302344 0.36875 0.302344 0.371875 0.305469 0.377344 0.309375 0.377344 0.316406 0.379687 0.322656 0.383594 0.32890600000000003 0.38984399999999997 0.329688 0.392969 0.334375 0.394531 0.341406 0.399219 0.34296899999999997 0.39843799999999996 0.342187 0.392188 0.330469 0.36875 0.322656 0.364062
1 0.559375 0.278906 0.557031 0.278906 0.549219 0.283594 0.539844 0.286719 0.51875 0.298438 0.515625 0.301562 0.516406 0.310937 0.5125 0.317969 0.502344 0.328125 0.498437 0.330469 0.49375 0.338281 0.496094 0.339844 0.49921899999999997 0.339844 0.514062 0.33593799999999996 0.51875 0.33125 0.527344 0.326562 0.53125 0.322656 0.533594 0.317969 0.538281 0.314063 0.572656 0.29609399999999997 0.579688 0.29375 0.585938 0.28906200000000004 0.6 0.275781 0.599219 0.271875 0.579688 0.271094 0.570312 0.27343799999999996 0.559375 0.278906
1 0.711719 0.163281 0.711719 0.16015600000000002 0.717187 0.146875 0.717187 0.126563 0.7125 0.114062 0.708594 0.1125 0.704688 0.11875 0.702344 0.128125 0.695312 0.140625 0.688281 0.166406 0.689844 0.170312 0.696094 0.17421899999999998 0.701562 0.17421899999999998 0.704688 0.176562 0.709375 0.17578100000000002 0.713281 0.177344 0.717187 0.17421899999999998 0.716406 0.16953100000000002 0.711719 0.163281
1 0.914062 0 0.914062 0.020312 0.909375 0.038280999999999996 0.903984 0.053672 0.927969 0.055469000000000004 0.940391 0.059766 0.933516 0.047422 0.920469 0.047656 0.928125 0.041406 0.932813 0.032031 0.9367190000000001 0.019531 0.9382809999999999 0.010938 0.9375 0 0.914062 0
1 0.8734379999999999 0.15625 0.8648440000000001 0.15625 0.85 0.15859399999999998 0.853125 0.15859399999999998 0.8625 0.1625 0.878125 0.1625 0.8875 0.159375 0.8882809999999999 0.15625 0.886719 0.15390600000000002 0.884375 0.153125 0.8734379999999999 0.15625