2 0.071875 0.9164059999999999 0.0625 0.914062 0.052344 0.9195309999999999 0.053125 0.9242190000000001 0.075781 0.929688 0.078906 0.932813 0.07968800000000001 0.9367190000000001 0.08125 0.935937 0.08203099999999999 0.9242190000000001 0.071875 0.9164059999999999
3 0.940625 0.634375 0.9289059999999999 0.622656 0.929688 0.619531 0.933594 0.617188 0.939063 0.604688 0.9398440000000001 0.599219 0.9375 0.592187 0.929688 0.589844 0.9117190000000001 0.588281 0.890625 0.597656 0.8773440000000001 0.610938 0.8726559999999999 0.613281 0.870312 0.626563 0.8726559999999999 0.627344 0.8726559999999999 0.63125 0.8742190000000001 0.632031 0.879687 0.63125 0.8734379999999999 0.628125 0.8757809999999999 0.624219 0.885938 0.625781 0.8960940000000001 0.620313 0.898438 0.625781 0.8976559999999999 0.634375 0.8851559999999999 0.655469 0.8851559999999999 0.669531 0.8804690000000001 0.676562 0.88125 0.679688 0.885938 0.679688 0.890625 0.676562 0.8976559999999999 0.675 0.9085940000000001 0.666406 0.9132809999999999 0.665625 0.915625 0.663281 0.915625 0.65625 0.9203129999999999 0.64375 0.939063 0.654687 0.9476559999999999 0.655469 0.94375 0.639844 0.940625 0.634375
3 0.799219 0.079687 0.790625 0.092188 0.784375 0.105469 0.778125 0.110156 0.761719 0.130469 0.741406 0.15 0.735938 0.157812 0.735938 0.163281 0.742188 0.164844 0.753906 0.1625 0.7796879999999999 0.15234399999999998 0.7875 0.146875 0.799219 0.14843800000000001 0.8195309999999999 0.139844 0.823437 0.135937 0.828125 0.12265600000000002 0.8296870000000001 0.107813 0.8296870000000001 0.075781 0.8257809999999999 0.064062 0.8140620000000001 0.06640599999999999 0.799219 0.079687
2 0.16953100000000002 0.9523440000000001 0.16875 0.957734 0.169141 0.9621090000000001 0.170312 0.967187 0.171875 0.96875 0.175 0.98125 0.181094 0.9907809999999999 0.1825 1 0.189063 0.9679690000000001 0.188281 0.9539059999999999 0.182031 0.945312 0.177344 0.945312 0.172656 0.9429690000000001 0.16953100000000002 0.940625 0.167188 0.946875 0.16953100000000002 0.9523440000000001
1 0.990625 0.12734399999999998 0.992188 0.12265600000000002 0.9859370000000001 0.11171899999999998 0.976562 0.10234399999999999 0.9679690000000001 0.1 0.9554690000000001 0.092188 0.9289059999999999 0.092188 0.915625 0.096875 0.8890629999999999 0.11171899999999998 0.882812 0.11171899999999998 0.90625 0.077344 0.9078120000000001 0.042969 0.9070309999999999 0.034375 0.9039059999999999 0.030469000000000003 0.8976559999999999 0.04375 0.8976559999999999 0.053125 0.894531 0.06875 0.8898440000000001 0.083594 0.884375 0.09375 0.8835940000000001 0.1 0.879687 0.10625 0.8804690000000001 0.11171899999999998 0.878125 0.11953100000000001 0.884375 0.121094 0.8882809999999999 0.11875 0.9070309999999999 0.11875 0.94375 0.12265600000000002 0.980469 0.133594 0.9859370000000001 0.13828100000000002 0.990625 0.13828100000000002 0.992188 0.135937 0.990625 0.12734399999999998
1 0.8609370000000001 0.129688 0.8523440000000001 0.12734399999999998 0.839844 0.129688 0.839844 0.12734399999999998 0.8429690000000001 0.124219 0.8429690000000001 0.11875 0.8492190000000001 0.10078100000000001 0.85 0.08125 0.8453120000000001 0.059375 0.839844 0.048437999999999995 0.839062 0.040625 0.8296870000000001 0.033594 0.8265629999999999 0.040625 0.825 0.0625 0.8289059999999999 0.072656 0.828125 0.11640600000000001 0.821875 0.139844 0.835938 0.140625 0.8445309999999999 0.139063 0.859375 0.140625 0.8695309999999999 0.139063 0.86875 0.133594 0.8609370000000001 0.129688
0 0.74375 0.0875 0.740625 0.092188 0.735938 0.092188 0.725 0.105469 0.716406 0.12265600000000002 0.7125 0.157031 0.709375 0.157031 0.701562 0.151562 0.688281 0.15234399999999998 0.68125 0.157031 0.677344 0.164844 0.676563 0.173437 0.673438 0.18125 0.673438 0.189062 0.68125 0.1875 0.692969 0.176563 0.704688 0.170313 0.713281 0.16796899999999998 0.717187 0.16015600000000002 0.721094 0.161719 0.727344 0.159375 0.754688 0.132031 0.767969 0.10703100000000002 0.76875 0.089063 0.766406 0.075 0.7625 0.07421900000000001 0.74375 0.0875
0 0.870312 0.357031 0.8664059999999999 0.34296899999999997 0.8609370000000001 0.33593799999999996 0.8578129999999999 0.326562 0.85 0.321875 0.8445309999999999 0.314063 0.8257809999999999 0.302344 0.804688 0.3 0.784375 0.294531 0.7875 0.285156 0.7875 0.27031299999999997 0.783594 0.263281 0.783594 0.259375 0.7640629999999999 0.228125 0.755469 0.220312 0.755469 0.23203100000000002 0.766406 0.261719 0.769531 0.278125 0.774219 0.28203100000000003 0.776562 0.291406 0.783594 0.298438 0.782031 0.300781 0.7828120000000001 0.307031 0.794531 0.319531 0.8101559999999999 0.329688 0.8125 0.334375 0.832813 0.353125 0.840625 0.3625 0.8414059999999999 0.365625 0.865625 0.388281 0.870312 0.389062 0.8726559999999999 0.382031 0.870312 0.357031
0 0.978125 0.485938 0.973438 0.4625 0.96875 0.45 0.957031 0.43671899999999997 0.942187 0.425781 0.9398440000000001 0.420312 0.9351559999999999 0.423438 0.9320309999999999 0.423438 0.925 0.41875 0.921875 0.411719 0.915625 0.409375 0.925 0.396875 0.9320309999999999 0.38984399999999997 0.9351559999999999 0.389062 0.932813 0.363281 0.929688 0.35156200000000004 0.9148440000000001 0.326562 0.8890629999999999 0.302344 0.886719 0.302344 0.8835940000000001 0.305469 0.8820309999999999 0.31875 0.8835940000000001 0.342187 0.886719 0.342187 0.8890629999999999 0.339844 0.8929690000000001 0.35859399999999997 0.8921870000000001 0.365625 0.896875 0.373437 0.8976559999999999 0.389062 0.9007809999999999 0.392188 0.902344 0.403906 0.9070309999999999 0.4125 0.9070309999999999 0.419531 0.9 0.423438 0.898438 0.427344 0.901563 0.43671899999999997 0.94375 0.480469 0.959375 0.504687 0.9617190000000001 0.514062 0.970313 0.522656 0.975 0.521875 0.978125 0.517969 0.978125 0.485938
1 0.8023440000000001 0.054688 0.797656 0.046094 0.785156 0.0375 0.7671870000000001 0.036719 0.764844 0.039062 0.764844 0.042187999999999996 0.786719 0.061719 0.79375 0.071875 0.794531 0.077344 0.799219 0.075781 0.8023440000000001 0.064844 0.8023440000000001 0.054688
2 0.839844 0.044531 0.8429690000000001 0.054688 0.8460940000000001 0.055469000000000004 0.854687 0.046094 0.85625 0.0375 0.854687 0.032812999999999995 0.848438 0.035937000000000004 0.839844 0.044531
0 0.925 0.226562 0.917969 0.219531 0.9046879999999999 0.2125 0.8890629999999999 0.20781299999999997 0.8609370000000001 0.20781299999999997 0.848438 0.209375 0.8460940000000001 0.211719 0.8453120000000001 0.208594 0.851562 0.201563 0.853125 0.192188 0.8523440000000001 0.178125 0.846875 0.16953100000000002 0.8273440000000001 0.165625 0.8179690000000001 0.16796899999999998 0.80625 0.166406 0.8054690000000001 0.170313 0.815625 0.190625 0.8210940000000001 0.21406200000000003 0.809375 0.21875 0.8070309999999999 0.225 0.799219 0.225781 0.7953129999999999 0.233594 0.804688 0.259375 0.8109379999999999 0.26640600000000003 0.8226559999999999 0.28593799999999997 0.8273440000000001 0.286719 0.834375 0.283594 0.8351559999999999 0.278906 0.83125 0.27031299999999997 0.8351559999999999 0.260156 0.8367190000000001 0.241406 0.8492190000000001 0.225781 0.8609370000000001 0.228125 0.925781 0.25625 0.939063 0.26093700000000003 0.945312 0.260156 0.94375 0.25078100000000003 0.925 0.226562
0 0.960938 0 0.9429690000000001 0.051562 0.9359379999999999 0.065625 0.932813 0.089063 0.934375 0.090625 0.9554690000000001 0.091406 0.9617190000000001 0.080469 0.971875 0.052344 0.9757809999999999 0.033594 0.9757809999999999 0.013281000000000001 0.972656 0 0.960938 0
0 0.696094 0.39531299999999997 0.684375 0.4 0.669531 0.4125 0.6625 0.41406200000000004 0.657813 0.409375 0.657031 0.403906 0.645313 0.4 0.623437 0.407813 0.586719 0.425781 0.582031 0.430469 0.582031 0.433594 0.589844 0.4375 0.616406 0.439844 0.654687 0.43828100000000003 0.660156 0.432031 0.660156 0.424219 0.6625 0.42109399999999997 0.66875 0.419531 0.680469 0.42109399999999997 0.692969 0.41875 0.704688 0.41406200000000004 0.724219 0.410156 0.728906 0.40625 0.732812 0.40703100000000003 0.735938 0.403125 0.740625 0.403125 0.742188 0.4 0.736719 0.396094 0.696094 0.39531299999999997
0 0.667969 0.349219 0.664062 0.34375 0.657031 0.33906200000000003 0.644531 0.335156 0.621875 0.334375 0.603125 0.3375 0.596094 0.341406 0.597656 0.346094 0.614063 0.353906 0.639062 0.373437 0.65 0.37968799999999997 0.659375 0.37968799999999997 0.665625 0.361719 0.667969 0.349219
0 0.76875 0.341406 0.760156 0.336719 0.749219 0.334375 0.733594 0.334375 0.71875 0.336719 0.715625 0.340625 0.709375 0.369531 0.711719 0.371094 0.726562 0.371094 0.752344 0.364844 0.775781 0.352344 0.778906 0.349219 0.7796879999999999 0.34453100000000003 0.776562 0.342187 0.76875 0.341406
0 0.426562 0.051562 0.41406200000000004 0.063281 0.39843799999999996 0.072656 0.39375 0.078125 0.384375 0.1 0.384375 0.115625 0.366406 0.150781 0.361719 0.167187 0.357812 0.173437 0.357031 0.180469 0.35859399999999997 0.182812 0.361719 0.182812 0.37578100000000003 0.170313 0.39375 0.150781 0.39843799999999996 0.14296899999999998 0.402344 0.12890600000000002 0.400781 0.123438 0.39375 0.11953100000000001 0.396875 0.11640600000000001 0.425781 0.10234399999999999 0.439844 0.085156 0.442969 0.075781 0.442969 0.065625 0.439063 0.05625 0.439844 0.046875 0.43125 0.051562 0.426562 0.051562
2 0.455469 0.11171899999999998 0.439063 0.110156 0.42968799999999996 0.11640600000000001 0.425 0.12734399999999998 0.428906 0.13125 0.442969 0.12734399999999998 0.475 0.125781 0.479688 0.12265600000000002 0.475781 0.11875 0.455469 0.11171899999999998
2 0.121875 0.2125 0.115625 0.203906 0.110156 0.203125 0.103125 0.197656 0.10078100000000001 0.20078100000000002 0.103125 0.21484399999999998 0.12265600000000002 0.25 0.12734399999999998 0.25 0.12734399999999998 0.235937 0.121875 0.2125
2 0.027344 0.079687 0.029687 0.092969 0.032812999999999995 0.098437 0.0375 0.096094 0.039844000000000004 0.085156 0.038280999999999996 0.075 0.033594 0.071875 0.028905999999999998 0.075781 0.027344 0.079687
1 0.321094 0.36015600000000003 0.319531 0.36875 0.31328100000000003 0.36875 0.315625 0.37031200000000003 0.315625 0.37421899999999997 0.307813 0.392969 0.30625 0.403906 0.310937 0.404687 0.317187 0.4 0.325781 0.384375 0.33125 0.380469 0.332812 0.373437 0.335156 0.371094 0.34453100000000003 0.37031200000000003 0.350781 0.366406 0.35156200000000004 0.363281 0.338281 0.357812 0.321094 0.36015600000000003
0 0.26484399999999997 0.514844 0.255469 0.510938 0.24843700000000002 0.504687 0.227344 0.498437 0.21718700000000002 0.497656 0.208594 0.49375 0.196094 0.492969 0.173438 0.48125 0.16875 0.48125 0.170312 0.4875 0.177344 0.496875 0.182813 0.500781 0.202344 0.507812 0.2125 0.520312 0.233594 0.522656 0.24531299999999998 0.525781 0.260938 0.525 0.267188 0.521875 0.267188 0.517188 0.26484399999999997 0.514844
0 0.210156 0.433594 0.185937 0.461719 0.178906 0.47656200000000004 0.178125 0.48359399999999997 0.17968800000000001 0.485938 0.196875 0.49375 0.20546899999999998 0.494531 0.211719 0.490625 0.225 0.46953100000000003 0.23203100000000002 0.45 0.23203100000000002 0.433594 0.228906 0.423438 0.225781 0.420312 0.21484399999999998 0.425781 0.210156 0.433594
0 0.173438 0.498437 0.171094 0.503125 0.170312 0.514844 0.1625 0.517188 0.15390600000000002 0.53125 0.147656 0.555469 0.14453100000000002 0.576562 0.14296899999999998 0.6 0.145312 0.603125 0.150781 0.600781 0.164844 0.576562 0.173438 0.541406 0.17421899999999998 0.521875 0.178906 0.51875 0.182813 0.522656 0.185937 0.519531 0.186719 0.515625 0.19375 0.510156 0.19375 0.504687 0.178125 0.498437 0.173438 0.498437
1 0.190234 0.41539099999999995 0.196094 0.4 0.200469 0.389922 0.206641 0.37742200000000004 0.193359 0.386563 0.18125 0.400781 0.17968800000000001 0.407813 0.17578100000000002 0.41093799999999997 0.170312 0.428125 0.17421899999999998 0.42968799999999996 0.180469 0.42968799999999996 0.18515600000000002 0.427344 0.191719 0.421641 0.203125 0.415625 0.210156 0.4125 0.21406299999999998 0.40742200000000006 0.203281 0.408828 0.190234 0.41539099999999995
1 0.269531 0.489844 0.265625 0.497656 0.270312 0.513281 0.27343799999999996 0.548438 0.278906 0.565625 0.283594 0.565625 0.28906200000000004 0.5375 0.28906200000000004 0.51875 0.284375 0.504687 0.27343799999999996 0.497656 0.290625 0.482031 0.295312 0.471094 0.301562 0.467187 0.303125 0.4625 0.29765600000000003 0.461719 0.2875 0.474219 0.269531 0.489844
1 0.215625 0.628906 0.2125 0.628906 0.196094 0.635938 0.182031 0.646094 0.18125 0.650781 0.19140600000000002 0.648438 0.242188 0.650781 0.242969 0.646094 0.23125 0.6375 0.215625 0.628906
0 0.521875 0.15 0.497656 0.14843800000000001 0.486719 0.151562 0.472656 0.151562 0.464063 0.157812 0.442187 0.1625 0.428906 0.170313 0.435937 0.170313 0.441406 0.172656 0.45390600000000003 0.182031 0.4625 0.180469 0.46796899999999997 0.182812 0.477344 0.182812 0.501563 0.176563 0.516406 0.16953100000000002 0.525781 0.16796899999999998 0.53125 0.163281 0.53125 0.160938 0.527344 0.15390600000000002 0.521875 0.15
0 0.046094 0.557813 0.038280999999999996 0.563281 0.032031 0.571094 0.028125 0.584375 0.028905999999999998 0.613281 0.033594 0.613281 0.046875 0.595313 0.048437999999999995 0.588281 0.053125 0.58125 0.055469000000000004 0.571094 0.0625 0.565625 0.064844 0.565625 0.07656199999999999 0.545312 0.07968800000000001 0.5375 0.080469 0.528906 0.078125 0.522656 0.072656 0.51875 0.065625 0.521094 0.046094 0.557813
2 0.46093799999999996 0.365625 0.451562 0.36875 0.448438 0.375 0.45234399999999997 0.378906 0.459375 0.37968799999999997 0.470313 0.375 0.478906 0.375 0.48125 0.373437 0.48515600000000003 0.37578100000000003 0.49375 0.37578100000000003 0.494531 0.372656 0.477344 0.366406 0.46093799999999996 0.365625
0 0.525 0.45781299999999997 0.514844 0.4625 0.50625 0.470313 0.497656 0.46953100000000003 0.49218799999999996 0.472656 0.478906 0.49375 0.46796899999999997 0.521875 0.474219 0.521875 0.49218799999999996 0.504687 0.49921899999999997 0.492969 0.505469 0.486719 0.510156 0.475781 0.51875 0.475 0.539062 0.464844 0.555469 0.459375 0.558594 0.454688 0.546875 0.45390600000000003 0.525 0.45781299999999997
2 0.472656 0.392188 0.466406 0.425781 0.466406 0.433594 0.470313 0.440625 0.475 0.439063 0.482031 0.428906 0.488281 0.40625 0.488281 0.390625 0.490625 0.385156 0.486719 0.376563 0.480469 0.376563 0.472656 0.392188
0 0.571875 0.319531 0.564844 0.3375 0.557812 0.361719 0.554688 0.38125 0.551563 0.3875 0.54375 0.396094 0.546875 0.399219 0.557031 0.400781 0.5636720000000001 0.403672 0.567031 0.396641 0.568047 0.388594 0.564609 0.38171900000000003 0.5706249999999999 0.383359 0.576406 0.385078 0.5743750000000001 0.381406 0.572656 0.373437 0.579688 0.36406299999999997 0.583594 0.339844 0.583594 0.31718799999999997 0.580469 0.30781200000000003 0.577344 0.310156 0.571875 0.319531
1 0.84375 0.632031 0.8265629999999999 0.613281 0.8109379999999999 0.600781 0.792969 0.596094 0.776562 0.596875 0.765625 0.599219 0.754688 0.605469 0.752344 0.603125 0.753906 0.596875 0.752344 0.583594 0.748437 0.575781 0.742188 0.567969 0.732812 0.560937 0.728125 0.560156 0.732031 0.573438 0.745312 0.596094 0.749219 0.6125 0.786719 0.63125 0.792187 0.632031 0.8101559999999999 0.639844 0.8335940000000001 0.642969 0.8453120000000001 0.642188 0.8460940000000001 0.638281 0.84375 0.632031
0 0.8804690000000001 0.621094 0.8765620000000001 0.625781 0.864063 0.632031 0.85625 0.639062 0.8367190000000001 0.648438 0.8289059999999999 0.65625 0.828125 0.672656 0.820312 0.685937 0.81875 0.692187 0.807812 0.705469 0.800781 0.727344 0.8039059999999999 0.733594 0.8101559999999999 0.735938 0.8179690000000001 0.74375 0.8226559999999999 0.74375 0.8296870000000001 0.740625 0.8375 0.733594 0.847656 0.717969 0.8507809999999999 0.696875 0.847656 0.684375 0.8375 0.674219 0.8367190000000001 0.667188 0.839844 0.665625 0.8414059999999999 0.661719 0.84375 0.6625 0.8429690000000001 0.666406 0.8460940000000001 0.667969 0.8492190000000001 0.664062 0.8617190000000001 0.664062 0.864063 0.661719 0.8757809999999999 0.659375 0.885938 0.653125 0.898438 0.636719 0.9 0.625781 0.9046879999999999 0.614844 0.8929690000000001 0.616406 0.8804690000000001 0.621094
0 0.80625 0.755469 0.808594 0.753906 0.8195309999999999 0.754687 0.8210940000000001 0.751563 0.81875 0.74375 0.808594 0.735938 0.776562 0.719531 0.76875 0.717187 0.745312 0.716406 0.742969 0.713281 0.75 0.701562 0.750781 0.689844 0.744531 0.675 0.730469 0.653906 0.720313 0.642188 0.702344 0.629687 0.692969 0.629687 0.703906 0.660156 0.732812 0.713281 0.728125 0.716406 0.728125 0.725781 0.7375 0.740625 0.754688 0.75625 0.769531 0.764062 0.792969 0.771875 0.808594 0.771875 0.8101559999999999 0.767188 0.80625 0.755469
0 0.9203129999999999 0.696875 0.934375 0.703125 0.9382809999999999 0.702344 0.941406 0.697656 0.940625 0.691406 0.925781 0.673438 0.925781 0.666406 0.928125 0.6625 0.925 0.649219 0.9203129999999999 0.645312 0.917188 0.648438 0.9148440000000001 0.657031 0.910937 0.663281 0.898438 0.673438 0.9117190000000001 0.689063 0.9117190000000001 0.707812 0.9164059999999999 0.704688 0.9203129999999999 0.696875
1 0.796875 0.8992190000000001 0.766406 0.89375 0.765625 0.890625 0.767969 0.8851559999999999 0.76875 0.8617190000000001 0.767969 0.857812 0.763281 0.8585940000000001 0.753906 0.8773440000000001 0.739063 0.9 0.732031 0.9070309999999999 0.730469 0.9125 0.735156 0.917188 0.775 0.920312 0.797656 0.920312 0.8195309999999999 0.9164059999999999 0.8273440000000001 0.9132809999999999 0.828125 0.910937 0.8226559999999999 0.9070309999999999 0.796875 0.8992190000000001
0 0.626563 0.8257809999999999 0.607031 0.840625 0.596094 0.8460940000000001 0.580469 0.860938 0.578125 0.8570309999999999 0.571094 0.854688 0.55625 0.8570309999999999 0.539062 0.8664059999999999 0.532031 0.8726559999999999 0.532813 0.876563 0.545312 0.878125 0.571875 0.876563 0.583594 0.873437 0.594531 0.875 0.603125 0.8726559999999999 0.621094 0.8617190000000001 0.634375 0.847656 0.640625 0.834375 0.640625 0.825 0.634375 0.8226559999999999 0.626563 0.8257809999999999
0 0.8140620000000001 0.945312 0.803125 0.9375 0.789844 0.93125 0.75 0.921875 0.738281 0.920312 0.721875 0.9210940000000001 0.713281 0.9 0.697656 0.8976559999999999 0.664844 0.8882809999999999 0.634375 0.8875 0.63125 0.889062 0.630469 0.8929690000000001 0.641406 0.9039059999999999 0.671094 0.9164059999999999 0.698437 0.925 0.717187 0.923438 0.720313 0.935937 0.727344 0.9445309999999999 0.730469 0.954688 0.75 0.964844 0.775781 0.970313 0.807812 0.9710940000000001 0.823437 0.9679690000000001 0.8289059999999999 0.964063 0.8273440000000001 0.9585940000000001 0.8140620000000001 0.945312
2 0.513281 0.9710940000000001 0.494531 0.98125 0.490625 0.9851559999999999 0.488281 0.9914059999999999 0.489844 0.9929690000000001 0.496875 0.9929690000000001 0.503906 0.988281 0.513281 0.9867190000000001 0.521094 0.9820309999999999 0.539062 0.9773440000000001 0.540625 0.9742190000000001 0.538281 0.9710940000000001 0.513281 0.9710940000000001
0 0.573437 1 0.573437 0.9867190000000001 0.580469 0.9835940000000001 0.588281 0.9757809999999999 0.598438 0.975 0.591406 0.967187 0.592187 0.954688 0.588281 0.9367190000000001 0.578906 0.935937 0.571875 0.9445309999999999 0.567969 0.9539059999999999 0.564844 0.970313 0.567188 0.9820309999999999 0.565625 0.984375 0.560937 0.985938 0.55625 0.99375 0.555469 1 0.573437 1
1 0.486719 0.728125 0.464063 0.771875 0.448438 0.796875 0.448438 0.801562 0.45625 0.8023440000000001 0.465625 0.799219 0.470313 0.800781 0.48359399999999997 0.799219 0.482812 0.796875 0.474219 0.79375 0.472656 0.791406 0.486719 0.772656 0.494531 0.753125 0.498437 0.732812 0.496875 0.717969 0.49375 0.717187 0.486719 0.728125
2 0.482812 0.675 0.471875 0.669531 0.457031 0.669531 0.446094 0.673438 0.446875 0.678125 0.470313 0.678125 0.489844 0.689844 0.496094 0.689844 0.494531 0.685156 0.482812 0.675
1 0.399219 0.69375 0.396875 0.684375 0.389062 0.669531 0.377344 0.664844 0.364844 0.666406 0.361719 0.661719 0.371641 0.653359 0.376172 0.635313 0.375391 0.610156 0.370313 0.630781 0.366719 0.6498440000000001 0.359375 0.658594 0.357031 0.663281 0.36015600000000003 0.672656 0.370313 0.678125 0.39375 0.705469 0.397656 0.70625 0.399219 0.704688 0.399219 0.69375
0 0.419531 0.771094 0.414844 0.757812 0.403906 0.742188 0.390625 0.730469 0.380469 0.725781 0.357031 0.724219 0.35156200000000004 0.721094 0.36015600000000003 0.714844 0.366406 0.702344 0.364844 0.684375 0.360938 0.669531 0.34296899999999997 0.649219 0.3375 0.647656 0.333594 0.64375 0.32890600000000003 0.652344 0.33593799999999996 0.682031 0.332812 0.714844 0.339844 0.724219 0.33125 0.728906 0.33593799999999996 0.736719 0.345313 0.74375 0.35156200000000004 0.754687 0.371094 0.765625 0.402344 0.797656 0.409375 0.801562 0.417188 0.801562 0.41875 0.8 0.419531 0.771094
0 0.354688 0.86875 0.343281 0.8671089999999999 0.333594 0.857812 0.32734399999999997 0.847656 0.326562 0.8429690000000001 0.322656 0.8429690000000001 0.310156 0.8304690000000001 0.300781 0.826562 0.30625 0.8226559999999999 0.30625 0.814063 0.307813 0.8125 0.307031 0.799219 0.302344 0.796094 0.299219 0.783594 0.2875 0.771094 0.278906 0.757812 0.261719 0.74375 0.253125 0.739844 0.24765600000000002 0.741406 0.24765600000000002 0.753906 0.253906 0.775 0.27343799999999996 0.814063 0.274219 0.825 0.267969 0.8257809999999999 0.2625 0.824219 0.260938 0.826562 0.263281 0.829688 0.278906 0.8367190000000001 0.291406 0.835938 0.296875 0.8460940000000001 0.310156 0.8585940000000001 0.319531 0.8648440000000001 0.323672 0.867578 0.330469 0.871094 0.338281 0.875 0.353906 0.8757809999999999 0.355469 0.8742190000000001 0.354688 0.86875
2 0.224219 0.725 0.22343700000000002 0.75 0.225781 0.769531 0.228125 0.774219 0.23125 0.773438 0.234375 0.769531 0.23828100000000002 0.757812 0.240625 0.728906 0.23593799999999998 0.720313 0.226562 0.720313 0.224219 0.725
0 0.14375 0.78125 0.11171899999999998 0.785156 0.103125 0.789062 0.092969 0.785937 0.075 0.785156 0.060156 0.794531 0.05625 0.798438 0.054688 0.803125 0.05625 0.804688 0.060156 0.803125 0.06640599999999999 0.8039059999999999 0.08125 0.799219 0.092969 0.798438 0.098437 0.799219 0.10390600000000001 0.803125 0.110156 0.804688 0.12734399999999998 0.804688 0.159375 0.797656 0.1625 0.795312 0.163281 0.790625 0.159375 0.786719 0.14375 0.78125
0 0.067187 0.6875 0.064844 0.692187 0.047656 0.707812 0.04375 0.714063 0.036094 0.7345309999999999 0.049219 0.725781 0.05 0.722656 0.059375 0.715625 0.06875 0.713281 0.0875 0.703906 0.11953100000000001 0.678906 0.12265600000000002 0.674219 0.121875 0.671875 0.103125 0.669531 0.067187 0.6875
0 0.146875 0.767188 0.11484399999999999 0.765625 0.08125 0.758594 0.075 0.758594 0.064844 0.766406 0.060156 0.759375 0.044531 0.751563 0.032812999999999995 0.749219 0.021093999999999998 0.749219 0.011719 0.751563 0.023438 0.763281 0.032031 0.780469 0.041406 0.78125 0.049219 0.779687 0.060937 0.773438 0.064844 0.773438 0.07421900000000001 0.783594 0.078125 0.785156 0.110156 0.785937 0.139062 0.782031 0.147656 0.778125 0.151563 0.773438 0.150781 0.769531 0.146875 0.767188
1 0.09515599999999999 0.850703 0.085156 0.835938 0.067969 0.83125 0.05625 0.83125 0.055469000000000004 0.834375 0.057813 0.8375 0.06640599999999999 0.8414059999999999 0.075781 0.85 0.080469 0.8507809999999999 0.09531300000000001 0.859375 0.10078100000000001 0.85625 0.101562 0.8523440000000001 0.104688 0.8492190000000001 0.105469 0.845313 0.09515599999999999 0.850703
0 0.084375 1 0.09218699999999999 0.989062 0.09375 0.982812 0.092969 0.970313 0.110156 0.9789059999999999 0.13125 0.9773440000000001 0.157031 0.964844 0.164844 0.957031 0.16875 0.9554690000000001 0.16953100000000002 0.9507809999999999 0.163281 0.946875 0.14453100000000002 0.9445309999999999 0.12343699999999999 0.9445309999999999 0.109375 0.949219 0.09218699999999999 0.9664059999999999 0.091406 0.970313 0.08203099999999999 0.965625 0.075781 0.9664059999999999 0.06640599999999999 0.978125 0.044531 0.9976559999999999 0.044531 1 0.084375 1
0 0.24375 0.9117190000000001 0.22031299999999998 0.9117190000000001 0.20703100000000002 0.915625 0.192969 0.925781 0.180469 0.90625 0.173438 0.9 0.1625 0.894531 0.157813 0.89375 0.15234399999999998 0.8960940000000001 0.14375 0.9039059999999999 0.14375 0.9085940000000001 0.15390600000000002 0.9195309999999999 0.15390600000000002 0.9226559999999999 0.157813 0.928125 0.157813 0.934375 0.165625 0.933594 0.16875 0.9375 0.177344 0.934375 0.189063 0.942187 0.19375 0.942187 0.202344 0.933594 0.22031299999999998 0.932813 0.2375 0.929688 0.26484399999999997 0.920312 0.261719 0.915625 0.24375 0.9117190000000001
2 0.11484399999999999 0.90625 0.114062 0.8835940000000001 0.11093800000000001 0.875 0.103125 0.8695309999999999 0.10078100000000001 0.8835940000000001 0.101562 0.909375 0.10781199999999999 0.91875 0.11171899999999998 0.9148440000000001 0.11484399999999999 0.90625