1 0.157812 0.784375 0.15859399999999998 0.766406 0.15234399999999998 0.755469 0.146094 0.754688 0.142187 0.758594 0.142187 0.764844 0.139844 0.773438 0.139844 0.782031 0.14296899999999998 0.788281 0.147656 0.792969 0.15 0.79375 0.154688 0.791406 0.157812 0.784375
1 0.194531 0.569531 0.19921899999999998 0.571875 0.213281 0.572656 0.220312 0.578906 0.22343799999999997 0.579688 0.226562 0.584375 0.233594 0.5875 0.234375 0.583594 0.226562 0.577344 0.224219 0.571875 0.22343799999999997 0.564063 0.220312 0.558594 0.210156 0.555469 0.19921899999999998 0.555469 0.192969 0.553906 0.186719 0.554688 0.185938 0.557031 0.194531 0.569531
1 0.18359399999999998 0.464063 0.186719 0.45625 0.185938 0.448438 0.18125 0.449219 0.17968800000000001 0.451562 0.173437 0.45234399999999997 0.16953100000000002 0.454688 0.165625 0.461719 0.165625 0.466406 0.175 0.467187 0.18359399999999998 0.464063
1 0.12265600000000002 0.427344 0.13828100000000002 0.417969 0.151562 0.417969 0.15390600000000002 0.415625 0.147656 0.410156 0.134375 0.410156 0.13125 0.407813 0.125781 0.40703100000000003 0.11640600000000001 0.414844 0.11171899999999998 0.424219 0.113281 0.427344 0.12265600000000002 0.427344
1 0.054688 0.457812 0.063281 0.447656 0.064844 0.435937 0.067969 0.432031 0.06875 0.427344 0.064062 0.420312 0.064062 0.404687 0.060937 0.39843799999999996 0.058594 0.400781 0.054688 0.41875 0.055469000000000004 0.42968799999999996 0.046875 0.441406 0.044531 0.449219 0.044531 0.459375 0.047656 0.461719 0.05 0.461719 0.054688 0.457812
1 0.085938 0.530469 0.092188 0.529687 0.101562 0.522656 0.10625 0.517188 0.107813 0.5125 0.1125 0.516406 0.11953100000000001 0.51875 0.13671899999999998 0.51875 0.14375 0.515625 0.15625 0.50625 0.157031 0.501563 0.155469 0.5 0.146094 0.49921899999999997 0.11640600000000001 0.501563 0.108594 0.498437 0.10390600000000001 0.49218799999999996 0.09765599999999999 0.49375 0.1 0.498437 0.096094 0.510156 0.09375 0.513281 0.094531 0.517969 0.091406 0.522656 0.085156 0.524219 0.078125 0.522656 0.075781 0.525781 0.080469 0.528906 0.085938 0.530469
1 0.427344 0.478906 0.432031 0.488281 0.440625 0.498437 0.439844 0.50625 0.441406 0.508594 0.451562 0.509375 0.459375 0.505469 0.467187 0.50625 0.474219 0.509375 0.478906 0.508594 0.47968700000000003 0.505469 0.47343799999999997 0.49375 0.46875 0.49218799999999996 0.454688 0.49218799999999996 0.451562 0.489062 0.44531200000000004 0.475781 0.439844 0.470313 0.432031 0.464844 0.428906 0.467187 0.42656299999999997 0.473437 0.427344 0.478906
1 0.255469 0.29765600000000003 0.261719 0.310156 0.261719 0.314844 0.26640600000000003 0.317969 0.278906 0.321094 0.288281 0.32734399999999997 0.294531 0.334375 0.29609399999999997 0.334375 0.29765600000000003 0.332812 0.29765600000000003 0.32890600000000003 0.29218700000000003 0.319531 0.288281 0.314844 0.28125 0.3125 0.275781 0.307813 0.27343799999999996 0.301562 0.27031299999999997 0.29765600000000003 0.26640600000000003 0.286719 0.264062 0.283594 0.259375 0.284375 0.25625 0.290625 0.255469 0.29765600000000003
1 0.235937 0.39843799999999996 0.235937 0.392969 0.2375 0.388281 0.240625 0.385156 0.240625 0.378125 0.23671899999999998 0.378906 0.235156 0.38125 0.23203100000000002 0.382031 0.221875 0.3875 0.215625 0.39375 0.21406200000000003 0.401563 0.21640600000000002 0.40546899999999997 0.224219 0.4125 0.227344 0.410156 0.235937 0.39843799999999996
2 0 0.067187 0.0023439999999999997 0.067187 0.011719 0.075781 0.013281000000000001 0.083594 0.017969 0.084375 0.020313 0.08125 0.020313 0.07656199999999999 0.014844 0.067969 0.009375 0.06406300000000001 0 0.0625 0 0.067187
1 0.847578 0.750469 0.85625 0.741406 0.8757809999999999 0.740625 0.8835940000000001 0.736719 0.884375 0.732031 0.8804690000000001 0.729687 0.8726559999999999 0.728125 0.845313 0.728906 0.8429690000000001 0.732031 0.847031 0.7438279999999999 0.840391 0.7575000000000001 0.847578 0.750469
1 0.8429690000000001 0.6875 0.845313 0.689844 0.853125 0.689063 0.85625 0.685156 0.8570309999999999 0.675781 0.85625 0.670312 0.8523440000000001 0.663281 0.839063 0.653906 0.8304690000000001 0.650781 0.8257809999999999 0.650781 0.826562 0.658594 0.8429690000000001 0.6875
1 0.679688 0.725 0.690625 0.728906 0.700781 0.728906 0.7 0.722656 0.692187 0.714844 0.674219 0.710156 0.671875 0.710938 0.671875 0.717187 0.679688 0.725
1 0.682031 0.859375 0.6875 0.8664059999999999 0.690625 0.879687 0.699219 0.8875 0.710938 0.8929690000000001 0.721875 0.89375 0.725781 0.8929690000000001 0.727344 0.8914059999999999 0.726562 0.884375 0.723437 0.8804690000000001 0.708594 0.8726559999999999 0.7 0.871875 0.696094 0.863281 0.691406 0.8570309999999999 0.682813 0.853125 0.677344 0.853125 0.678906 0.8578129999999999 0.682031 0.859375
1 0.4625 0.8734379999999999 0.464844 0.878125 0.470313 0.882812 0.47968700000000003 0.8851559999999999 0.492969 0.890625 0.498437 0.890625 0.5 0.8890629999999999 0.497656 0.884375 0.486719 0.8726559999999999 0.475781 0.8664059999999999 0.471094 0.865625 0.467187 0.8625 0.463281 0.8648440000000001 0.461719 0.8679690000000001 0.4625 0.8734379999999999
1 0.50625 0.778906 0.50625 0.7875 0.508594 0.792187 0.514062 0.7984370000000001 0.516406 0.80625 0.520312 0.8101559999999999 0.522656 0.8148440000000001 0.532031 0.823437 0.535937 0.823437 0.536719 0.8179690000000001 0.532031 0.8023440000000001 0.532031 0.796094 0.533594 0.790625 0.528906 0.786719 0.520312 0.783594 0.517969 0.7796879999999999 0.517969 0.775 0.516406 0.773438 0.516406 0.771094 0.511719 0.769531 0.509375 0.771875 0.50625 0.778906
1 0.322656 0.9375 0.32890600000000003 0.9359379999999999 0.330469 0.932813 0.338281 0.925 0.342187 0.9242190000000001 0.345313 0.9289059999999999 0.34843799999999997 0.9289059999999999 0.35 0.9273440000000001 0.347656 0.926562 0.346094 0.9234370000000001 0.342187 0.9210940000000001 0.342187 0.9195309999999999 0.33906200000000003 0.91875 0.335156 0.915625 0.328125 0.9148440000000001 0.31875 0.917188 0.310937 0.926562 0.310156 0.932813 0.314844 0.9359379999999999 0.322656 0.9375
2 0.18125 0.8695309999999999 0.186719 0.863281 0.19375 0.8601559999999999 0.19375 0.848438 0.186719 0.847656 0.18359399999999998 0.85 0.182812 0.854687 0.175 0.863281 0.172656 0.870312 0.173437 0.879687 0.178125 0.8765620000000001 0.18125 0.8695309999999999
2 0.184219 0.8804690000000001 0.197656 0.881484 0.203906 0.8820309999999999 0.20289100000000002 0.876641 0.19375 0.875703 0.1875 0.875 0.18515600000000002 0.8765620000000001 0.18125 0.8742190000000001 0.178906 0.8765620000000001 0.180859 0.879844 0.184219 0.8804690000000001
2 0.471875 0.285156 0.484375 0.285937 0.49921899999999997 0.292188 0.501563 0.294531 0.503125 0.29375 0.503125 0.288281 0.496875 0.279687 0.488281 0.277344 0.48125 0.271875 0.474219 0.271875 0.467187 0.274219 0.465625 0.276563 0.466406 0.28125 0.471875 0.285156
1 0.353125 0.577344 0.36015600000000003 0.578125 0.364844 0.576562 0.363281 0.571875 0.36406299999999997 0.567969 0.3625 0.567969 0.359375 0.564063 0.36015600000000003 0.560156 0.35625 0.554688 0.34296899999999997 0.548438 0.3375 0.548438 0.346094 0.567188 0.353125 0.577344
1 0.353828 0.597813 0.3525 0.605547 0.357812 0.614063 0.359375 0.623437 0.359766 0.627812 0.361719 0.63125 0.3625 0.626563 0.36476600000000003 0.6225780000000001 0.365156 0.617969 0.364844 0.6125 0.366406 0.609375 0.371094 0.605469 0.371094 0.596875 0.369531 0.592187 0.361719 0.585156 0.356094 0.583516 0.35750000000000004 0.587656 0.35562499999999997 0.5925779999999999 0.353828 0.597813
1 0.092969 0.717187 0.110937 0.717187 0.109375 0.7125 0.104688 0.707031 0.096875 0.702344 0.091406 0.702344 0.083594 0.704688 0.084375 0.708594 0.092969 0.717187