1 0.30625 0.189062 0.310937 0.19140600000000002 0.314063 0.197656 0.317969 0.197656 0.329688 0.19140600000000002 0.350781 0.190625 0.359375 0.185938 0.35625 0.18125 0.346094 0.17578100000000002 0.332812 0.172656 0.325781 0.173437 0.314844 0.184375 0.3125 0.182031 0.308594 0.170313 0.29609399999999997 0.15625 0.283594 0.146875 0.28046899999999997 0.149219 0.29375 0.16875 0.29609399999999997 0.176563 0.30625 0.189062
1 0.564063 0.05625 0.560156 0.05625 0.557031 0.052344 0.550781 0.045078 0.551406 0.056328 0.554688 0.064844 0.559219 0.077422 0.560156 0.087344 0.560625 0.096094 0.5675779999999999 0.09617200000000001 0.5675 0.089063 0.569531 0.082812 0.580469 0.05625 0.588281 0.04375 0.6 0.03125 0.6 0.026562000000000002 0.595313 0.027344 0.578906 0.036719 0.564063 0.05625
1 0 0.37031200000000003 0.009375 0.366406 0.022656000000000003 0.364844 0.032031 0.361719 0.053905999999999996 0.350781 0.057031 0.345313 0.06406300000000001 0.31718799999999997 0.053125 0.295312 0.01875 0.265625 0.015625 0.267188 0.017188000000000002 0.278906 0.032031 0.30781200000000003 0.042891 0.32437499999999997 0.036406 0.33835899999999997 0.015 0.350156 0 0.35515599999999997 0 0.37031200000000003
1 0.371094 0.372656 0.355469 0.378906 0.333594 0.380469 0.332031 0.385156 0.346875 0.388281 0.348437 0.390625 0.353906 0.392188 0.361719 0.397656 0.37421899999999997 0.38281200000000004 0.376563 0.377344 0.38281200000000004 0.373437 0.38820299999999996 0.36226600000000003 0.37851599999999996 0.365859 0.375 0.369531 0.371094 0.372656
1 0.796094 0.204687 0.7984370000000001 0.213281 0.7984370000000001 0.224219 0.817188 0.211719 0.832031 0.18984399999999998 0.832813 0.157031 0.8304690000000001 0.155469 0.823437 0.160938 0.8054690000000001 0.194531 0.796094 0.204687
1 0.903125 0.215625 0.8914059999999999 0.23125 0.8890629999999999 0.244531 0.8976559999999999 0.2625 0.9007809999999999 0.2625 0.903125 0.260156 0.914062 0.228906 0.9203129999999999 0.219531 0.9242190000000001 0.217188 0.9304690000000001 0.20546899999999998 0.9304690000000001 0.20078100000000002 0.9210940000000001 0.20078100000000002 0.915625 0.203906 0.903125 0.215625
1 0.723438 0.091406 0.724219 0.10078100000000001 0.728125 0.10703100000000002 0.734375 0.085156 0.748437 0.057031 0.745312 0.052344 0.739063 0.053905999999999996 0.727344 0.072656 0.723438 0.091406
1 0.68125 0.064844 0.685937 0.064844 0.679688 0.04375 0.674219 0.033594 0.664062 0.023438 0.658594 0.023438 0.659375 0.033594 0.666406 0.047656 0.68125 0.064844
1 0.228906 0.400781 0.22109399999999998 0.40625 0.21640600000000002 0.40546899999999997 0.210938 0.4 0.19531199999999999 0.396875 0.161719 0.396875 0.147656 0.403125 0.141406 0.408594 0.139844 0.4125 0.14843800000000001 0.415625 0.159375 0.415625 0.173438 0.421875 0.188281 0.421875 0.20078100000000002 0.424219 0.210156 0.423438 0.22343700000000002 0.417969 0.24531299999999998 0.417969 0.260156 0.42109399999999997 0.2625 0.420312 0.260938 0.415625 0.253906 0.408594 0.271875 0.394531 0.277344 0.3875 0.275781 0.385156 0.25781200000000004 0.389062 0.228906 0.400781
1 0.9351559999999999 0.8617190000000001 0.940625 0.8617190000000001 0.9507809999999999 0.8664059999999999 0.9632809999999999 0.867188 0.965625 0.8637499999999999 0.9460940000000001 0.8507809999999999 0.94375 0.8460940000000001 0.9367190000000001 0.840625 0.935703 0.835938 0.9320309999999999 0.839766 0.933516 0.8445309999999999 0.935859 0.853438 0.9351559999999999 0.8617190000000001
1 0.653125 0.095312 0.675781 0.099219 0.688281 0.10703100000000002 0.70625 0.107813 0.7125 0.104688 0.710938 0.099219 0.69375 0.08984400000000001 0.68125 0.089063 0.667969 0.090625 0.659375 0.088281 0.642969 0.079687 0.640625 0.080469 0.640625 0.084375 0.64375 0.088281 0.653125 0.095312
1 0.414844 0.288281 0.41648399999999997 0.285078 0.416406 0.28125 0.417031 0.265937 0.414219 0.258828 0.41187500000000005 0.268437 0.41078099999999995 0.275312 0.408828 0.283594 0.409375 0.289531 0.410156 0.294531 0.40625 0.29765600000000003 0.396875 0.299219 0.369531 0.309375 0.36875 0.31171899999999997 0.371875 0.314844 0.38984399999999997 0.314844 0.404687 0.3125 0.43125 0.31171899999999997 0.435156 0.310156 0.427344 0.3 0.41875 0.295312 0.414844 0.288281
1 0.55625 0.319531 0.557031 0.346094 0.560937 0.357812 0.560156 0.369531 0.563281 0.376563 0.565625 0.37578100000000003 0.571094 0.365625 0.576562 0.346094 0.575 0.325781 0.564844 0.30625 0.560156 0.307031 0.557812 0.310156 0.55625 0.319531
1 0.534375 0.424219 0.508594 0.424219 0.48515600000000003 0.427344 0.482031 0.428906 0.48125 0.43281200000000003 0.484375 0.435937 0.501563 0.439063 0.5375 0.442969 0.546094 0.440625 0.552344 0.43671899999999997 0.559375 0.42968799999999996 0.560156 0.42656299999999997 0.55625 0.41718700000000003 0.545312 0.428125 0.534375 0.424219
1 0.684766 0.45273399999999997 0.6813279999999999 0.45921900000000004 0.671094 0.449219 0.664062 0.449219 0.657578 0.460234 0.665 0.45609400000000005 0.6707029999999999 0.459453 0.677344 0.467187 0.682031 0.467187 0.685937 0.46406200000000003 0.689844 0.46406200000000003 0.701562 0.45390600000000003 0.7068749999999999 0.446328 0.7119530000000001 0.44312500000000005 0.714375 0.43320299999999995 0.7053130000000001 0.436641 0.696875 0.440781 0.684766 0.45273399999999997
1 0.739844 0.475 0.7365630000000001 0.47874999999999995 0.73125 0.482031 0.719531 0.494531 0.714062 0.503125 0.704688 0.500781 0.689063 0.5 0.6875 0.501563 0.688281 0.50625 0.7 0.510156 0.705469 0.514844 0.710938 0.516406 0.720313 0.516406 0.729687 0.513281 0.76875 0.467187 0.772656 0.458594 0.7671870000000001 0.45781299999999997 0.759375 0.46093799999999996 0.739844 0.475
1 0.745312 0.590625 0.747656 0.603906 0.75 0.607031 0.7515620000000001 0.623437 0.760156 0.61875 0.7625 0.613281 0.763281 0.600781 0.761719 0.59375 0.738281 0.551562 0.729687 0.540625 0.727344 0.540625 0.726562 0.548438 0.735938 0.576562 0.745312 0.590625
1 0.514844 0.557813 0.489062 0.557031 0.470313 0.558594 0.464063 0.561719 0.464844 0.566406 0.477344 0.571875 0.51875 0.580469 0.533594 0.58125 0.53125 0.572656 0.519531 0.560156 0.514844 0.557813
1 0.591406 0.627344 0.595313 0.63125 0.599219 0.63125 0.603125 0.625781 0.603906 0.609375 0.601562 0.604688 0.597656 0.605469 0.590625 0.61875 0.591406 0.627344
1 0.700781 0.778125 0.692969 0.774219 0.689063 0.765625 0.6875 0.772656 0.6875 0.803125 0.689844 0.8054690000000001 0.697656 0.804688 0.700781 0.79375 0.710156 0.785156 0.721094 0.779687 0.723438 0.775 0.71875 0.773438 0.708594 0.774219 0.700781 0.778125
1 0.721094 0.8445309999999999 0.721875 0.8507809999999999 0.725781 0.8507809999999999 0.730469 0.8460940000000001 0.73125 0.8179690000000001 0.728906 0.814063 0.725781 0.816406 0.723438 0.821875 0.721094 0.8445309999999999
1 0.9792970000000001 0.955156 0.982969 0.9563280000000001 0.987656 0.9563280000000001 0.999922 0.954453 0.9998440000000001 0.9458589999999999 0.9851559999999999 0.946875 0.976094 0.944297 0.9742190000000001 0.941406 0.9710940000000001 0.935937 0.965625 0.9351559999999999 0.9664059999999999 0.94375 0.971875 0.951562 0.9792970000000001 0.955156
1 0.39375 0.9617190000000001 0.39843799999999996 0.9617190000000001 0.4 0.957812 0.392969 0.942187 0.389062 0.9375 0.384375 0.917188 0.380469 0.9148440000000001 0.378125 0.9242190000000001 0.380469 0.9398440000000001 0.39375 0.9617190000000001
1 0.28203100000000003 0.792969 0.27343799999999996 0.8039059999999999 0.271094 0.8148440000000001 0.267969 0.815625 0.263281 0.808594 0.252344 0.8039059999999999 0.245156 0.803125 0.24531299999999998 0.8070309999999999 0.257031 0.814063 0.263281 0.8226559999999999 0.267969 0.824219 0.275781 0.8367190000000001 0.279687 0.8304690000000001 0.28046899999999997 0.820312 0.29609399999999997 0.796875 0.29765600000000003 0.790625 0.294531 0.7875 0.2875 0.789062 0.28203100000000003 0.792969
1 0.322656 0.654687 0.326562 0.660156 0.325 0.669531 0.322656 0.673438 0.322656 0.680469 0.326562 0.682813 0.334375 0.671094 0.340625 0.653906 0.338281 0.646094 0.33125 0.640625 0.326562 0.63125 0.321875 0.630469 0.32031200000000004 0.633594 0.32031200000000004 0.646094 0.322656 0.654687
1 0.175 0.501563 0.171875 0.505469 0.172656 0.510156 0.182031 0.521875 0.17968800000000001 0.526563 0.161719 0.536719 0.161719 0.542188 0.16875 0.542969 0.185937 0.539062 0.196094 0.532813 0.196875 0.525781 0.190625 0.514844 0.194531 0.507031 0.19531199999999999 0.49531200000000003 0.178906 0.46093799999999996 0.170312 0.449219 0.1625 0.441406 0.159375 0.441406 0.157813 0.439063 0.163281 0.463281 0.173438 0.489844 0.175 0.501563
1 0.319531 0.6 0.335156 0.607812 0.34296899999999997 0.624219 0.34453100000000003 0.633594 0.35 0.634375 0.352344 0.629687 0.353906 0.617969 0.35 0.608594 0.341406 0.602344 0.342187 0.5875 0.339063 0.580469 0.3125 0.553125 0.307031 0.545312 0.299219 0.539062 0.294531 0.539844 0.296875 0.55625 0.315625 0.5875 0.319531 0.6
1 0.361719 0.857812 0.371094 0.876563 0.378125 0.88125 0.38281200000000004 0.88125 0.3875 0.865625 0.385938 0.85625 0.36718799999999996 0.83125 0.361719 0.826562 0.357031 0.825 0.355469 0.8273440000000001 0.355469 0.8367190000000001 0.361719 0.857812
1 0.122891 0.812187 0.12781199999999998 0.8048439999999999 0.129375 0.800781 0.13281199999999999 0.795312 0.13125 0.771094 0.126563 0.774219 0.125156 0.785547 0.12273400000000001 0.798672 0.12156199999999999 0.8041410000000001 0.11640600000000001 0.8094530000000001 0.122891 0.812187
1 0.500781 0.219531 0.495313 0.228125 0.494531 0.233594 0.489844 0.239844 0.486719 0.235937 0.482031 0.235937 0.478125 0.240625 0.475781 0.252344 0.49375 0.259375 0.5 0.25625 0.498437 0.252344 0.502344 0.241406 0.511719 0.232813 0.517188 0.225 0.540625 0.21640600000000002 0.542969 0.2125 0.539062 0.210156 0.528125 0.210156 0.500781 0.219531