0 0.597656 0.360938 0.580469 0.36875 0.564844 0.38281200000000004 0.560156 0.390625 0.551563 0.392969 0.549219 0.4 0.5375 0.39531299999999997 0.521875 0.392969 0.514844 0.39375 0.510937 0.396875 0.519531 0.404687 0.532813 0.403125 0.547656 0.407813 0.552344 0.4125 0.561719 0.4125 0.571094 0.410156 0.580469 0.404687 0.607812 0.396875 0.621094 0.38984399999999997 0.626563 0.385156 0.629688 0.37968799999999997 0.63125 0.369531 0.623437 0.36406299999999997 0.614844 0.361719 0.597656 0.360938
1 0.767969 0.363281 0.758594 0.366406 0.750781 0.373437 0.741406 0.38984399999999997 0.739844 0.39843799999999996 0.744531 0.399219 0.773438 0.37968799999999997 0.777344 0.373437 0.775 0.369531 0.775781 0.35625 0.771094 0.357812 0.771094 0.36015600000000003 0.767969 0.363281
0 0.732031 0.510156 0.723438 0.523438 0.717969 0.541406 0.714844 0.564063 0.716406 0.582031 0.720313 0.5875 0.720313 0.591406 0.716406 0.595313 0.7125 0.610156 0.7125 0.632812 0.716406 0.654687 0.720313 0.660156 0.725 0.660937 0.732812 0.654687 0.739063 0.642188 0.740625 0.635156 0.739844 0.617969 0.728906 0.592187 0.741406 0.585156 0.755469 0.570312 0.769531 0.551562 0.788281 0.521094 0.792969 0.50625 0.796094 0.47656200000000004 0.7953129999999999 0.471094 0.792969 0.46953100000000003 0.773438 0.472656 0.75625 0.48125 0.732031 0.510156
0 1 0.795312 0.9976559999999999 0.794531 0.9929690000000001 0.785156 0.980469 0.772656 0.973438 0.767969 0.978125 0.75625 0.979687 0.74375 0.9773440000000001 0.697656 0.9742190000000001 0.695312 0.9695309999999999 0.700781 0.9617190000000001 0.720313 0.95625 0.752344 0.9585940000000001 0.764062 0.964844 0.771094 0.9617190000000001 0.78125 0.9617190000000001 0.788281 0.965625 0.810937 0.970313 0.8257809999999999 0.980469 0.8429690000000001 0.990625 0.8507809999999999 1 0.8445309999999999 1 0.795312
0 0.853125 0.8148440000000001 0.848438 0.8289059999999999 0.8445309999999999 0.8570309999999999 0.84375 0.876563 0.8453120000000001 0.8898440000000001 0.8492190000000001 0.902344 0.855469 0.9085940000000001 0.8523440000000001 0.9226559999999999 0.8523440000000001 0.935937 0.8601559999999999 0.9539059999999999 0.8726559999999999 0.96875 0.8773440000000001 0.967187 0.88125 0.953125 0.88125 0.9367190000000001 0.875 0.9226559999999999 0.875 0.91875 0.878125 0.9125 0.878125 0.898438 0.890625 0.8804690000000001 0.898438 0.8648440000000001 0.903125 0.846875 0.903125 0.826562 0.9007809999999999 0.8148440000000001 0.896875 0.8054690000000001 0.885938 0.794531 0.8773440000000001 0.795312 0.863281 0.8039059999999999 0.853125 0.8148440000000001
0 0.530469 0.8 0.504688 0.808594 0.486719 0.826562 0.475781 0.8460940000000001 0.471094 0.8664059999999999 0.459375 0.863281 0.446875 0.8648440000000001 0.440625 0.871094 0.43828100000000003 0.8773440000000001 0.44531200000000004 0.882812 0.46953100000000003 0.8851559999999999 0.471094 0.8820309999999999 0.47656200000000004 0.879687 0.490625 0.8679690000000001 0.501563 0.85625 0.515625 0.8492190000000001 0.535156 0.8351559999999999 0.559375 0.810937 0.561719 0.8070309999999999 0.561719 0.8023440000000001 0.557031 0.8 0.547656 0.799219 0.530469 0.8
2 0.428125 0.8726559999999999 0.433594 0.875 0.439063 0.873437 0.43828100000000003 0.8664059999999999 0.425781 0.85 0.419531 0.848437 0.410156 0.851562 0.409375 0.8539059999999999 0.413281 0.859375 0.428125 0.8726559999999999
0 0.389062 0.816406 0.371875 0.816406 0.360938 0.81875 0.348437 0.8257809999999999 0.340625 0.834375 0.339063 0.832812 0.339063 0.826562 0.34296899999999997 0.817187 0.34296899999999997 0.8125 0.341406 0.8117190000000001 0.333594 0.824219 0.330469 0.839844 0.314844 0.835938 0.302344 0.835938 0.289844 0.8429690000000001 0.28125 0.85 0.271875 0.8664059999999999 0.271875 0.875 0.275781 0.88125 0.278906 0.8820309999999999 0.305469 0.871094 0.324219 0.8570309999999999 0.33125 0.848437 0.336719 0.8460940000000001 0.385938 0.8539059999999999 0.395312 0.851562 0.424219 0.85 0.428125 0.848437 0.42968799999999996 0.845313 0.4125 0.8273440000000001 0.396875 0.8179690000000001 0.389062 0.816406
1 0.233594 1 0.242188 0.9554690000000001 0.241406 0.9507809999999999 0.235156 0.9476559999999999 0.2375 0.9445309999999999 0.23906200000000002 0.9273440000000001 0.23671899999999998 0.9210940000000001 0.23671899999999998 0.903125 0.23203100000000002 0.903125 0.221875 0.909375 0.221875 0.9117190000000001 0.21640600000000002 0.91875 0.21640600000000002 0.928125 0.22031299999999998 0.9367190000000001 0.23125 0.9476559999999999 0.225 0.9523440000000001 0.213281 0.95625 0.194531 0.972656 0.184375 0.9875 0.18125 1 0.233594 1
0 0.071875 0.807813 0.067969 0.8226559999999999 0.06640599999999999 0.839844 0.067969 0.8523440000000001 0.071875 0.8617190000000001 0.051562 0.8617190000000001 0.035937000000000004 0.86875 0.026562999999999996 0.88125 0.017188000000000002 0.904687 0.021875 0.904687 0.042187999999999996 0.8929690000000001 0.063281 0.878125 0.070312 0.870313 0.08125 0.865625 0.085938 0.8617190000000001 0.096875 0.842187 0.096875 0.8375 0.10234399999999999 0.834375 0.101562 0.826562 0.105469 0.804688 0.11171899999999998 0.7875 0.11171899999999998 0.779687 0.110156 0.778125 0.099219 0.777344 0.090625 0.782813 0.071875 0.807813
0 0.180469 1 0.18515600000000002 0.9820309999999999 0.173438 0.9789059999999999 0.15859399999999998 0.979688 0.139062 0.9898440000000001 0.120313 0.9851559999999999 0.099219 0.9851559999999999 0.085156 0.989062 0.071875 0.9976559999999999 0.071875 1 0.180469 1
0 0.11093800000000001 0.655469 0.121875 0.651563 0.130469 0.651563 0.139062 0.658594 0.14453100000000002 0.658594 0.160937 0.652344 0.172656 0.644531 0.178125 0.644531 0.188281 0.648438 0.194531 0.648438 0.227344 0.65625 0.23671899999999998 0.654687 0.241406 0.650781 0.240625 0.642969 0.228906 0.627344 0.22109399999999998 0.622656 0.209375 0.61875 0.198438 0.61875 0.178125 0.622656 0.171094 0.630469 0.170312 0.635156 0.16875 0.635938 0.165625 0.633594 0.165625 0.630469 0.15859399999999998 0.625 0.142188 0.61875 0.132031 0.617188 0.12343699999999999 0.61875 0.105469 0.617969 0.088281 0.622656 0.08203099999999999 0.628125 0.078906 0.634375 0.085938 0.642188 0.096875 0.646094 0.11093800000000001 0.655469
0 0.401563 0.638281 0.414844 0.650781 0.409375 0.654687 0.414844 0.654687 0.415625 0.652344 0.416406 0.654687 0.424219 0.655469 0.428125 0.659375 0.424219 0.671875 0.42265600000000003 0.708594 0.426562 0.726562 0.439844 0.748437 0.453125 0.758594 0.459375 0.759375 0.461719 0.754687 0.461719 0.7375 0.457031 0.696875 0.45 0.667188 0.439063 0.652344 0.43125 0.648438 0.428125 0.633594 0.417969 0.613281 0.4 0.595313 0.392969 0.59375 0.39140600000000003 0.603906 0.392188 0.615625 0.401563 0.638281
0 0.376563 0.41406200000000004 0.37421899999999997 0.42656299999999997 0.376563 0.45234399999999997 0.378906 0.454688 0.385156 0.471094 0.383594 0.475 0.388281 0.478906 0.388281 0.48359399999999997 0.394531 0.48906299999999997 0.397656 0.496875 0.392969 0.5 0.388281 0.497656 0.383594 0.500781 0.386719 0.504687 0.386719 0.5375 0.388281 0.546875 0.392969 0.548438 0.396875 0.540625 0.407813 0.501563 0.410937 0.497656 0.416406 0.49921899999999997 0.416406 0.494531 0.42109399999999997 0.48359399999999997 0.42109399999999997 0.47656200000000004 0.425 0.459375 0.425781 0.433594 0.421875 0.41406200000000004 0.419531 0.408594 0.4125 0.40156200000000003 0.404687 0.396875 0.4 0.396094 0.392188 0.396875 0.379687 0.407813 0.376563 0.41406200000000004
1 0.35625 0.365625 0.342187 0.365625 0.321875 0.371875 0.314844 0.383594 0.307031 0.37421899999999997 0.2875 0.36718799999999996 0.271094 0.367969 0.261719 0.372656 0.263281 0.378125 0.267188 0.376563 0.276563 0.383594 0.30625 0.388281 0.314844 0.386719 0.32031200000000004 0.390625 0.32734399999999997 0.390625 0.333594 0.392969 0.338281 0.390625 0.357031 0.389062 0.379687 0.39140600000000003 0.38125 0.38984399999999997 0.379687 0.38593700000000003 0.3625 0.36718799999999996 0.35625 0.365625
1 0 0.402344 0.005469 0.40546899999999997 0.013281000000000001 0.41406200000000004 0.017969 0.41406200000000004 0.017969 0.404687 0.025781 0.4 0.064844 0.388281 0.085156 0.390625 0.089063 0.388281 0.083594 0.380469 0.065625 0.37031200000000003 0.055469000000000004 0.36718799999999996 0.040625 0.36718799999999996 0.028905999999999998 0.371094 0.017969 0.38125 0.0125 0.38984399999999997 0.009375 0.4 0.0023439999999999997 0.39375 0 0.39375 0 0.402344
0 0.105469 0.457031 0.11484399999999999 0.466406 0.126563 0.471875 0.139062 0.471094 0.14296899999999998 0.46875 0.14375 0.465625 0.146875 0.463281 0.147656 0.457031 0.150781 0.45625 0.15 0.453125 0.139844 0.460156 0.13828100000000002 0.463281 0.130469 0.464844 0.128125 0.4625 0.128125 0.454688 0.117188 0.43125 0.10781199999999999 0.42109399999999997 0.09531300000000001 0.42109399999999997 0.0875 0.425 0.08203099999999999 0.43125 0.08203099999999999 0.4375 0.088281 0.44531200000000004 0.105469 0.457031
1 0.0875 0.53125 0.086719 0.546875 0.084375 0.548438 0.077344 0.546094 0.06640599999999999 0.546094 0.05625 0.549219 0.040625 0.557813 0.033594 0.565625 0.026562999999999996 0.577344 0.019531 0.598437 0.021093999999999998 0.603906 0.026562999999999996 0.605469 0.049219 0.594531 0.057031 0.588281 0.065625 0.584375 0.090625 0.565625 0.094531 0.560156 0.09531300000000001 0.554688 0.10390600000000001 0.549219 0.10781199999999999 0.538281 0.108594 0.5125 0.10390600000000001 0.5 0.09765599999999999 0.503906 0.090625 0.51875 0.0875 0.53125
0 0.796875 0.886719 0.786719 0.90625 0.785938 0.917969 0.783594 0.920312 0.778906 0.9195309999999999 0.766406 0.925 0.746094 0.9382809999999999 0.728906 0.9460940000000001 0.725781 0.95 0.725781 0.953125 0.735938 0.957031 0.744531 0.95625 0.7640629999999999 0.9460940000000001 0.78125 0.934375 0.786719 0.928125 0.7875 0.9226559999999999 0.792187 0.9242190000000001 0.807812 0.923438 0.835938 0.910937 0.8382809999999999 0.9085940000000001 0.8382809999999999 0.9039059999999999 0.8351559999999999 0.9007809999999999 0.821875 0.896875 0.8257809999999999 0.8835940000000001 0.824219 0.8757809999999999 0.821875 0.873437 0.8132809999999999 0.8742190000000001 0.796875 0.886719
1 0.46093799999999996 0.285156 0.46093799999999996 0.309375 0.466406 0.341406 0.457812 0.345313 0.453125 0.35 0.451562 0.357031 0.446875 0.36015600000000003 0.44531200000000004 0.36718799999999996 0.441406 0.371094 0.442969 0.376563 0.449219 0.373437 0.454688 0.366406 0.464063 0.359375 0.471094 0.349219 0.479688 0.353125 0.48359399999999997 0.349219 0.48359399999999997 0.329688 0.486719 0.31328100000000003 0.4875 0.29375 0.48359399999999997 0.275 0.475781 0.265625 0.470313 0.26640600000000003 0.4625 0.278125 0.46093799999999996 0.285156
0 0.547656 0.23671899999999998 0.536719 0.24531200000000003 0.528125 0.260156 0.528906 0.265625 0.539844 0.261719 0.564063 0.239844 0.561719 0.225781 0.557031 0.215625 0.552344 0.217188 0.548438 0.225 0.547656 0.23671899999999998
1 0.503906 0.110937 0.5 0.114062 0.494531 0.12890600000000002 0.49921899999999997 0.145313 0.500781 0.159375 0.509375 0.182812 0.514062 0.186719 0.517969 0.182031 0.526562 0.15234399999999998 0.528906 0.13828100000000002 0.528125 0.124219 0.525 0.117188 0.510156 0.110937 0.510937 0.083594 0.507031 0.071875 0.503125 0.067187 0.500781 0.057813 0.498437 0.055469000000000004 0.495313 0.055469000000000004 0.492969 0.060156 0.49375 0.069531 0.503906 0.110937
1 0.769531 0.10703100000000002 0.775 0.11484399999999999 0.78125 0.11484399999999999 0.783594 0.11640600000000001 0.789062 0.1125 0.7953129999999999 0.113281 0.7953129999999999 0.109375 0.785938 0.103125 0.785156 0.076563 0.7796879999999999 0.0625 0.771875 0.052344 0.7640629999999999 0.046094 0.760156 0.046094 0.759375 0.053905999999999996 0.763281 0.08125 0.769531 0.10703100000000002
1 0.9289059999999999 0.192969 0.9273440000000001 0.19375 0.925781 0.18984399999999998 0.910937 0.175 0.9085940000000001 0.16953100000000002 0.8976559999999999 0.157812 0.884375 0.15 0.8804690000000001 0.15234399999999998 0.878906 0.15859399999999998 0.875 0.161719 0.855469 0.163281 0.832031 0.17578100000000002 0.820312 0.189062 0.8195309999999999 0.194531 0.821875 0.197656 0.8679690000000001 0.203125 0.929688 0.201563 0.9367190000000001 0.190625 0.939063 0.177344 0.9359379999999999 0.170313 0.93125 0.17421899999999998 0.9289059999999999 0.192969
2 1 0.146094 0.978125 0.142187 0.978125 0.149219 0.9867190000000001 0.18125 0.9859370000000001 0.201563 0.990625 0.202344 0.9945309999999999 0.19375 0.996094 0.17578100000000002 0.990625 0.157812 0.99375 0.151562 1 0.15234399999999998 1 0.146094
0 0.683594 0.18984399999999998 0.692188 0.20703100000000002 0.705469 0.227344 0.708594 0.22968700000000003 0.719531 0.23203100000000002 0.716406 0.235156 0.714062 0.241406 0.713281 0.252344 0.714844 0.25625 0.722656 0.26640600000000003 0.749219 0.282813 0.7640629999999999 0.2875 0.765625 0.282813 0.753906 0.259375 0.738281 0.242969 0.725 0.23671899999999998 0.721094 0.23203100000000002 0.722656 0.210938 0.719531 0.19140600000000002 0.709375 0.1625 0.701562 0.154688 0.686719 0.15390600000000002 0.680469 0.15625 0.676563 0.161719 0.676563 0.16875 0.683594 0.18984399999999998
0 0.290625 0.447656 0.302344 0.44843700000000003 0.30625 0.451562 0.307031 0.457031 0.317969 0.465625 0.349219 0.48125 0.35625 0.48359399999999997 0.363281 0.482812 0.360938 0.475 0.353906 0.466406 0.332812 0.44843700000000003 0.330469 0.444531 0.326562 0.44375 0.322656 0.439063 0.307031 0.439063 0.300781 0.42656299999999997 0.28906200000000004 0.41093799999999997 0.275781 0.400781 0.27343799999999996 0.400781 0.271875 0.40546899999999997 0.275 0.420312 0.267188 0.416406 0.259375 0.420312 0.251563 0.420312 0.24609399999999998 0.423438 0.25 0.430469 0.263281 0.43828100000000003 0.290625 0.447656