0 0.360938 0.402344 0.36875 0.419531 0.38281200000000004 0.435156 0.390625 0.439844 0.392969 0.44843700000000003 0.4 0.450781 0.39531299999999997 0.4625 0.392969 0.478125 0.39375 0.48515600000000003 0.396875 0.48906299999999997 0.404687 0.480469 0.403125 0.467187 0.407813 0.45234399999999997 0.4125 0.447656 0.4125 0.43828100000000003 0.410156 0.428906 0.404687 0.419531 0.396875 0.392188 0.38984399999999997 0.378906 0.385156 0.373437 0.37968799999999997 0.37031200000000003 0.369531 0.36875 0.36406299999999997 0.376563 0.361719 0.385156 0.360938 0.402344
1 0.363281 0.23203100000000002 0.366406 0.241406 0.373437 0.249219 0.38984399999999997 0.258594 0.39843799999999996 0.260156 0.399219 0.255469 0.37968799999999997 0.226562 0.373437 0.22265600000000002 0.369531 0.225 0.35625 0.224219 0.357812 0.228906 0.36015600000000003 0.228906 0.363281 0.23203100000000002
0 0.510156 0.267969 0.523438 0.27656200000000003 0.541406 0.28203100000000003 0.564063 0.285156 0.582031 0.283594 0.5875 0.279687 0.591406 0.279687 0.595313 0.283594 0.610156 0.2875 0.632812 0.2875 0.654687 0.283594 0.660156 0.279687 0.660937 0.275 0.654687 0.267188 0.642188 0.26093700000000003 0.635156 0.259375 0.617969 0.260156 0.592187 0.271094 0.585156 0.258594 0.570312 0.244531 0.551562 0.23046899999999998 0.521094 0.211719 0.50625 0.20703100000000002 0.47656200000000004 0.203906 0.471094 0.204687 0.46953100000000003 0.20703100000000002 0.472656 0.226562 0.48125 0.24375 0.510156 0.267969
0 0.795312 0 0.794531 0.0023439999999999997 0.785156 0.007031 0.772656 0.019531 0.767969 0.026562000000000002 0.75625 0.021875 0.74375 0.020313 0.697656 0.022656000000000003 0.695312 0.025781 0.700781 0.030469000000000003 0.720313 0.038280999999999996 0.752344 0.04375 0.764062 0.041406 0.771094 0.035156 0.78125 0.038280999999999996 0.788281 0.038280999999999996 0.810937 0.034375 0.8257809999999999 0.029687 0.8429690000000001 0.019531 0.8507809999999999 0.009375 0.8445309999999999 0 0.795312 0
0 0.8148440000000001 0.146875 0.8289059999999999 0.151562 0.8570309999999999 0.155469 0.876563 0.15625 0.8898440000000001 0.154688 0.902344 0.150781 0.9085940000000001 0.14453100000000002 0.9226559999999999 0.147656 0.935937 0.147656 0.9539059999999999 0.139844 0.96875 0.12734399999999998 0.967187 0.12265600000000002 0.953125 0.11875 0.9367190000000001 0.11875 0.9226559999999999 0.125 0.91875 0.125 0.9125 0.121875 0.898438 0.121875 0.8804690000000001 0.109375 0.8648440000000001 0.101562 0.846875 0.096875 0.826562 0.096875 0.8148440000000001 0.099219 0.8054690000000001 0.103125 0.794531 0.114062 0.795312 0.12265600000000002 0.8039059999999999 0.13671899999999998 0.8148440000000001 0.146875
0 0.8 0.46953100000000003 0.808594 0.49531200000000003 0.826562 0.513281 0.8460940000000001 0.524219 0.8664059999999999 0.528906 0.863281 0.540625 0.8648440000000001 0.553125 0.871094 0.559375 0.8773440000000001 0.561719 0.882812 0.554688 0.8851559999999999 0.530469 0.8820309999999999 0.528906 0.879687 0.523438 0.8679690000000001 0.509375 0.85625 0.498437 0.8492190000000001 0.484375 0.8351559999999999 0.464844 0.810937 0.440625 0.8070309999999999 0.43828100000000003 0.8023440000000001 0.43828100000000003 0.8 0.442969 0.799219 0.45234399999999997 0.8 0.46953100000000003
2 0.8726559999999999 0.571875 0.875 0.566406 0.873437 0.560937 0.8664059999999999 0.561719 0.85 0.574219 0.848437 0.580469 0.851562 0.589844 0.8539059999999999 0.590625 0.859375 0.586719 0.8726559999999999 0.571875
0 0.816406 0.610938 0.816406 0.628125 0.81875 0.639062 0.8257809999999999 0.651563 0.834375 0.659375 0.832812 0.660937 0.826562 0.660937 0.817187 0.657031 0.8125 0.657031 0.8117190000000001 0.658594 0.824219 0.666406 0.839844 0.669531 0.835938 0.685156 0.835938 0.697656 0.8429690000000001 0.710156 0.85 0.71875 0.8664059999999999 0.728125 0.875 0.728125 0.88125 0.724219 0.8820309999999999 0.721094 0.871094 0.694531 0.8570309999999999 0.675781 0.848437 0.66875 0.8460940000000001 0.663281 0.8539059999999999 0.614062 0.851562 0.604688 0.85 0.575781 0.848437 0.571875 0.845313 0.570312 0.8273440000000001 0.5875 0.8179690000000001 0.603125 0.816406 0.610938
1 1 0.766406 0.9554690000000001 0.757812 0.9507809999999999 0.758594 0.9476559999999999 0.764844 0.9445309999999999 0.7625 0.9273440000000001 0.760938 0.9210940000000001 0.763281 0.903125 0.763281 0.903125 0.767969 0.909375 0.778125 0.9117190000000001 0.778125 0.91875 0.783594 0.928125 0.783594 0.9367190000000001 0.779687 0.9476559999999999 0.76875 0.9523440000000001 0.775 0.95625 0.786719 0.972656 0.8054690000000001 0.9875 0.815625 1 0.81875 1 0.766406
0 0.807813 0.928125 0.8226559999999999 0.9320309999999999 0.839844 0.933594 0.8523440000000001 0.9320309999999999 0.8617190000000001 0.928125 0.8617190000000001 0.948438 0.86875 0.964063 0.88125 0.973437 0.904687 0.982812 0.904687 0.978125 0.8929690000000001 0.957812 0.878125 0.9367190000000001 0.870313 0.929688 0.865625 0.91875 0.8617190000000001 0.914062 0.842187 0.903125 0.8375 0.903125 0.834375 0.8976559999999999 0.826562 0.898438 0.804688 0.894531 0.7875 0.8882809999999999 0.779687 0.8882809999999999 0.778125 0.8898440000000001 0.777344 0.9007809999999999 0.782813 0.909375 0.807813 0.928125
0 1 0.8195309999999999 0.9820309999999999 0.8148440000000001 0.9789059999999999 0.826562 0.979688 0.8414059999999999 0.9898440000000001 0.860938 0.9851559999999999 0.879687 0.9851559999999999 0.9007809999999999 0.989062 0.9148440000000001 0.9976559999999999 0.928125 1 0.928125 1 0.8195309999999999
0 0.655469 0.889062 0.651563 0.878125 0.651563 0.8695309999999999 0.658594 0.860938 0.658594 0.855469 0.652344 0.839063 0.644531 0.8273440000000001 0.644531 0.821875 0.648438 0.8117190000000001 0.648438 0.8054690000000001 0.65625 0.772656 0.654687 0.763281 0.650781 0.758594 0.642969 0.759375 0.627344 0.771094 0.622656 0.778906 0.61875 0.790625 0.61875 0.801562 0.622656 0.821875 0.630469 0.8289059999999999 0.635156 0.829688 0.635938 0.83125 0.633594 0.834375 0.630469 0.834375 0.625 0.8414059999999999 0.61875 0.857812 0.617188 0.8679690000000001 0.61875 0.876563 0.617969 0.894531 0.622656 0.9117190000000001 0.628125 0.917969 0.634375 0.9210940000000001 0.642188 0.914062 0.646094 0.903125 0.655469 0.889062
0 0.638281 0.598437 0.650781 0.585156 0.654687 0.590625 0.654687 0.585156 0.652344 0.584375 0.654687 0.583594 0.655469 0.575781 0.659375 0.571875 0.671875 0.575781 0.708594 0.577344 0.726562 0.573438 0.748437 0.560156 0.758594 0.546875 0.759375 0.540625 0.754687 0.538281 0.7375 0.538281 0.696875 0.542969 0.667188 0.55 0.652344 0.560937 0.648438 0.56875 0.633594 0.571875 0.613281 0.582031 0.595313 0.6 0.59375 0.607031 0.603906 0.608594 0.615625 0.607812 0.638281 0.598437
0 0.41406200000000004 0.623437 0.42656299999999997 0.625781 0.45234399999999997 0.623437 0.454688 0.621094 0.471094 0.614844 0.475 0.616406 0.478906 0.611719 0.48359399999999997 0.611719 0.48906299999999997 0.605469 0.496875 0.602344 0.5 0.607031 0.497656 0.611719 0.500781 0.616406 0.504687 0.613281 0.5375 0.613281 0.546875 0.611719 0.548438 0.607031 0.540625 0.603125 0.501563 0.592187 0.497656 0.589063 0.49921899999999997 0.583594 0.494531 0.583594 0.48359399999999997 0.578906 0.47656200000000004 0.578906 0.459375 0.575 0.433594 0.574219 0.41406200000000004 0.578125 0.408594 0.580469 0.40156200000000003 0.5875 0.396875 0.595313 0.396094 0.6 0.396875 0.607812 0.407813 0.620313 0.41406200000000004 0.623437
1 0.365625 0.64375 0.365625 0.657813 0.371875 0.678125 0.383594 0.685156 0.37421899999999997 0.692969 0.36718799999999996 0.7125 0.367969 0.728906 0.372656 0.738281 0.378125 0.736719 0.376563 0.732812 0.383594 0.723437 0.388281 0.69375 0.386719 0.685156 0.390625 0.679688 0.390625 0.672656 0.392969 0.666406 0.390625 0.661719 0.389062 0.642969 0.39140600000000003 0.620313 0.38984399999999997 0.61875 0.38593700000000003 0.620313 0.36718799999999996 0.6375 0.365625 0.64375
1 0.402344 1 0.40546899999999997 0.9945309999999999 0.41406200000000004 0.9867190000000001 0.41406200000000004 0.9820309999999999 0.404687 0.9820309999999999 0.4 0.9742190000000001 0.388281 0.9351559999999999 0.390625 0.9148440000000001 0.388281 0.910937 0.380469 0.9164059999999999 0.37031200000000003 0.934375 0.36718799999999996 0.9445309999999999 0.36718799999999996 0.959375 0.371094 0.9710940000000001 0.38125 0.9820309999999999 0.38984399999999997 0.9875 0.4 0.990625 0.39375 0.9976559999999999 0.39375 1 0.402344 1
0 0.457031 0.894531 0.466406 0.8851559999999999 0.471875 0.873437 0.471094 0.860938 0.46875 0.8570309999999999 0.465625 0.85625 0.463281 0.853125 0.457031 0.8523440000000001 0.45625 0.8492190000000001 0.453125 0.85 0.460156 0.8601559999999999 0.463281 0.8617190000000001 0.464844 0.8695309999999999 0.4625 0.871875 0.454688 0.871875 0.43125 0.882812 0.42109399999999997 0.892188 0.42109399999999997 0.904687 0.425 0.9125 0.43125 0.917969 0.4375 0.917969 0.44531200000000004 0.9117190000000001 0.457031 0.894531
1 0.53125 0.9125 0.546875 0.9132809999999999 0.548438 0.915625 0.546094 0.9226559999999999 0.546094 0.933594 0.549219 0.94375 0.557813 0.959375 0.565625 0.9664059999999999 0.577344 0.973437 0.598437 0.980469 0.603906 0.9789059999999999 0.605469 0.973437 0.594531 0.9507809999999999 0.588281 0.9429690000000001 0.584375 0.934375 0.565625 0.909375 0.560156 0.9054690000000001 0.554688 0.904687 0.549219 0.8960940000000001 0.538281 0.892188 0.5125 0.8914059999999999 0.5 0.8960940000000001 0.503906 0.902344 0.51875 0.909375 0.53125 0.9125
0 0.886719 0.203125 0.90625 0.213281 0.917969 0.21406200000000003 0.920312 0.21640600000000002 0.9195309999999999 0.22109399999999998 0.925 0.233594 0.9382809999999999 0.253906 0.9460940000000001 0.271094 0.95 0.274219 0.953125 0.274219 0.957031 0.264062 0.95625 0.255469 0.9460940000000001 0.235937 0.934375 0.21875 0.928125 0.213281 0.9226559999999999 0.2125 0.9242190000000001 0.20781299999999997 0.923438 0.192188 0.910937 0.16406199999999999 0.9085940000000001 0.161719 0.9039059999999999 0.161719 0.9007809999999999 0.164844 0.896875 0.178125 0.8835940000000001 0.17421899999999998 0.8757809999999999 0.17578100000000002 0.873437 0.178125 0.8742190000000001 0.186719 0.886719 0.203125
1 0.285156 0.539062 0.309375 0.539062 0.341406 0.533594 0.345313 0.542188 0.35 0.546875 0.357031 0.548438 0.36015600000000003 0.553125 0.36718799999999996 0.554688 0.371094 0.558594 0.376563 0.557031 0.373437 0.550781 0.366406 0.545312 0.359375 0.535937 0.349219 0.528906 0.353125 0.520312 0.349219 0.516406 0.329688 0.516406 0.31328100000000003 0.513281 0.29375 0.5125 0.275 0.516406 0.265625 0.524219 0.26640600000000003 0.529687 0.278125 0.5375 0.285156 0.539062
0 0.23671899999999998 0.45234399999999997 0.24531200000000003 0.463281 0.260156 0.471875 0.265625 0.471094 0.261719 0.460156 0.239844 0.435937 0.225781 0.43828100000000003 0.215625 0.442969 0.217188 0.447656 0.225 0.451562 0.23671899999999998 0.45234399999999997
1 0.110937 0.496094 0.114062 0.5 0.12890600000000002 0.505469 0.145313 0.500781 0.159375 0.49921899999999997 0.182812 0.490625 0.186719 0.485938 0.182031 0.482031 0.15234399999999998 0.47343799999999997 0.13828100000000002 0.471094 0.124219 0.471875 0.117188 0.475 0.110937 0.489844 0.083594 0.48906299999999997 0.071875 0.492969 0.067187 0.496875 0.057813 0.49921899999999997 0.055469000000000004 0.501563 0.055469000000000004 0.504687 0.060156 0.507031 0.069531 0.50625 0.110937 0.496094
1 0.10703100000000002 0.23046899999999998 0.11484399999999999 0.225 0.11484399999999999 0.21875 0.11640600000000001 0.21640600000000002 0.1125 0.210938 0.113281 0.204687 0.109375 0.204687 0.103125 0.21406200000000003 0.076563 0.21484399999999998 0.0625 0.220312 0.052344 0.228125 0.046094 0.235937 0.046094 0.239844 0.053905999999999996 0.240625 0.08125 0.23671899999999998 0.10703100000000002 0.23046899999999998
1 0.192969 0.071094 0.19375 0.072656 0.18984399999999998 0.07421900000000001 0.175 0.089063 0.16953100000000002 0.091406 0.157812 0.10234399999999999 0.15 0.115625 0.15234399999999998 0.11953100000000001 0.15859399999999998 0.121094 0.161719 0.125 0.163281 0.14453100000000002 0.17578100000000002 0.16796899999999998 0.189062 0.17968800000000001 0.194531 0.180469 0.197656 0.178125 0.203125 0.132031 0.201563 0.070312 0.190625 0.063281 0.177344 0.060937 0.170313 0.064062 0.17421899999999998 0.06875 0.192969 0.071094
2 0.146094 0 0.142187 0.021875 0.149219 0.021875 0.18125 0.013281000000000001 0.201563 0.014063 0.202344 0.009375 0.19375 0.005469 0.17578100000000002 0.0039059999999999997 0.157812 0.009375 0.151562 0.00625 0.15234399999999998 0 0.146094 0
0 0.18984399999999998 0.316406 0.20703100000000002 0.30781200000000003 0.227344 0.294531 0.22968700000000003 0.291406 0.23203100000000002 0.28046899999999997 0.235156 0.283594 0.241406 0.28593799999999997 0.252344 0.286719 0.25625 0.285156 0.26640600000000003 0.277344 0.282813 0.25078100000000003 0.2875 0.235937 0.282813 0.234375 0.259375 0.24609399999999998 0.242969 0.261719 0.23671899999999998 0.275 0.23203100000000002 0.278906 0.210938 0.277344 0.19140600000000002 0.28046899999999997 0.1625 0.290625 0.154688 0.298438 0.15390600000000002 0.31328100000000003 0.15625 0.319531 0.161719 0.32343700000000003 0.16875 0.32343700000000003 0.18984399999999998 0.316406
0 0.447656 0.709375 0.44843700000000003 0.697656 0.451562 0.69375 0.457031 0.692969 0.465625 0.682031 0.48125 0.650781 0.48359399999999997 0.64375 0.482812 0.636719 0.475 0.639062 0.466406 0.646094 0.44843700000000003 0.667188 0.444531 0.669531 0.44375 0.673438 0.439063 0.677344 0.439063 0.692969 0.42656299999999997 0.699219 0.41093799999999997 0.710938 0.400781 0.724219 0.400781 0.726562 0.40546899999999997 0.728125 0.420312 0.725 0.416406 0.732812 0.420312 0.740625 0.420312 0.748437 0.423438 0.753906 0.430469 0.75 0.43828100000000003 0.736719 0.447656 0.709375