2 0.7125 0.497656 0.717969 0.49921899999999997 0.720313 0.507812 0.725 0.510156 0.725781 0.515625 0.728125 0.517969 0.732812 0.517969 0.733594 0.521875 0.742969 0.533594 0.742969 0.536719 0.754687 0.541406 0.757031 0.546094 0.764062 0.547656 0.772656 0.552344 0.785937 0.553125 0.794531 0.55625 0.80625 0.550781 0.817969 0.55 0.8195309999999999 0.548438 0.81875 0.532031 0.814063 0.532031 0.814063 0.535937 0.816406 0.536719 0.8101559999999999 0.541406 0.803125 0.542188 0.797656 0.540625 0.792188 0.542188 0.770312 0.5375 0.760156 0.532813 0.75 0.524219 0.744531 0.521875 0.740625 0.513281 0.730469 0.504687 0.728125 0.5 0.717969 0.49218799999999996 0.716406 0.49218799999999996 0.715625 0.496875
1 0.542188 0.597266 0.528906 0.591016 0.519141 0.58125 0.491016 0.532031 0.48320299999999994 0.53125 0.48359399999999997 0.47695300000000007 0.49531200000000003 0.47695300000000007 0.49570299999999995 0.484375 0.500391 0.489844 0.501953 0.504687 0.49726599999999993 0.515625 0.523438 0.530078 0.536328 0.549219 0.537891 0.557813 0.544141 0.566406 0.547266 0.583594 0.547266 0.592187 0.542188 0.597266
1 0.232813 0.722266 0.219531 0.722266 0.21875 0.716016 0.194141 0.709375 0.186328 0.688281 0.176953 0.684375 0.177344 0.664453 0.190625 0.664453 0.191016 0.673438 0.20351599999999997 0.685156 0.208594 0.695703 0.219531 0.684766 0.250781 0.673828 0.275 0.672266 0.280078 0.670312 0.280469 0.664453 0.309766 0.664844 0.309375 0.675391 0.297656 0.678516 0.28125 0.694141 0.263281 0.700391 0.24375 0.712891 0.235156 0.714453 0.232813 0.722266
1 0.178125 0.634766 0.164453 0.634375 0.164453 0.610156 0.170313 0.609766 0.186328 0.59375 0.187891 0.575781 0.204687 0.576953 0.217188 0.572266 0.217969 0.564453 0.234375 0.564453 0.234375 0.575391 0.227344 0.575391 0.217188 0.587891 0.201953 0.591406 0.20351599999999997 0.598437 0.20039100000000004 0.60625 0.178516 0.627344 0.178125 0.634766
2 0.153125 0.44726600000000005 0.136328 0.446875 0.136328 0.441406 0.11914099999999998 0.417969 0.114062 0.412891 0.10820300000000001 0.4125 0.108594 0.40195299999999995 0.128516 0.402344 0.128516 0.407813 0.141016 0.42265600000000003 0.147266 0.4375 0.153516 0.43828100000000003 0.153125 0.44726600000000005
2 0 0.472266 0.026561999999999995 0.46601599999999993 0.041016 0.453125 0.041406 0.44570300000000007 0.066016 0.446094 0.066016 0.453125 0.060156 0.4535159999999999 0.044141 0.478125 0.028515999999999996 0.489844 0.028125 0.49726599999999993 0 0.49726599999999993
1 0.7375 0.8347659999999999 0.730469 0.8347659999999999 0.730078 0.8273439999999999 0.723828 0.821875 0.720703 0.8132810000000001 0.715625 0.808203 0.708203 0.807813 0.708594 0.789453 0.723437 0.789453 0.724219 0.795703 0.739062 0.795703 0.739844 0.789453 0.766016 0.789844 0.765625 0.798828 0.760156 0.798828 0.754687 0.805078 0.734766 0.8132810000000001 0.737891 0.8210940000000001 0.7375 0.8347659999999999
2 0.503125 0.716016 0.494531 0.716016 0.49414100000000005 0.710156 0.48164099999999993 0.7 0.46757799999999994 0.675781 0.45781299999999997 0.666016 0.45195299999999994 0.665625 0.45234399999999997 0.651953 0.470703 0.652344 0.470703 0.659375 0.48164099999999993 0.671094 0.49414100000000005 0.698438 0.503516 0.700781 0.503125 0.716016
1 0.098437 0.20351599999999997 0.094141 0.203125 0.094141 0.196094 0.087891 0.192188 0.079687 0.180078 0.070312 0.173828 0.05820299999999999 0.171875 0.058594 0.158203 0.075 0.158203 0.075781 0.151953 0.097266 0.152344 0.097266 0.159375 0.105078 0.161719 0.105078 0.167187 0.099219 0.169141 0.094141 0.175781 0.098828 0.185156 0.098437 0.20351599999999997
0 0.653125 0.194141 0.645703 0.184375 0.642578 0.164844 0.634766 0.149219 0.621875 0.134766 0.616016 0.135156 0.619141 0.142969 0.619141 0.165625 0.612891 0.178125 0.596875 0.192578 0.583203 0.19375 0.583203 0.167969 0.591016 0.165625 0.600391 0.135937 0.600391 0.127344 0.591016 0.113281 0.596875 0.109766 0.621094 0.12226600000000001 0.640625 0.12382800000000001 0.662891 0.103125 0.670703 0.090625 0.671094 0.083203 0.684375 0.083203 0.684766 0.10625 0.677344 0.10664100000000001 0.667578 0.123438 0.653125 0.137891 0.647266 0.139844 0.655078 0.158594 0.653125 0.194141
1 0.070312 0.878516 0.063281 0.878516 0.062891 0.8726559999999999 0.057813 0.867578 0.045312 0.8597660000000001 0.039453 0.859375 0.039453 0.8460940000000001 0.047266 0.84375 0.049219 0.8269529999999999 0.06132800000000001 0.8273439999999999 0.062891 0.84375 0.056641 0.853125 0.069141 0.863281 0.070312 0.878516
1 0.646875 0.341016 0.644141 0.340625 0.644141 0.328906 0.635938 0.320703 0.614453 0.315625 0.614453 0.302344 0.620313 0.301953 0.621094 0.295703 0.653125 0.295703 0.658594 0.314453 0.682813 0.303516 0.685156 0.295703 0.722266 0.296094 0.720313 0.305078 0.691406 0.314453 0.6625 0.330078 0.650781 0.331641 0.647266 0.333594 0.646875 0.341016
1 0.914062 0.8285160000000001 0.8957029999999999 0.828125 0.8957029999999999 0.816406 0.903125 0.816016 0.908203 0.809375 0.9085940000000001 0.789453 0.920312 0.789453 0.9210939999999999 0.797266 0.9375 0.800391 0.9519529999999999 0.807031 0.95 0.8175779999999999 0.925781 0.8175779999999999 0.9210939999999999 0.814453 0.914453 0.822656 0.914062 0.8285160000000001
1 0.354687 0.8285160000000001 0.345703 0.828125 0.345703 0.758594 0.367188 0.758203 0.367578 0.764062 0.371094 0.766016 0.396875 0.766016 0.396875 0.773828 0.388281 0.773828 0.362891 0.785156 0.362891 0.807813 0.359766 0.817187 0.355078 0.8210940000000001 0.354687 0.8285160000000001
1 0.503125 0.659766 0.49414100000000005 0.659375 0.49414100000000005 0.652344 0.489453 0.65 0.484375 0.636328 0.470703 0.634375 0.470703 0.611719 0.478125 0.611328 0.48164099999999993 0.60625 0.478906 0.583203 0.49257800000000007 0.583594 0.49570299999999995 0.604688 0.489453 0.620313 0.496094 0.630078 0.503516 0.630469 0.503125 0.659766
2 0.198437 0.23476599999999997 0.183203 0.234375 0.183203 0.211719 0.191016 0.209375 0.201953 0.182031 0.22539100000000004 0.146875 0.230078 0.135937 0.230078 0.127344 0.265625 0.126953 0.266016 0.135937 0.255078 0.138281 0.255078 0.167187 0.24257800000000002 0.19375 0.22343799999999997 0.212891 0.199219 0.22695300000000002 0.198437 0.23476599999999997
0 0.423438 0.608203 0.396094 0.595703 0.355078 0.567187 0.355078 0.552344 0.339453 0.528906 0.321875 0.511328 0.314453 0.510938 0.314844 0.49570299999999995 0.34375 0.49570299999999995 0.344141 0.501563 0.362891 0.517969 0.369141 0.527344 0.375781 0.547266 0.39375 0.550391 0.420312 0.562891 0.43007800000000007 0.571094 0.426953 0.584375 0.43164100000000005 0.589844 0.43320299999999995 0.603125 0.423438 0.608203
2 0.840625 0.284766 0.8210940000000001 0.284766 0.820312 0.276953 0.799219 0.267578 0.776563 0.24726600000000004 0.770703 0.246875 0.771094 0.214453 0.780078 0.21484399999999998 0.784766 0.232813 0.79375 0.236328 0.796094 0.24101600000000004 0.820312 0.256641 0.830078 0.266406 0.8332029999999999 0.275 0.841016 0.277344 0.840625 0.284766
1 0.284375 0.9894529999999999 0.269531 0.986328 0.264062 0.980078 0.258594 0.9847660000000001 0.259766 0.9710940000000001 0.254688 0.964453 0.239453 0.959375 0.239453 0.9460940000000001 0.284375 0.945703 0.284766 0.957812 0.278906 0.9582029999999999 0.272266 0.964844 0.273828 0.973437 0.278906 0.9785160000000002 0.284766 0.978906 0.284375 0.9894529999999999
1 0.773438 0.9472660000000002 0.757031 0.9472660000000002 0.754687 0.939453 0.738281 0.9378910000000001 0.732812 0.9316410000000002 0.727344 0.9316410000000002 0.726953 0.9148440000000001 0.764062 0.914453 0.764453 0.923438 0.760156 0.9285159999999999 0.773438 0.9269529999999999 0.775781 0.914453 0.809766 0.9148440000000001 0.809375 0.923828 0.8039059999999999 0.923828 0.789062 0.9378910000000001 0.775781 0.939453 0.773438 0.9472660000000002
1 0.198437 0.541016 0.160156 0.541016 0.159375 0.534766 0.125781 0.530078 0.110937 0.519141 0.103125 0.523828 0.083594 0.523828 0.078125 0.519141 0.066406 0.517578 0.045312 0.505078 0.039844 0.505078 0.039453 0.489844 0.085938 0.489453 0.086719 0.49726599999999993 0.103125 0.501953 0.110156 0.509766 0.136719 0.505078 0.203125 0.506641 0.208594 0.512891 0.21601600000000004 0.513281 0.21601600000000004 0.525 0.208594 0.525391 0.202344 0.530078 0.198828 0.533594 0.198437 0.541016
0 0.159375 0.253516 0.083594 0.253516 0.08125 0.245703 0.065625 0.239453 0.052344 0.237891 0.039062 0.22695300000000002 0.033594 0.22695300000000002 0.033203 0.20546899999999998 0.040625 0.205078 0.042969 0.195703 0.071875 0.195703 0.072266 0.203125 0.0875 0.212891 0.097656 0.22695300000000002 0.104688 0.22695300000000002 0.113281 0.21914099999999997 0.123438 0.220703 0.124219 0.228516 0.135937 0.228516 0.141406 0.222266 0.146875 0.222266 0.150391 0.228125 0.142578 0.23203100000000002 0.142578 0.242188 0.159375 0.245703 0.159375 0.253516
1 0.653125 0.491016 0.635156 0.491016 0.634375 0.4847659999999999 0.614844 0.48164099999999993 0.607812 0.473828 0.602344 0.473828 0.601953 0.458594 0.623437 0.458203 0.625781 0.46601599999999993 0.6375 0.46757799999999994 0.646094 0.475391 0.653125 0.475391 0.653125 0.491016
2 0.357812 0.078516 0.345703 0.078125 0.345703 0.060156 0.353516 0.057813 0.356641 0.046875 0.358203 0.008594 0.36875 0.008203 0.372266 0.046875 0.370703 0.05625 0.358203 0.072656 0.357812 0.078516
0 0.164062 0.489453 0.133594 0.489453 0.133203 0.477344 0.175 0.46757799999999994 0.183594 0.456641 0.201563 0.4535159999999999 0.203906 0.44570300000000007 0.291016 0.446094 0.291016 0.46093799999999996 0.282031 0.46289100000000005 0.267188 0.473828 0.23906299999999997 0.48007799999999995 0.217969 0.48007799999999995 0.197656 0.470703 0.195703 0.47343799999999997 0.198828 0.477344 0.198437 0.4847659999999999 0.19375 0.48007799999999995 0.183594 0.48007799999999995 0.178125 0.487891 0.164062 0.489453
0 0 0.271875 0 0.378906 0.002344 0.378906 0.009375 0.369531 0.014063 0.351562 0.016406 0.335156 0.016406 0.299219 0.009375 0.279687 0.002344 0.271875
0 0.049219 0.128125 0.041406 0.128906 0.033594 0.139063 0.030469000000000003 0.151562 0.026561999999999995 0.159375 0.002344 0.19375 0 0.194531 0 0.235156 0.010156 0.232813 0.025781 0.219531 0.041406 0.202344 0.050781 0.186719 0.055469000000000004 0.167969 0.05625 0.148438 0.053125 0.134375
0 0.959375 0.6125 0.954688 0.611719 0.9507809999999999 0.619531 0.946875 0.632031 0.94375 0.653125 0.9398440000000001 0.657813 0.935937 0.65625 0.933594 0.657813 0.933594 0.669531 0.927344 0.679688 0.9289059999999999 0.685156 0.920312 0.696875 0.920312 0.701562 0.923438 0.703906 0.9398440000000001 0.700781 0.95 0.695312 0.9664059999999999 0.670312 0.9695310000000001 0.658594 0.9695310000000001 0.642969 0.967187 0.632031
0 0.794531 0.453125 0.792969 0.457031 0.798438 0.478906 0.798438 0.503125 0.795312 0.516406 0.79375 0.541406 0.798438 0.54375 0.8117189999999999 0.54375 0.8195309999999999 0.539844 0.820312 0.524219 0.823438 0.510156 0.822656 0.49375 0.81875 0.47656200000000004 0.8132810000000001 0.465625 0.8054690000000001 0.457031
0 1 0.020313 0.975 0.014063 0.9617190000000001 0.013280999999999998 0.953125 0.004687 0.928125 0.007031 0.910937 0.010937 0.896875 0.016406 0.875 0.028125 0.86875 0.033594 0.8507809999999999 0.042188 0.85 0.046094 0.8523440000000001 0.048438 0.859375 0.05 0.873437 0.05 0.879687 0.047656 0.8929690000000001 0.048438 0.94375 0.032813 0.957031 0.030469000000000003 0.958594 0.021094 0.982812 0.024219 0.994531 0.028905999999999998 0.9976559999999999 0.033594 0.990625 0.038281 0.989062 0.041406 0.9976559999999999 0.042188 1 0.041406
0 0.939063 0.071875 0.929688 0.067187 0.915625 0.067187 0.914062 0.077344 0.902344 0.088281 0.9132809999999999 0.091406 0.926562 0.0875 0.9367189999999999 0.080469
0 0.588281 0.108594 0.580469 0.1 0.575781 0.10078099999999998 0.571094 0.090625 0.55625 0.0875 0.546094 0.089844 0.538281 0.099219 0.535937 0.110937 0.528125 0.115625 0.523438 0.110937 0.535156 0.10234400000000002 0.535156 0.096875 0.53125 0.096094 0.529687 0.092969 0.526563 0.095312 0.520312 0.095312 0.510156 0.10078099999999998 0.507812 0.108594 0.503906 0.110937 0.5125 0.128906 0.5125 0.13125 0.507812 0.134375 0.508594 0.139844 0.513281 0.142969 0.520312 0.142969 0.521875 0.141406 0.528906 0.147656 0.542969 0.153125 0.553906 0.154688 0.55625 0.152344 0.560156 0.152344 0.5625 0.15 0.557031 0.149219 0.553125 0.14375 0.546875 0.144531 0.54375 0.142969 0.547656 0.128906 0.557031 0.121094 0.584375 0.114062 0.588281 0.11171899999999998
0 0.067187 0.525 0.064062 0.525 0.059375 0.529687 0.052344 0.532813 0.040625 0.547656 0.0125 0.59375 0.010937 0.599219 0.010937 0.60625 0.0125 0.607812 0.026561999999999995 0.608594 0.039062 0.602344 0.057813 0.578125 0.067969 0.559375 0.069531 0.553125 0.070312 0.532813
0 0.157031 0.103125 0.15 0.1 0.139844 0.10703100000000002 0.135937 0.126562 0.138281 0.132812 0.142969 0.132812 0.146875 0.129688 0.151562 0.11484399999999999 0.157031 0.107813
0 0.273438 0.075781 0.275781 0.078906 0.290625 0.082812 0.30625 0.082031 0.314063 0.0875 0.314063 0.092969 0.321875 0.092969 0.324219 0.096094 0.324219 0.107813 0.327344 0.110156 0.350781 0.117188 0.365625 0.11953100000000001 0.419531 0.140625 0.424219 0.1375 0.420312 0.121875 0.411719 0.11171899999999998 0.40156200000000003 0.105469 0.388281 0.10078099999999998 0.373437 0.1 0.3625 0.096094 0.365625 0.092969 0.377344 0.092188 0.383594 0.094531 0.389062 0.092969 0.386719 0.089063 0.378906 0.084375 0.355469 0.075781 0.344531 0.075781 0.329688 0.078906 0.325781 0.074219 0.315625 0.067969 0.296094 0.0625 0.286719 0.064062
0 0.746875 0.68125 0.746875 0.686719 0.757031 0.714844 0.764844 0.751563 0.769531 0.7875 0.775781 0.80625 0.779687 0.804688 0.792188 0.780469 0.79375 0.757812 0.791406 0.741406 0.783594 0.720313 0.774219 0.704688 0.75625 0.686719
0 0.619531 0.660937 0.619531 0.663281 0.633594 0.678906 0.642188 0.682813 0.652344 0.684375 0.691406 0.684375 0.696094 0.68125 0.699219 0.675781 0.697656 0.670312 0.692187 0.665625 0.677344 0.660937 0.625781 0.657813
0 0.282031 0.942969 0.283594 0.9507809999999999 0.290625 0.9625 0.321094 0.98125 0.3375 0.988281 0.353125 0.992188 0.364063 0.992188 0.38125 0.9867190000000001 0.389844 0.978906 0.386719 0.974219 0.325 0.953125 0.295312 0.939063 0.285156 0.939063
0 0.442969 0.551562 0.440625 0.564063 0.441406 0.635156 0.442969 0.6375 0.447656 0.6375 0.45625 0.632031 0.4625 0.625 0.465625 0.607812 0.463281 0.586719 0.459375 0.573438 0.44843700000000003 0.555469
0 0.335938 0.639844 0.332031 0.642188 0.33125 0.651563 0.336719 0.675 0.342187 0.690625 0.350781 0.697656 0.339844 0.735938 0.339844 0.744531 0.342969 0.746875 0.353906 0.744531 0.364063 0.744531 0.367188 0.741406 0.383594 0.702344 0.388281 0.680469 0.388281 0.655469 0.385937 0.65 0.382812 0.65 0.374219 0.657813 0.373437 0.661719 0.364063 0.671875 0.361719 0.661719 0.350781 0.642188 0.348438 0.641406 0.346094 0.645312 0.342187 0.640625
0 0.55 0.800781 0.546094 0.798438 0.542188 0.798438 0.511719 0.80625 0.474219 0.8257809999999999 0.475 0.8304690000000001 0.482031 0.834375 0.510156 0.839844 0.528906 0.839844 0.541406 0.834375 0.548438 0.8273439999999999 0.550781 0.816406
0 0.66875 0.464844 0.66875 0.46875 0.677344 0.47343799999999997 0.7 0.503125 0.70625 0.50625 0.707031 0.501563 0.689844 0.472656 0.678906 0.465625
0 0.715625 0.15 0.717969 0.154688 0.735938 0.159375 0.782813 0.164062 0.795312 0.163281 0.800781 0.170313 0.808594 0.171094 0.8257809999999999 0.176563 0.829688 0.173437 0.8429689999999999 0.176563 0.8601560000000001 0.186719 0.8742189999999999 0.190625 0.892188 0.192969 0.9148440000000001 0.192969 0.925781 0.189844 0.929688 0.185938 0.925 0.179688 0.915625 0.175 0.885156 0.164844 0.85 0.157812 0.8304690000000001 0.157812 0.8195309999999999 0.146094 0.817969 0.142187 0.809375 0.136719 0.792188 0.135156 0.754687 0.135937 0.735938 0.139844 0.719531 0.146094
0 0.201563 0 0.191406 0 0.189062 0.009375 0.185156 0.00625 0.183594 0 0.159375 0 0.163281 0.021875 0.173437 0.052344 0.179688 0.048438 0.182812 0.048438 0.185938 0.04375 0.195312 0.038281 0.2 0.023438 0.20078100000000002 0.008594 0.202344 0.00625
0 0.378906 0.19375 0.378125 0.198437 0.383594 0.2125 0.40625 0.25625 0.41093799999999997 0.272656 0.414844 0.277344 0.409375 0.283594 0.41718700000000003 0.291406 0.43671899999999997 0.296875 0.459375 0.296875 0.50625 0.290625 0.517969 0.286719 0.526563 0.278125 0.528906 0.272656 0.528906 0.267188 0.523438 0.261719 0.517969 0.260156 0.501563 0.260937 0.478125 0.265625 0.470313 0.264844 0.466406 0.267969 0.457031 0.26875 0.45 0.271875 0.427344 0.276562 0.421875 0.275781 0.425 0.257812 0.424219 0.244531 0.411719 0.215625 0.398438 0.201563 0.38125 0.192969
0 0.599219 0.760938 0.591406 0.775 0.591406 0.790625 0.597656 0.792188 0.608594 0.789062 0.610938 0.786719 0.61875 0.799219 0.638281 0.816406 0.660156 0.8429689999999999 0.665625 0.847656 0.670312 0.847656 0.671094 0.840625 0.664844 0.816406 0.646094 0.786719 0.629687 0.770312 0.620313 0.764062 0.604688 0.759375
0 0.175781 0.8304690000000001 0.172656 0.832812 0.172656 0.8507809999999999 0.178906 0.88125 0.191406 0.9054689999999999 0.2 0.911719 0.208594 0.9125 0.20703100000000002 0.9445309999999999 0.203906 0.957031 0.20546899999999998 0.9820309999999999 0.21406200000000003 1 0.225 1 0.21484399999999998 0.95 0.217188 0.907813 0.21484399999999998 0.9039059999999999 0.213281 0.892188 0.20703100000000002 0.880469 0.204687 0.871094 0.2 0.864844 0.190625 0.8445310000000001 0.184375 0.839844 0.178125 0.8304690000000001
0 0.411719 0.867188 0.408594 0.8726559999999999 0.408594 0.901563 0.40625 0.91875 0.396094 0.929688 0.391406 0.93125 0.392188 0.9351559999999999 0.386719 0.939063 0.3875 0.945312 0.399219 0.957031 0.400781 0.9625 0.403125 0.964063 0.399219 0.9773440000000001 0.4 0.982812 0.403125 0.9851560000000001 0.403906 0.988281 0.408594 0.9820309999999999 0.4125 0.985938 0.415625 0.980469 0.42265600000000003 0.990625 0.415625 0.990625 0.415625 0.995313 0.42109399999999997 0.996094 0.423438 0.99375 0.42656299999999997 1 0.4375 1 0.439063 0.996875 0.44218799999999997 0.9976559999999999 0.442969 1 0.45234399999999997 1 0.45390600000000003 0.9914059999999999 0.461719 0.9851560000000001 0.46875 0.984375 0.46953100000000003 0.978125 0.464844 0.9773440000000001 0.459375 0.973437 0.454688 0.972656 0.451562 0.974219 0.44375 0.972656 0.430469 0.965625 0.42265600000000003 0.958594 0.423438 0.954688 0.417969 0.947656 0.421875 0.9398440000000001 0.425 0.9367189999999999 0.428906 0.935937 0.43828100000000003 0.9210939999999999 0.43828100000000003 0.896875 0.433594 0.8875 0.420312 0.870313
0 0.597656 0.859375 0.595313 0.865625 0.598437 0.8773440000000001 0.598437 0.896875 0.603125 0.907813 0.616406 0.923438 0.632812 0.951562 0.657813 0.978125 0.658594 0.9820309999999999 0.670312 0.9835939999999999 0.66875 0.9625 0.65625 0.9351559999999999 0.647656 0.921875 0.626563 0.900781 0.614062 0.892188 0.60625 0.864844 0.6 0.8585939999999999
0 0.633594 0.505469 0.632812 0.510156 0.65 0.525781 0.664062 0.554688 0.680469 0.575781 0.689063 0.595313 0.689063 0.609375 0.692187 0.61875 0.695312 0.623437 0.701562 0.625 0.705469 0.621094 0.716406 0.600781 0.713281 0.577344 0.705469 0.560156 0.689063 0.539062 0.677344 0.528906 0.675 0.523438 0.667969 0.515625 0.653906 0.509375
0 0.384375 0.364063 0.386719 0.38125 0.398438 0.400781 0.403906 0.404687 0.411719 0.402344 0.421875 0.415625 0.433594 0.42265600000000003 0.43828100000000003 0.42265600000000003 0.442969 0.425781 0.447656 0.425 0.44843700000000003 0.423438 0.440625 0.42109399999999997 0.435156 0.414844 0.425781 0.410156 0.416406 0.396094 0.415625 0.392188 0.419531 0.391406 0.45 0.398438 0.463281 0.397656 0.470313 0.391406 0.472656 0.384375 0.471875 0.375 0.467187 0.371094 0.407813 0.371094 0.403125 0.36875 0.4 0.376563 0.395313 0.373437 0.392969 0.36875 0.388281 0.367969
0 0.446875 0.320312 0.451562 0.329688 0.466406 0.341406 0.478906 0.342969 0.484375 0.339844 0.48515600000000003 0.329688 0.48359399999999997 0.324219 0.475 0.314063 0.461719 0.314844 0.45 0.317969
0 0.317969 0.071875 0.314844 0.070312 0.310937 0.071875 0.300781 0.095312 0.282813 0.11875 0.282813 0.123438 0.275 0.126562 0.275 0.132031 0.294531 0.13125 0.298438 0.134375 0.304688 0.134375 0.310156 0.132031 0.314063 0.134375 0.319531 0.134375 0.323437 0.13125 0.3125 0.12265600000000002 0.316406 0.11171899999999998 0.321094 0.107813 0.326562 0.098437 0.325 0.082031
0 0.482812 0.301563 0.477344 0.297656 0.46953100000000003 0.296875 0.43281200000000003 0.299219 0.415625 0.302344 0.408594 0.310156 0.367969 0.332813 0.357031 0.340625 0.353125 0.340625 0.349219 0.34375 0.345313 0.350781 0.347656 0.353125 0.385156 0.347656 0.40703100000000003 0.3375 0.42265600000000003 0.323437 0.44531200000000004 0.320312 0.451562 0.317188 0.475 0.311719 0.482812 0.30625
2 0.609375 0.657813 0.610938 0.667188 0.625781 0.685937 0.634375 0.6875 0.651563 0.701562 0.672656 0.710938 0.685937 0.711719 0.6875 0.710156 0.684375 0.707031 0.663281 0.699219 0.650781 0.688281 0.644531 0.685937 0.642188 0.682031 0.639062 0.68125 0.626563 0.66875 0.623437 0.660937 0.61875 0.660937 0.611719 0.657031
2 0.372656 0.725 0.370312 0.73125 0.371094 0.735938 0.385156 0.747656 0.4125 0.764844 0.427344 0.769531 0.43281200000000003 0.76875 0.42968799999999996 0.763281 0.40703100000000003 0.747656 0.386719 0.727344 0.379688 0.724219
2 0.93125 0.719531 0.9367189999999999 0.740625 0.940625 0.748437 0.951562 0.7625 0.9625 0.782031 0.9695310000000001 0.789062 0.975 0.791406 0.9757809999999999 0.786719 0.9554690000000001 0.740625 0.94375 0.727344
1 0.550781 0.43671899999999997 0.539062 0.45234399999999997 0.5375 0.467187 0.539844 0.474219 0.542969 0.477344 0.552344 0.480469 0.549219 0.491406 0.552344 0.503906 0.560156 0.513281 0.56875 0.517969 0.56875 0.507812 0.564844 0.50625 0.560156 0.501563 0.559375 0.48125 0.560937 0.477344 0.557813 0.4625 0.560156 0.457031 0.560156 0.44218799999999997 0.557813 0.4375
0 0.571094 0.251563 0.56875 0.253906 0.567187 0.313281 0.564063 0.317188 0.550781 0.319531 0.55 0.323437 0.565625 0.339062 0.603906 0.358594 0.660937 0.38125 0.674219 0.38125 0.672656 0.372656 0.665625 0.360156 0.65 0.346875 0.619531 0.330469 0.582031 0.317969 0.582031 0.314844 0.590625 0.308594 0.594531 0.29375 0.590625 0.278906 0.575781 0.254688
3 0.23046899999999998 0.28125 0.228906 0.298438 0.225 0.298438 0.22109399999999998 0.29375 0.21875 0.296094 0.224219 0.31875 0.23203100000000002 0.328906 0.226562 0.336719 0.225781 0.34375 0.232813 0.357812 0.23906299999999997 0.360156 0.241406 0.365625 0.252344 0.36875 0.25625 0.366406 0.25625 0.358594 0.251563 0.333594 0.248438 0.329688 0.252344 0.325781 0.25625 0.326562 0.25625 0.325 0.249219 0.317188 0.24609399999999998 0.30625 0.23828100000000002 0.29375 0.234375 0.282813
1 0.317969 0.411719 0.316406 0.410156 0.282031 0.413281 0.278906 0.416406 0.271875 0.415625 0.264062 0.411719 0.250781 0.411719 0.253906 0.414844 0.252344 0.41718700000000003 0.235937 0.419531 0.23046899999999998 0.424219 0.228906 0.428125 0.235156 0.42968799999999996 0.251563 0.428125 0.264062 0.428906 0.267188 0.428125 0.266406 0.424219 0.269531 0.42265600000000003 0.279687 0.424219 0.2875 0.419531 0.308594 0.416406
1 0.810937 0.370312 0.807813 0.372656 0.804688 0.382812 0.802344 0.410156 0.794531 0.439063 0.795312 0.44375 0.798438 0.446094 0.810937 0.43281200000000003 0.815625 0.42109399999999997 0.816406 0.403906 0.814063 0.377344
1 0.567187 0.679688 0.567969 0.685937 0.573438 0.694531 0.579688 0.723437 0.583594 0.732812 0.5875 0.735938 0.594531 0.747656 0.59375 0.753906 0.596094 0.757031 0.598437 0.752344 0.596094 0.715625 0.591406 0.710938 0.573438 0.68125
0 0.564063 0.8054690000000001 0.5625 0.809375 0.564063 0.815625 0.576562 0.8273439999999999 0.598437 0.8414059999999999 0.614844 0.845313 0.616406 0.849219 0.621875 0.8523440000000001 0.632812 0.853125 0.639844 0.85 0.630469 0.8414059999999999 0.628125 0.8414059999999999 0.624219 0.8375 0.599219 0.822656 0.585938 0.8117189999999999 0.584375 0.808594 0.58125 0.808594 0.577344 0.8054690000000001 0.572656 0.807031 0.569531 0.804688