0 0.425 0.271875 0.396875 0.279687 0.39375 0.275 0.371094 0.27343799999999996 0.366406 0.274219 0.349219 0.284375 0.3375 0.284375 0.303125 0.267188 0.29609399999999997 0.26484399999999997 0.288281 0.26484399999999997 0.286719 0.26640600000000003 0.286719 0.269531 0.290625 0.27656200000000003 0.31171899999999997 0.29765600000000003 0.340625 0.310937 0.363281 0.310937 0.36718799999999996 0.316406 0.371875 0.314844 0.377344 0.309375 0.385156 0.294531 0.39375 0.300781 0.399219 0.303125 0.403125 0.302344 0.42109399999999997 0.288281 0.432031 0.275781 0.432031 0.271875 0.425 0.271875
0 0.782031 0.814063 0.775781 0.804688 0.760937 0.798438 0.74375 0.782813 0.742969 0.777344 0.746875 0.774219 0.747656 0.771094 0.733594 0.759375 0.721875 0.754687 0.704688 0.752344 0.700781 0.747656 0.696875 0.746094 0.694531 0.740625 0.6875 0.733594 0.647656 0.711719 0.615625 0.703125 0.610938 0.704688 0.64375 0.738281 0.654687 0.747656 0.674219 0.760156 0.678906 0.771875 0.683594 0.777344 0.7125 0.800781 0.748437 0.823438 0.757812 0.8273440000000001 0.782031 0.83125 0.794531 0.829688 0.7953129999999999 0.8257809999999999 0.782031 0.814063
1 0.154687 0.030078 0.178906 0.039453 0.18125 0.047266 0.191797 0.046875 0.191797 0.024218999999999997 0.182422 0.021875 0.169922 0.0078119999999999995 0.16953100000000002 0.0019529999999999999 0.128125 0.0019529999999999999 0.127734 0.009375 0.154687 0.030078
2 0.587109 0.521094 0.5949220000000001 0.535156 0.5949220000000001 0.540625 0.603906 0.541016 0.6042970000000001 0.502344 0.5949220000000001 0.5 0.592969 0.48945299999999997 0.573437 0.48945299999999997 0.5730470000000001 0.504687 0.587109 0.521094
1 0.197656 0.156641 0.221875 0.181641 0.235547 0.184375 0.235547 0.15859399999999998 0.22968799999999998 0.158203 0.224219 0.150391 0.208984 0.140625 0.215234 0.129688 0.213281 0.114453 0.207422 0.11484399999999999 0.207422 0.121875 0.201172 0.12890600000000002 0.19960899999999998 0.135937 0.190234 0.139844 0.190234 0.15625 0.197656 0.156641
0 0.108594 0.45351600000000003 0.11054699999999999 0.457031 0.119922 0.509375 0.126172 0.519531 0.126172 0.528125 0.130469 0.528516 0.13242199999999998 0.48359399999999997 0.124609 0.45390600000000003 0.116797 0.439844 0.13671899999999998 0.43789100000000003 0.151172 0.428125 0.159375 0.412891 0.166797 0.4125 0.166406 0.351953 0.157422 0.352344 0.157422 0.359375 0.143359 0.377344 0.13710899999999998 0.392188 0.116797 0.421875 0.110156 0.42695299999999997 0.10273399999999999 0.427344 0.10273399999999999 0.453125 0.108594 0.45351600000000003
1 0.9480470000000001 0.182031 0.9464840000000001 0.217188 0.95 0.220703 0.9554690000000001 0.220703 0.9636720000000001 0.18984399999999998 0.96875 0.186328 0.9792970000000001 0.185938 0.9792970000000001 0.171094 0.940625 0.170703 0.940234 0.18125 0.9480470000000001 0.182031
1 0.632422 0.115625 0.644922 0.12734399999999998 0.644922 0.134375 0.653906 0.134766 0.654297 0.10703100000000002 0.646484 0.104688 0.644922 0.08984400000000001 0.623437 0.089453 0.623047 0.098437 0.632422 0.115625
1 0.304297 0.428125 0.304297 0.42109399999999997 0.321875 0.392578 0.342187 0.398828 0.372656 0.397266 0.373047 0.383594 0.345313 0.380078 0.34023400000000004 0.376563 0.339844 0.370703 0.309375 0.370703 0.302734 0.39375 0.296484 0.394531 0.296484 0.428125 0.304297 0.428125
1 0.37148400000000004 0.43828100000000003 0.376172 0.46093799999999996 0.380469 0.46289100000000005 0.385547 0.44218799999999997 0.383984 0.433594 0.396875 0.42695299999999997 0.404297 0.42656299999999997 0.404297 0.402344 0.385938 0.40195299999999995 0.385547 0.407813 0.380469 0.412891 0.372656 0.41914100000000004 0.365625 0.41914100000000004 0.365234 0.4375 0.37148400000000004 0.43828100000000003
1 0.603906 0.230078 0.610938 0.239453 0.617188 0.24257800000000002 0.627344 0.24257800000000002 0.645313 0.264453 0.654687 0.26914099999999996 0.679297 0.27031299999999997 0.678906 0.258203 0.6625 0.255078 0.648047 0.24531200000000003 0.638672 0.228125 0.638281 0.220703 0.596875 0.220703 0.596484 0.22968700000000003 0.603906 0.230078
1 0.403906 0.816016 0.415625 0.792578 0.420312 0.7957029999999999 0.435156 0.7957029999999999 0.447656 0.792578 0.44804700000000003 0.777344 0.4 0.776953 0.399609 0.8 0.396484 0.810937 0.403906 0.816016
1 0.796875 0.361328 0.8054690000000001 0.364453 0.8074220000000001 0.357031 0.804297 0.347656 0.816406 0.345703 0.8296870000000001 0.33164099999999996 0.841797 0.326562 0.841797 0.308594 0.815625 0.308203 0.8132809999999999 0.317578 0.7984370000000001 0.325391 0.788672 0.335156 0.787109 0.35 0.796875 0.361328
1 0.035547 0 0.029297 0.035937000000000004 0.021484 0.038280999999999996 0.021484 0.065625 0.027344 0.06601599999999999 0.035547 0.078906 0.038672 0.101562 0.048047 0.123438 0.057813 0.137891 0.06640599999999999 0.137891 0.066797 0.096094 0.058984 0.09375 0.057421999999999994 0.086719 0.044922000000000004 0.071875 0.052734 0.060937 0.057421999999999994 0.046875 0.058984 0.032031 0.055859000000000006 0 0.035547 0
1 0.450781 0.666016 0.451172 0.660156 0.471875 0.6394529999999999 0.482031 0.633203 0.496875 0.616016 0.501563 0.636328 0.505469 0.636328 0.509375 0.631641 0.516406 0.631641 0.5167970000000001 0.589844 0.501563 0.589453 0.49921899999999997 0.5988279999999999 0.473437 0.617578 0.449609 0.641406 0.439844 0.656641 0.433984 0.657031 0.433984 0.665625 0.450781 0.666016
1 0.898047 0.094531 0.904297 0.108594 0.904297 0.115625 0.9117190000000001 0.11601600000000001 0.9121090000000001 0.096094 0.9320309999999999 0.086328 0.953125 0.069141 0.9601559999999999 0.069141 0.960547 0.052344 0.940625 0.051953000000000006 0.9382809999999999 0.059766 0.914062 0.069141 0.898047 0.08203099999999999 0.8960940000000001 0.087891 0.890625 0.087891 0.8902340000000001 0.092188 0.898047 0.094531
1 0.321094 0.153516 0.323438 0.145703 0.332031 0.14414100000000002 0.34296899999999997 0.134766 0.35585900000000004 0.120313 0.358984 0.10390600000000001 0.373047 0.103125 0.373047 0.077344 0.364062 0.07695300000000001 0.363672 0.084375 0.36015600000000003 0.086328 0.346875 0.084766 0.339063 0.087891 0.305859 0.124219 0.304297 0.129688 0.296484 0.132031 0.296484 0.153125 0.321094 0.153516
1 0.613672 0.403125 0.618359 0.37968799999999997 0.618359 0.357031 0.621875 0.350391 0.650781 0.345703 0.678906 0.334766 0.690625 0.320703 0.6980470000000001 0.32031200000000004 0.6980470000000001 0.308594 0.676563 0.308203 0.676172 0.314063 0.667969 0.323828 0.650781 0.33164099999999996 0.620312 0.330078 0.603125 0.334766 0.602734 0.403125 0.613672 0.403125
0 0.933594 0.580469 0.8820309999999999 0.560156 0.8445309999999999 0.55 0.840625 0.540625 0.81875 0.539844 0.794531 0.533594 0.7828120000000001 0.532813 0.7796879999999999 0.535156 0.78125 0.541406 0.796875 0.558594 0.815625 0.56875 0.8296870000000001 0.571094 0.8375 0.569531 0.839844 0.566406 0.8421879999999999 0.55625 0.8890629999999999 0.575781 0.903125 0.578906 0.921875 0.585938 0.940625 0.588281 0.9382809999999999 0.583594 0.933594 0.580469
2 0.539844 0.772266 0.540234 0.766406 0.544922 0.761719 0.554297 0.757812 0.554297 0.739844 0.5375 0.7394529999999999 0.537109 0.746875 0.521484 0.758594 0.521484 0.771875 0.539844 0.772266
0 0.32890600000000003 0.757031 0.32890600000000003 0.748437 0.316406 0.685156 0.310937 0.670312 0.308594 0.667969 0.29765600000000003 0.666406 0.292188 0.657813 0.29375 0.655469 0.298438 0.657813 0.301562 0.655469 0.299219 0.649219 0.291406 0.64375 0.28906200000000004 0.64375 0.286719 0.646875 0.278906 0.642969 0.272656 0.649219 0.270312 0.664062 0.271094 0.678125 0.278906 0.713281 0.283594 0.727344 0.292969 0.742188 0.314063 0.785937 0.31875 0.786719 0.325781 0.771875 0.32890600000000003 0.757031
0 0 0.324219 0.03125 0.321094 0.040625 0.31875 0.047656 0.314844 0.048437999999999995 0.310156 0.04375 0.30468799999999996 0.013281000000000001 0.296875 0 0.295312 0 0.324219
0 0.569531 0.449219 0.557031 0.4375 0.545312 0.42968799999999996 0.529687 0.425781 0.526562 0.41875 0.516406 0.411719 0.495313 0.40703100000000003 0.467187 0.397656 0.460156 0.397656 0.458594 0.399219 0.46953100000000003 0.416406 0.482031 0.427344 0.494531 0.433594 0.510937 0.43828100000000003 0.519531 0.43671899999999997 0.528906 0.42968799999999996 0.538281 0.435937 0.546875 0.44531200000000004 0.553906 0.449219 0.564063 0.45781299999999997 0.56875 0.45625 0.570312 0.453125 0.569531 0.449219
0 0.579688 0.439063 0.559375 0.46953100000000003 0.540625 0.489844 0.532813 0.501563 0.528906 0.510938 0.528125 0.519531 0.532031 0.530469 0.536719 0.534375 0.545312 0.526563 0.546875 0.51875 0.54375 0.509375 0.539062 0.502344 0.542969 0.5 0.561719 0.500781 0.56875 0.498437 0.577344 0.49218799999999996 0.585156 0.47968700000000003 0.590625 0.460156 0.591406 0.435156 0.5875 0.434375 0.579688 0.439063
0 0 0.8414059999999999 0.016406 0.845313 0.025781 0.845313 0.039844000000000004 0.839063 0.053905999999999996 0.824219 0.061719 0.80625 0.067187 0.782813 0.071094 0.735938 0.06875 0.73125 0.06406300000000001 0.732031 0.059375 0.736719 0.048437999999999995 0.753906 0.025 0.782813 0.016406 0.801562 0.009375 0.809375 0.0023439999999999997 0.823438 0 0.824219 0 0.8414059999999999
0 0.823437 0.069531 0.825 0.083594 0.8195309999999999 0.10078100000000001 0.8179690000000001 0.11796899999999999 0.824219 0.115625 0.8367190000000001 0.098437 0.8421879999999999 0.08125 0.839844 0.06875 0.834375 0.060156 0.828125 0.061719 0.823437 0.069531
0 0.757031 0.286719 0.742188 0.307031 0.7375 0.31718799999999997 0.728125 0.326562 0.719531 0.339844 0.714062 0.35625 0.7 0.37968799999999997 0.7 0.392188 0.691406 0.408594 0.678906 0.441406 0.669531 0.45 0.661719 0.46406200000000003 0.657813 0.477344 0.650781 0.51875 0.648438 0.561719 0.65 0.564844 0.658594 0.564063 0.664844 0.560937 0.678125 0.547656 0.686719 0.534375 0.689844 0.521875 0.701562 0.505469 0.707031 0.48359399999999997 0.707813 0.470313 0.705469 0.44843700000000003 0.709375 0.43828100000000003 0.710938 0.42656299999999997 0.710938 0.4125 0.707031 0.4 0.707031 0.392969 0.721094 0.389062 0.7375 0.38125 0.75625 0.35625 0.760937 0.34453100000000003 0.770313 0.330469 0.774219 0.319531 0.775781 0.30781200000000003 0.774219 0.277344 0.771875 0.26640600000000003 0.763281 0.275 0.757031 0.286719
0 0.617969 0.810937 0.596875 0.817187 0.574219 0.828125 0.573437 0.834375 0.578125 0.839844 0.589844 0.84375 0.614844 0.839063 0.624219 0.834375 0.63125 0.8273440000000001 0.639062 0.814063 0.633594 0.810937 0.617969 0.810937
0 0.664844 0.639844 0.664844 0.61875 0.660938 0.596094 0.650781 0.577344 0.64375 0.572656 0.6375 0.55625 0.634375 0.553125 0.630469 0.559375 0.63125 0.58125 0.622656 0.609375 0.622656 0.616406 0.627344 0.617969 0.628906 0.641406 0.630469 0.645312 0.641406 0.642969 0.658594 0.647656 0.663281 0.644531 0.664844 0.639844
0 0.336719 0.610938 0.33125 0.615625 0.303906 0.661719 0.305469 0.666406 0.324219 0.673438 0.330469 0.671094 0.335156 0.665625 0.339844 0.655469 0.34453100000000003 0.636719 0.346094 0.610156 0.341406 0.609375 0.336719 0.610938