2 0.9398440000000001 0.682813 0.915625 0.685156 0.9070309999999999 0.688281 0.8992190000000001 0.692969 0.894531 0.698438 0.890625 0.700781 0.8882809999999999 0.70625 0.8929690000000001 0.707031 0.902344 0.703906 0.925 0.701562 0.9359379999999999 0.699219 0.953125 0.692969 0.9554690000000001 0.691406 0.957031 0.685156 0.9523440000000001 0.683594 0.9398440000000001 0.682813
1 0.967187 0.942187 0.9632809999999999 0.9398440000000001 0.926562 0.942187 0.914062 0.945312 0.8976559999999999 0.946875 0.8992190000000001 0.951562 0.910937 0.9539059999999999 0.9195309999999999 0.957812 0.9507809999999999 0.957812 0.959375 0.9539059999999999 0.9625 0.9539059999999999 0.9664059999999999 0.960938 0.9710940000000001 0.9625 0.970313 0.9460940000000001 0.967187 0.942187
2 0.7875 0.661719 0.778906 0.659375 0.773438 0.655469 0.765625 0.655469 0.763281 0.657813 0.769531 0.665625 0.778125 0.66875 0.7875 0.669531 0.804688 0.667969 0.808594 0.666406 0.8023440000000001 0.661719 0.7875 0.661719
1 0.896875 0.610938 0.890625 0.60625 0.8835940000000001 0.603125 0.867188 0.599219 0.86875 0.595313 0.871094 0.594531 0.875 0.589844 0.8742190000000001 0.579688 0.86875 0.580469 0.8648440000000001 0.586719 0.8578129999999999 0.59375 0.8523440000000001 0.596875 0.8507809999999999 0.603125 0.846875 0.607031 0.8507809999999999 0.611719 0.855469 0.6125 0.8695309999999999 0.620313 0.8773440000000001 0.622656 0.885938 0.627344 0.8882809999999999 0.627344 0.9132809999999999 0.640625 0.9164059999999999 0.641406 0.917969 0.639844 0.917969 0.633594 0.896875 0.610938
2 0.9273440000000001 0.561719 0.9242190000000001 0.557813 0.9210940000000001 0.55625 0.9078120000000001 0.55625 0.8898440000000001 0.560156 0.879687 0.564844 0.8765620000000001 0.567969 0.8773440000000001 0.570312 0.88125 0.573438 0.8882809999999999 0.574219 0.8992190000000001 0.578125 0.925 0.577344 0.928125 0.575781 0.929688 0.571875 0.929688 0.567187 0.9273440000000001 0.561719
2 0.8101559999999999 0.564844 0.807812 0.561719 0.794531 0.560156 0.778906 0.555469 0.771094 0.555469 0.757812 0.553125 0.739063 0.553125 0.717187 0.557031 0.711719 0.559375 0.703906 0.567187 0.703906 0.569531 0.708594 0.572656 0.740625 0.575781 0.780469 0.575781 0.8117190000000001 0.578125 0.8226559999999999 0.576562 0.823437 0.572656 0.8210940000000001 0.569531 0.8101559999999999 0.564844
1 0.263281 0.815625 0.24609399999999998 0.821875 0.235156 0.8273440000000001 0.22343700000000002 0.8304690000000001 0.215625 0.8351559999999999 0.2125 0.835938 0.208594 0.834375 0.203906 0.834375 0.203125 0.8382809999999999 0.20625 0.842187 0.20625 0.846875 0.21406299999999998 0.8539059999999999 0.21640600000000002 0.857812 0.221875 0.8601559999999999 0.22265600000000002 0.8617190000000001 0.227344 0.8617190000000001 0.225781 0.857812 0.219531 0.85 0.22109399999999998 0.848437 0.233594 0.846875 0.246875 0.839844 0.25781200000000004 0.8304690000000001 0.267188 0.8179690000000001 0.26640600000000003 0.816406 0.263281 0.815625
2 0.16875 0.9632809999999999 0.173438 0.9523440000000001 0.173438 0.945312 0.16796899999999998 0.933594 0.157031 0.921875 0.15390600000000002 0.920312 0.151563 0.9226559999999999 0.157813 0.9539059999999999 0.157031 0.9585940000000001 0.15390600000000002 0.964063 0.155469 0.9679690000000001 0.16015600000000002 0.9679690000000001 0.165625 0.9664059999999999 0.16875 0.9632809999999999
1 0.804453 0.702578 0.8039059999999999 0.707812 0.8039059999999999 0.753906 0.80625 0.766406 0.8125 0.767969 0.8125 0.773438 0.8136720000000001 0.7764840000000001 0.8157030000000001 0.7810940000000001 0.8148440000000001 0.785937 0.8195309999999999 0.791406 0.8226559999999999 0.792188 0.825 0.785156 0.825 0.775 0.820312 0.764062 0.8273440000000001 0.757031 0.8296870000000001 0.752344 0.8278130000000001 0.7392190000000001 0.8275 0.7321869999999999 0.823906 0.722422 0.8148440000000001 0.692969 0.8117190000000001 0.688281 0.80625 0.689063 0.804219 0.698203 0.804453 0.702578
2 0 0.923438 0.01875 0.923438 0.027344 0.925 0.035156 0.921875 0.047656 0.9210940000000001 0.065625 0.9125 0.069531 0.907813 0.06875 0.90625 0.053905999999999996 0.90625 0.042969 0.9085940000000001 0.033594 0.9070309999999999 0.025 0.910156 0.015625 0.910937 0 0.909375 0 0.923438
2 0 0.972656 0.024218999999999997 0.9710940000000001 0.033594 0.9679690000000001 0.035156 0.965625 0.035156 0.9625 0.03125 0.9601559999999999 0.014844 0.9601559999999999 0.010938 0.9617190000000001 0 0.9625 0 0.972656
1 0.12343699999999999 0.884375 0.120313 0.8835940000000001 0.103125 0.884375 0.099219 0.885938 0.09375 0.892188 0.09375 0.8960940000000001 0.096875 0.8992190000000001 0.104688 0.901563 0.11640600000000001 0.901563 0.121875 0.8992190000000001 0.133594 0.9 0.13828100000000002 0.8992190000000001 0.139844 0.8976559999999999 0.139844 0.895312 0.12343699999999999 0.884375
2 0.8375 0.653906 0.8257809999999999 0.657813 0.7953129999999999 0.673438 0.7828120000000001 0.68125 0.769531 0.692187 0.766406 0.692969 0.766406 0.695312 0.771094 0.696875 0.773438 0.7 0.786719 0.699219 0.800781 0.69375 0.808594 0.685156 0.8179690000000001 0.682813 0.8382809999999999 0.667188 0.847656 0.6625 0.8578129999999999 0.650781 0.8578129999999999 0.642969 0.85 0.646094 0.8375 0.653906
1 0.547656 0.364844 0.534375 0.350781 0.525781 0.345313 0.521875 0.34453100000000003 0.517969 0.341406 0.513281 0.339844 0.49945300000000004 0.336094 0.50625 0.32734399999999997 0.50625 0.321094 0.502344 0.321875 0.49375 0.329688 0.489844 0.33906200000000003 0.489844 0.34375 0.498047 0.348516 0.501563 0.352344 0.507812 0.359375 0.511719 0.360938 0.514062 0.364844 0.514844 0.369531 0.520313 0.37421899999999997 0.527344 0.376563 0.534375 0.382031 0.544531 0.3875 0.55 0.3875 0.554688 0.38125 0.554688 0.376563 0.547656 0.364844
1 0.578906 0.10078100000000001 0.566406 0.103125 0.558594 0.103125 0.546094 0.10625 0.534375 0.10703100000000002 0.510156 0.115625 0.497656 0.121875 0.489844 0.121875 0.486719 0.128125 0.482812 0.121094 0.479688 0.11875 0.477344 0.11875 0.471875 0.11484399999999999 0.467187 0.11484399999999999 0.46093799999999996 0.110156 0.458594 0.110156 0.457812 0.11171899999999998 0.458594 0.115625 0.4625 0.121094 0.464063 0.121094 0.470313 0.128125 0.472656 0.12890600000000002 0.474219 0.132031 0.482031 0.133594 0.4875 0.139063 0.49375 0.140625 0.502344 0.140625 0.514062 0.14375 0.523438 0.139844 0.55625 0.13125 0.58125 0.121875 0.607031 0.108594 0.609375 0.103125 0.607031 0.101562 0.578906 0.10078100000000001
1 0.3125 0.22265600000000002 0.292969 0.202344 0.285156 0.198437 0.278125 0.192188 0.264062 0.185938 0.252344 0.182812 0.235156 0.18359399999999998 0.227344 0.18515600000000002 0.21406299999999998 0.192969 0.210938 0.192969 0.209375 0.19140600000000002 0.209375 0.177344 0.203125 0.142187 0.20078100000000002 0.135937 0.198438 0.133594 0.196094 0.134375 0.19531199999999999 0.146094 0.20078100000000002 0.177344 0.20078100000000002 0.190625 0.202344 0.192969 0.203125 0.198437 0.20625 0.202344 0.221875 0.20703100000000002 0.240625 0.215625 0.24843700000000002 0.21640600000000002 0.25625 0.22109399999999998 0.26875 0.22265600000000002 0.28203100000000003 0.227344 0.291406 0.227344 0.29765600000000003 0.22968700000000003 0.315625 0.22968700000000003 0.315625 0.227344 0.3125 0.22265600000000002
2 0.314063 0.275781 0.310156 0.278906 0.278125 0.290625 0.271094 0.295312 0.263281 0.29765600000000003 0.259375 0.300781 0.254687 0.30156299999999997 0.244531 0.309375 0.225 0.317969 0.20625 0.33281299999999997 0.20078100000000002 0.334375 0.190625 0.34375 0.18515600000000002 0.346094 0.18359399999999998 0.349219 0.18515600000000002 0.35859399999999997 0.18984399999999998 0.357812 0.192969 0.36015600000000003 0.20625 0.36015600000000003 0.21406299999999998 0.35468700000000003 0.219531 0.34843799999999997 0.23281200000000002 0.342187 0.23671899999999998 0.34296899999999997 0.239844 0.340625 0.244531 0.339844 0.292188 0.307031 0.30468799999999996 0.295312 0.32031200000000004 0.285156 0.322656 0.28203100000000003 0.322656 0.278125 0.319531 0.275 0.314063 0.275781
2 0.226562 0.23125 0.21640600000000002 0.24375 0.210938 0.25468799999999997 0.2 0.267969 0.185937 0.292969 0.180469 0.31171899999999997 0.18125 0.321875 0.192969 0.314844 0.20546899999999998 0.303125 0.22109399999999998 0.282813 0.226562 0.272656 0.228906 0.264062 0.23593799999999998 0.25625 0.24531299999999998 0.235937 0.246875 0.228125 0.25078100000000003 0.22109399999999998 0.25 0.21640600000000002 0.242969 0.21640600000000002 0.226562 0.23125
2 0.075 0.094531 0.06875 0.079687 0.06406300000000001 0.073438 0.058594 0.061719 0.055469000000000004 0.058594 0.049219 0.042969 0.036719 0.042187999999999996 0.032812999999999995 0.04375 0.030469000000000003 0.046875 0.030469000000000003 0.052344 0.041406 0.07421900000000001 0.071094 0.113281 0.075781 0.117188 0.078906 0.11640600000000001 0.07968800000000001 0.110156 0.075 0.094531
2 0.23281200000000002 0.544531 0.228906 0.547656 0.209375 0.575 0.20468799999999998 0.585156 0.2 0.601562 0.196094 0.607031 0.19531199999999999 0.627344 0.196875 0.628906 0.20156200000000002 0.628906 0.203906 0.625 0.209375 0.622656 0.225 0.607812 0.23203100000000002 0.597656 0.242969 0.571094 0.25625 0.532031 0.25625 0.520312 0.251563 0.521875 0.23281200000000002 0.544531
2 0.440625 0.20625 0.428125 0.265625 0.425781 0.26875 0.425 0.29765600000000003 0.426562 0.30156299999999997 0.430469 0.30468799999999996 0.446875 0.3125 0.450781 0.310937 0.453125 0.29375 0.454688 0.265625 0.453125 0.235156 0.449219 0.228906 0.454688 0.221875 0.454688 0.20546899999999998 0.450781 0.189062 0.446094 0.18984399999999998 0.440625 0.20625
1 0.46953100000000003 0.623437 0.46093799999999996 0.627344 0.460156 0.630469 0.450781 0.639844 0.442187 0.64375 0.435156 0.645312 0.432031 0.650781 0.427344 0.655469 0.427344 0.660937 0.43125 0.66875 0.430469 0.674219 0.432031 0.688281 0.434375 0.694531 0.435937 0.705469 0.435937 0.713281 0.442969 0.740625 0.446875 0.745313 0.448438 0.745313 0.451562 0.742188 0.460156 0.705469 0.460156 0.682031 0.457812 0.671875 0.455469 0.669531 0.45625 0.665625 0.451562 0.664844 0.448438 0.661719 0.446875 0.657813 0.450781 0.652344 0.455469 0.653125 0.461719 0.64375 0.46875 0.638281 0.478125 0.623437 0.478906 0.61875 0.474219 0.617969 0.46953100000000003 0.623437
1 0.623437 0.792969 0.617969 0.788281 0.614063 0.782813 0.611719 0.782031 0.607031 0.776563 0.601562 0.773438 0.59375 0.765625 0.578906 0.75625 0.575781 0.752344 0.552344 0.741406 0.544531 0.741406 0.5375 0.739844 0.534375 0.735938 0.533594 0.724219 0.528125 0.716406 0.517969 0.70625 0.5144529999999999 0.695547 0.508594 0.684531 0.5092190000000001 0.698438 0.508594 0.715625 0.508594 0.719531 0.510937 0.725781 0.510937 0.732812 0.527344 0.746094 0.532813 0.75625 0.539062 0.764062 0.557031 0.78125 0.560156 0.782031 0.564844 0.7875 0.578906 0.796875 0.602344 0.807813 0.620312 0.8125 0.633594 0.8132809999999999 0.636719 0.810937 0.625 0.796875 0.623437 0.792969
2 0.486719 0.792969 0.489062 0.8226559999999999 0.49375 0.8367190000000001 0.498437 0.8429690000000001 0.502344 0.8382809999999999 0.509375 0.81875 0.510156 0.8023440000000001 0.50625 0.792969 0.5 0.789062 0.491406 0.7875 0.488281 0.789062 0.486719 0.792969
2 0.526562 0.792188 0.515625 0.796875 0.510156 0.801562 0.510156 0.814063 0.511719 0.817187 0.514062 0.817187 0.516406 0.8117190000000001 0.529687 0.795312 0.53125 0.790625 0.528906 0.789844 0.526562 0.792188
1 0.617188 0.870313 0.609375 0.873437 0.602344 0.885938 0.591406 0.9 0.580469 0.921875 0.577344 0.9351559999999999 0.577344 0.946875 0.573437 0.970313 0.573437 0.975 0.575781 0.9773440000000001 0.580469 0.9757809999999999 0.585938 0.970313 0.589844 0.964844 0.596094 0.951562 0.60625 0.9148440000000001 0.604687 0.8960940000000001 0.607812 0.8914059999999999 0.614844 0.889062 0.61875 0.8851559999999999 0.621094 0.8804690000000001 0.621094 0.8773440000000001 0.633594 0.865625 0.63125 0.8617190000000001 0.626563 0.8625 0.617188 0.870313
2 0.732812 0.875 0.721875 0.8726559999999999 0.704688 0.873437 0.700781 0.8757809999999999 0.689844 0.8757809999999999 0.685937 0.873437 0.683594 0.873437 0.677344 0.876563 0.674219 0.88125 0.677344 0.886719 0.68125 0.8835940000000001 0.694531 0.8851559999999999 0.747656 0.884375 0.771094 0.879687 0.772656 0.876563 0.7640629999999999 0.8742190000000001 0.732812 0.875