0 0.275781 0.567969 0.271875 0.567969 0.271875 0.575 0.279687 0.603125 0.275 0.60625 0.273438 0.628906 0.274219 0.633594 0.284375 0.650781 0.284375 0.6625 0.267188 0.696875 0.264844 0.703906 0.264844 0.711719 0.266406 0.713281 0.269531 0.713281 0.276562 0.709375 0.297656 0.688281 0.310937 0.659375 0.310937 0.636719 0.316406 0.632812 0.314844 0.628125 0.309375 0.622656 0.294531 0.614844 0.300781 0.60625 0.303125 0.600781 0.302344 0.596875 0.288281 0.578906
0 0.829688 0.20546899999999998 0.8257809999999999 0.204687 0.814063 0.217969 0.804688 0.224219 0.798438 0.23906299999999997 0.782813 0.25625 0.777344 0.257031 0.774219 0.253125 0.771094 0.252344 0.759375 0.266406 0.754687 0.278125 0.752344 0.295312 0.747656 0.299219 0.746094 0.303125 0.740625 0.305469 0.733594 0.3125 0.711719 0.352344 0.703125 0.384375 0.704688 0.389062 0.738281 0.35625 0.747656 0.345313 0.760156 0.325781 0.771875 0.321094 0.777344 0.316406 0.800781 0.2875 0.823438 0.251563 0.8273439999999999 0.242188 0.83125 0.217969
1 0.009375 0.872266 0.0019530000000000003 0.871875 0.0019530000000000003 0.8304690000000001 0.007812000000000001 0.830078 0.021875 0.8175779999999999 0.024219 0.808203 0.046875 0.808203 0.047266 0.81875 0.039453 0.8210940000000001 0.030078 0.845313 0.009375 0.872266
2 0.504687 0.426953 0.489453 0.42656299999999997 0.489453 0.40703100000000003 0.5 0.40507799999999994 0.502344 0.395703 0.541016 0.396094 0.540625 0.40507799999999994 0.535156 0.40507799999999994 0.521094 0.412891 0.504687 0.426953
1 0.15625 0.809766 0.139844 0.809766 0.135937 0.800391 0.128906 0.798828 0.121875 0.792578 0.11484399999999999 0.792578 0.114453 0.786719 0.129688 0.784766 0.140625 0.791016 0.150391 0.775781 0.158203 0.770312 0.158594 0.764453 0.184375 0.764453 0.181641 0.778125 0.156641 0.802344 0.15625 0.809766
0 0.453125 0.8972659999999999 0.427344 0.8972659999999999 0.426953 0.8898439999999999 0.421875 0.883203 0.392188 0.862891 0.377344 0.856641 0.359375 0.8425779999999999 0.352344 0.8425779999999999 0.351953 0.833594 0.4125 0.8332029999999999 0.412891 0.840625 0.428125 0.8488279999999999 0.4378909999999999 0.863281 0.439844 0.883203 0.45390600000000003 0.8753910000000001 0.48359399999999997 0.867578 0.528516 0.869531 0.528125 0.8738279999999999 0.519531 0.8738279999999999 0.509375 0.8800779999999999 0.457031 0.8894529999999999 0.4535159999999999 0.8914060000000001 0.453125 0.8972659999999999
1 0.18125 0.059766 0.170703 0.059375 0.171094 0.020703 0.185938 0.020703 0.186328 0.03125 0.189844 0.036328 0.220703 0.044531 0.220703 0.05 0.217188 0.053515999999999994 0.182031 0.051953000000000006 0.18125 0.059766
1 0.098437 0.376953 0.089453 0.376563 0.089844 0.355078 0.104688 0.353516 0.10703100000000002 0.345703 0.134766 0.346094 0.134375 0.355078 0.127344 0.355078 0.115625 0.367578 0.098437 0.376953
1 0.428125 0.703516 0.394531 0.703516 0.39375 0.697266 0.370703 0.690625 0.370703 0.660156 0.376563 0.659766 0.380078 0.654687 0.383594 0.626953 0.397266 0.627344 0.398828 0.657813 0.392578 0.678125 0.42109399999999997 0.695703 0.428125 0.695703 0.428125 0.703516
1 0.4375 0.634766 0.41914099999999993 0.634375 0.41914099999999993 0.627344 0.412891 0.619531 0.407813 0.614453 0.40195299999999995 0.614062 0.402344 0.595703 0.42656299999999997 0.595703 0.426953 0.603125 0.433594 0.616016 0.44218799999999997 0.614453 0.46289100000000005 0.619531 0.46093799999999996 0.623828 0.43828100000000003 0.628516 0.4375 0.634766
1 0.22968700000000003 0.40351599999999993 0.220703 0.403125 0.220703 0.361719 0.228125 0.361328 0.24531200000000003 0.351953 0.255078 0.3375 0.258203 0.321094 0.270313 0.320703 0.269141 0.345313 0.264453 0.354687 0.24257800000000002 0.372656 0.24257800000000002 0.382812 0.239453 0.389062 0.230078 0.396094 0.22968700000000003 0.40351599999999993
1 0.810937 0.603516 0.8 0.600391 0.776953 0.6 0.777344 0.551953 0.792578 0.552344 0.795703 0.564844 0.795703 0.579688 0.792578 0.584375 0.816016 0.596094 0.810937 0.603516
1 0.35 0.212891 0.335156 0.21132800000000002 0.325391 0.201563 0.317578 0.186719 0.308203 0.184375 0.308594 0.158203 0.326562 0.158203 0.331641 0.170313 0.345703 0.183594 0.347656 0.195703 0.357031 0.192578 0.364453 0.194531 0.361328 0.203125 0.35 0.212891
1 0 0.9441409999999999 0.032031 0.941016 0.046875 0.9425779999999999 0.060937 0.9472660000000002 0.071875 0.955078 0.086719 0.9425779999999999 0.09375 0.941016 0.096094 0.933203 0.137891 0.933594 0.137891 0.942187 0.123438 0.9519529999999999 0.101562 0.961328 0.078906 0.964453 0.066016 0.972656 0.065625 0.9785160000000002 0.038281 0.9785160000000002 0.035937 0.970703 0 0.964453
1 0.665625 0.566016 0.657031 0.566016 0.656641 0.560156 0.641406 0.550391 0.617578 0.526563 0.598828 0.500781 0.589453 0.498437 0.589844 0.48320299999999994 0.631641 0.48359399999999997 0.631641 0.490625 0.636328 0.494531 0.636328 0.498437 0.616016 0.503125 0.633203 0.517969 0.639453 0.528125 0.660156 0.548828 0.666016 0.549219 0.665625 0.566016
1 0.092188 0.109766 0.087891 0.109375 0.087891 0.10390600000000001 0.082031 0.101953 0.069141 0.085938 0.059766 0.061719 0.051953000000000006 0.059375 0.052344 0.039453 0.069141 0.039844 0.069141 0.046875 0.086328 0.067969 0.096094 0.087891 0.11601599999999998 0.088281 0.115625 0.095703 0.108594 0.095703 0.094531 0.101953 0.092188 0.109766
1 0.153125 0.703516 0.132031 0.703516 0.129688 0.695703 0.124219 0.694141 0.087891 0.660937 0.084766 0.653125 0.086328 0.639844 0.084375 0.636328 0.076953 0.635938 0.077344 0.626953 0.103125 0.626953 0.10390600000000001 0.641016 0.120313 0.644141 0.134766 0.657031 0.144141 0.667969 0.145703 0.676562 0.153516 0.678906 0.153125 0.703516
1 0.403125 0.397266 0.334766 0.396875 0.330078 0.379688 0.331641 0.349219 0.323828 0.332031 0.314063 0.323828 0.308203 0.323437 0.308594 0.301953 0.320312 0.301953 0.320703 0.309375 0.334766 0.321094 0.345703 0.349219 0.350391 0.378125 0.357031 0.381641 0.379688 0.381641 0.403125 0.386328 0.403125 0.397266
0 0.588281 0.059375 0.583594 0.061719 0.580469 0.066406 0.560156 0.11796900000000002 0.55 0.155469 0.540625 0.159375 0.539844 0.18125 0.533594 0.20546899999999998 0.532813 0.217188 0.535156 0.220312 0.541406 0.21875 0.558594 0.203125 0.56875 0.184375 0.571094 0.170313 0.569531 0.1625 0.566406 0.160156 0.55625 0.157812 0.575781 0.110937 0.578906 0.096875 0.585938 0.078125
2 0.771875 0.47851600000000005 0.758594 0.47851600000000005 0.746875 0.46289100000000005 0.739453 0.4625 0.739844 0.44570300000000007 0.757812 0.44570300000000007 0.761719 0.455078 0.766406 0.459766 0.772266 0.460156 0.771875 0.47851600000000005
0 0.786719 0.68125 0.771875 0.674219 0.757031 0.671094 0.748437 0.671094 0.685156 0.683594 0.670312 0.689063 0.667969 0.691406 0.666406 0.702344 0.657813 0.707812 0.655469 0.70625 0.657813 0.701562 0.655469 0.698438 0.649219 0.700781 0.64375 0.708594 0.64375 0.710938 0.646875 0.713281 0.642969 0.721094 0.649219 0.727344 0.664062 0.729688 0.678125 0.728906 0.713281 0.721094 0.727344 0.716406 0.742188 0.707031 0.785937 0.685937
0 0.314844 0.9523439999999999 0.310156 0.951562 0.304688 0.95625 0.296875 0.9867190000000001 0.295312 1 0.324219 1 0.321094 0.96875 0.31875 0.959375
0 0.45625 0.43125 0.453125 0.42968799999999996 0.449219 0.430469 0.4375 0.442969 0.42968799999999996 0.454688 0.425781 0.470313 0.41875 0.47343799999999997 0.411719 0.48359399999999997 0.40703100000000003 0.504687 0.397656 0.532813 0.397656 0.539844 0.399219 0.541406 0.416406 0.530469 0.427344 0.517969 0.433594 0.505469 0.43828100000000003 0.48906299999999997 0.43671899999999997 0.480469 0.42968799999999996 0.471094 0.435937 0.461719 0.44531200000000004 0.453125 0.449219 0.446094 0.45781299999999997 0.435937
0 0.435156 0.408594 0.434375 0.4125 0.439063 0.420312 0.46953100000000003 0.440625 0.489844 0.459375 0.501563 0.467187 0.510938 0.471094 0.519531 0.471875 0.530469 0.46796899999999997 0.534375 0.463281 0.526563 0.454688 0.51875 0.453125 0.509375 0.45625 0.502344 0.46093799999999996 0.5 0.457031 0.500781 0.43828100000000003 0.498437 0.43125 0.49218799999999996 0.42265600000000003 0.47968700000000003 0.414844 0.460156 0.409375
0 0.73125 0.93125 0.732031 0.935937 0.736719 0.940625 0.753906 0.951562 0.782813 0.975 0.801562 0.9835939999999999 0.809375 0.990625 0.823438 0.9976559999999999 0.824219 1 0.8414059999999999 1 0.845313 0.9835939999999999 0.845313 0.974219 0.839063 0.9601559999999999 0.824219 0.9460940000000001 0.80625 0.9382810000000001 0.782813 0.932813 0.735938 0.9289059999999999
0 0.060156 0.165625 0.061719 0.171875 0.069531 0.176563 0.083594 0.175 0.10078099999999998 0.180469 0.11796900000000002 0.182031 0.115625 0.175781 0.098437 0.163281 0.08125 0.157812 0.06875 0.160156
0 0.266406 0.228125 0.275 0.23671899999999998 0.286719 0.242969 0.307031 0.257812 0.317188 0.2625 0.326562 0.271875 0.339844 0.280469 0.35625 0.285938 0.379688 0.3 0.392188 0.3 0.408594 0.308594 0.441406 0.321094 0.45 0.330469 0.46406200000000003 0.338281 0.477344 0.342187 0.51875 0.349219 0.561719 0.351562 0.564844 0.35 0.564063 0.341406 0.560937 0.335156 0.547656 0.321875 0.534375 0.313281 0.521875 0.310156 0.505469 0.298438 0.48359399999999997 0.292969 0.470313 0.292187 0.44843700000000003 0.294531 0.43828100000000003 0.290625 0.42656299999999997 0.289062 0.4125 0.289062 0.4 0.292969 0.392969 0.292969 0.389062 0.278906 0.38125 0.2625 0.35625 0.24375 0.344531 0.23906299999999997 0.330469 0.22968700000000003 0.319531 0.225781 0.307812 0.224219 0.277344 0.225781
0 0.814063 0.360938 0.810937 0.366406 0.810937 0.382031 0.817187 0.403125 0.828125 0.425781 0.834375 0.42656299999999997 0.839844 0.421875 0.84375 0.410156 0.839063 0.385156 0.834375 0.375781 0.8273439999999999 0.36875
0 0.647656 0.341406 0.644531 0.336719 0.639844 0.335156 0.61875 0.335156 0.596094 0.339062 0.577344 0.349219 0.572656 0.35625 0.55625 0.3625 0.553125 0.365625 0.559375 0.369531 0.58125 0.36875 0.609375 0.377344 0.616406 0.377344 0.617969 0.372656 0.641406 0.371094 0.645312 0.369531 0.642969 0.358594
0 0.610156 0.653906 0.609375 0.658594 0.610938 0.663281 0.615625 0.66875 0.661719 0.696094 0.666406 0.694531 0.673438 0.675781 0.671094 0.669531 0.665625 0.664844 0.655469 0.660156 0.636719 0.655469