0 0.804688 0.8195309999999999 0.809375 0.803125 0.8351559999999999 0.798438 0.8429690000000001 0.794531 0.8507809999999999 0.786719 0.853125 0.780469 0.851562 0.772656 0.845313 0.767969 0.834375 0.765625 0.832812 0.763281 0.846875 0.746094 0.854688 0.725 0.8539059999999999 0.722656 0.846875 0.725781 0.8210940000000001 0.755469 0.810937 0.764844 0.808594 0.754687 0.8054690000000001 0.750781 0.8 0.751563 0.7875 0.761719 0.783594 0.771875 0.783594 0.783594 0.779687 0.794531 0.775781 0.821875 0.771875 0.829688 0.772656 0.8429690000000001 0.775 0.845313 0.782031 0.8445309999999999 0.79375 0.8351559999999999 0.804688 0.8195309999999999
0 0.078125 0.8523440000000001 0.085156 0.8617190000000001 0.098437 0.870313 0.110937 0.870313 0.1125 0.871875 0.110937 0.875 0.09375 0.889062 0.10234399999999999 0.8898440000000001 0.10703100000000002 0.8882809999999999 0.110156 0.8898440000000001 0.11640600000000001 0.898438 0.130469 0.907813 0.149219 0.928125 0.157812 0.933594 0.16953100000000002 0.9382809999999999 0.185938 0.9398440000000001 0.18359399999999998 0.9289059999999999 0.173437 0.915625 0.16875 0.8976559999999999 0.150781 0.867188 0.147656 0.864062 0.139063 0.8617190000000001 0.13671899999999998 0.859375 0.126562 0.8601559999999999 0.11875 0.864062 0.115625 0.8617190000000001 0.114062 0.855469 0.10703100000000002 0.846875 0.098437 0.83125 0.096875 0.821875 0.086719 0.807813 0.080469 0.790625 0.07421900000000001 0.782813 0.070312 0.782813 0.067969 0.7875 0.067187 0.8117190000000001 0.078125 0.8523440000000001
0 0.022656000000000003 1 0.026562000000000002 0.990625 0.028125 0.9789059999999999 0.046875 0.9398440000000001 0.047656 0.9304690000000001 0.044531 0.929688 0.038280999999999996 0.933594 0.016406 0.957031 0.0125 0.964063 0.008594000000000001 0.980469 0.005469 0.985938 0.004687 1 0.022656000000000003 1
0 0.063281 1 0.065625 0.98125 0.063281 0.975 0.083594 0.967187 0.091406 0.9554690000000001 0.092188 0.949219 0.088281 0.95 0.075781 0.9617190000000001 0.071875 0.9625 0.067187 0.960938 0.064844 0.9585940000000001 0.064844 0.94375 0.063281 0.939063 0.057031 0.929688 0.052344 0.9289059999999999 0.05 0.9304690000000001 0.046094 0.940625 0.046094 0.964063 0.053125 0.9710940000000001 0.044531 0.9929690000000001 0.04375 1 0.063281 1
2 0.145313 0.9320309999999999 0.150781 0.9289059999999999 0.146875 0.923438 0.142187 0.9226559999999999 0.133594 0.926562 0.124219 0.9351559999999999 0.115625 0.948438 0.108594 0.975 0.11171899999999998 0.9757809999999999 0.135156 0.942187 0.145313 0.9320309999999999
2 0.23203100000000002 1 0.232813 0.99375 0.227344 0.979688 0.203125 0.957031 0.189062 0.946875 0.177344 0.9429690000000001 0.178906 0.9507809999999999 0.210156 1 0.23203100000000002 1
0 0.209375 0.894531 0.225 0.8773440000000001 0.225 0.8726559999999999 0.221875 0.8679690000000001 0.221875 0.8492190000000001 0.208594 0.8492190000000001 0.190625 0.8570309999999999 0.178906 0.8664059999999999 0.16406199999999999 0.885938 0.163281 0.889062 0.165625 0.894531 0.1875 0.894531 0.203906 0.8976559999999999 0.209375 0.894531
1 0.288281 0.8695309999999999 0.31171899999999997 0.896875 0.326562 0.9070309999999999 0.333594 0.909375 0.346094 0.9085940000000001 0.349219 0.910937 0.359375 0.9085940000000001 0.36718799999999996 0.9164059999999999 0.373437 0.9195309999999999 0.39375 0.921875 0.42265600000000003 0.920312 0.43671899999999997 0.9164059999999999 0.439063 0.9132809999999999 0.43671899999999997 0.909375 0.425781 0.901563 0.39375 0.896875 0.38984399999999997 0.89375 0.373437 0.8914059999999999 0.366406 0.894531 0.361719 0.9007809999999999 0.352344 0.9039059999999999 0.349219 0.9 0.347656 0.8882809999999999 0.33281299999999997 0.8695309999999999 0.321875 0.863281 0.31718799999999997 0.854688 0.30781200000000003 0.8492190000000001 0.300781 0.8414059999999999 0.279687 0.8304690000000001 0.275 0.8335940000000001 0.275781 0.84375 0.28125 0.857812 0.288281 0.8695309999999999
0 0.359375 0.821875 0.37578100000000003 0.832812 0.403906 0.8445309999999999 0.411719 0.8460940000000001 0.415625 0.8445309999999999 0.419531 0.839844 0.46406200000000003 0.870313 0.480469 0.8773440000000001 0.49375 0.8773440000000001 0.492969 0.8726559999999999 0.480469 0.855469 0.471094 0.845313 0.454688 0.8335940000000001 0.44531200000000004 0.829688 0.433594 0.8289059999999999 0.423438 0.834375 0.420312 0.834375 0.421875 0.8273440000000001 0.42109399999999997 0.821875 0.41093799999999997 0.8101559999999999 0.384375 0.801562 0.373437 0.794531 0.350781 0.789062 0.33281299999999997 0.789844 0.332031 0.797656 0.341406 0.8132809999999999 0.359375 0.821875
0 0.322656 0.863281 0.330469 0.8695309999999999 0.3375 0.871875 0.357812 0.871875 0.361719 0.870313 0.367969 0.878906 0.38281200000000004 0.8820309999999999 0.41875 0.8804690000000001 0.435937 0.8773440000000001 0.439063 0.8742190000000001 0.4375 0.871094 0.428906 0.867188 0.414844 0.863281 0.378125 0.860938 0.363281 0.8664059999999999 0.361719 0.864062 0.363281 0.854688 0.35859399999999997 0.84375 0.35156200000000004 0.834375 0.34296899999999997 0.8273440000000001 0.326562 0.81875 0.314844 0.815625 0.298438 0.815625 0.295312 0.817187 0.292969 0.821875 0.295312 0.83125 0.307031 0.842187 0.322656 0.863281
0 0.41718700000000003 0.941406 0.420312 0.960938 0.425781 0.9757809999999999 0.435937 0.9898440000000001 0.441406 0.992188 0.45234399999999997 0.9914059999999999 0.467187 0.9789059999999999 0.486719 0.9898440000000001 0.500781 0.995313 0.509375 0.996094 0.510938 0.9945309999999999 0.511719 0.9851559999999999 0.507031 0.978125 0.48125 0.951562 0.497656 0.9429690000000001 0.500781 0.939063 0.500781 0.933594 0.49218799999999996 0.9226559999999999 0.48125 0.914062 0.475 0.910937 0.46406200000000003 0.910156 0.45625 0.9117190000000001 0.44375 0.91875 0.439063 0.9148440000000001 0.4375 0.917188 0.425781 0.9195309999999999 0.419531 0.9226559999999999 0.404687 0.923438 0.411719 0.9320309999999999 0.41875 0.9351559999999999 0.41718700000000003 0.941406
0 0.646094 1 0.646094 0.9976559999999999 0.628906 0.9835940000000001 0.604688 0.971875 0.6 0.967187 0.59375 0.964844 0.585938 0.964844 0.585938 0.9585940000000001 0.571875 0.9476559999999999 0.572656 0.957812 0.571094 0.96875 0.573438 0.984375 0.577344 0.9898440000000001 0.589063 0.9976559999999999 0.589844 1 0.646094 1
0 0.595313 0.9632809999999999 0.598437 0.967187 0.625781 0.980469 0.642188 0.9789059999999999 0.65625 0.979688 0.663281 0.976562 0.69375 0.972656 0.708594 0.965625 0.714063 0.9601559999999999 0.711719 0.9523440000000001 0.694531 0.9445309999999999 0.651563 0.9398440000000001 0.624219 0.9398440000000001 0.614844 0.942187 0.611719 0.939063 0.611719 0.934375 0.609375 0.93125 0.594531 0.9195309999999999 0.585156 0.915625 0.576562 0.915625 0.575781 0.917188 0.578906 0.9289059999999999 0.596094 0.959375 0.595313 0.9632809999999999
0 0.635938 0.9320309999999999 0.640625 0.9382809999999999 0.651563 0.9382809999999999 0.659375 0.934375 0.664844 0.935937 0.672656 0.942187 0.697656 0.9476559999999999 0.710938 0.9554690000000001 0.7125 0.959375 0.708594 0.9632809999999999 0.694531 0.970313 0.690625 0.970313 0.69375 0.975 0.735938 0.982812 0.742188 0.9789059999999999 0.742969 0.9742190000000001 0.734375 0.9601559999999999 0.703125 0.935937 0.675781 0.9351559999999999 0.678125 0.9304690000000001 0.692187 0.925781 0.695312 0.9195309999999999 0.691406 0.91875 0.677344 0.925781 0.673438 0.925781 0.671875 0.9242190000000001 0.674219 0.9210940000000001 0.672656 0.9085940000000001 0.667188 0.8992190000000001 0.655469 0.886719 0.650781 0.8835940000000001 0.646094 0.884375 0.646094 0.8929690000000001 0.638281 0.890625 0.634375 0.8929690000000001 0.630469 0.9054690000000001 0.629687 0.915625 0.635938 0.9320309999999999
1 0.777344 0.9742190000000001 0.770312 0.967187 0.776563 0.9632809999999999 0.799219 0.9398440000000001 0.810937 0.925 0.810937 0.9195309999999999 0.795312 0.928125 0.757812 0.95625 0.749219 0.9664059999999999 0.749219 0.9710940000000001 0.7625 0.972656 0.775781 0.976562 0.777344 0.9742190000000001
1 0.170313 0.8101559999999999 0.178906 0.8132809999999999 0.18984399999999998 0.8125 0.194531 0.8226559999999999 0.20078100000000002 0.826562 0.219531 0.834375 0.226562 0.834375 0.225781 0.829688 0.20546899999999998 0.8132809999999999 0.197656 0.809375 0.192969 0.8101559999999999 0.19140600000000002 0.794531 0.186719 0.790625 0.178125 0.778125 0.163281 0.764062 0.14296899999999998 0.750781 0.135156 0.747656 0.130469 0.748437 0.129688 0.753125 0.146875 0.782813 0.170313 0.8101559999999999
0 0.300781 0.741406 0.305469 0.722656 0.305469 0.715625 0.303906 0.714063 0.295312 0.715625 0.278125 0.728125 0.271875 0.735156 0.27031299999999997 0.741406 0.265625 0.746094 0.259375 0.761719 0.25781200000000004 0.770312 0.258594 0.782813 0.26093700000000003 0.789062 0.264062 0.792188 0.275781 0.796094 0.285156 0.78125 0.300781 0.741406
0 0.172656 0.649219 0.175 0.635156 0.17421899999999998 0.630469 0.178906 0.625781 0.18515600000000002 0.624219 0.186719 0.619531 0.19140600000000002 0.614062 0.203125 0.60625 0.210938 0.598437 0.21875 0.585938 0.225 0.56875 0.226562 0.55625 0.225 0.554688 0.215625 0.55625 0.20703100000000002 0.560156 0.19375 0.571875 0.184375 0.586719 0.175 0.607031 0.176563 0.620313 0.173437 0.621094 0.170547 0.621797 0.16492199999999999 0.617891 0.16125 0.6128910000000001 0.159141 0.607344 0.157031 0.603125 0.154688 0.594531 0.150781 0.595313 0.153125 0.607031 0.154453 0.613672 0.161719 0.628125 0.157812 0.630469 0.154688 0.638281 0.150781 0.642188 0.146094 0.65625 0.14375 0.675 0.141406 0.68125 0.14296899999999998 0.695312 0.145313 0.7 0.151562 0.69375 0.155469 0.682813 0.172656 0.649219
0 0 0.796875 0.008594000000000001 0.795312 0.010936999999999999 0.792969 0.020313 0.792188 0.021875 0.786719 0.025 0.784375 0.032812999999999995 0.786719 0.053125 0.786719 0.065625 0.785156 0.071875 0.78125 0.078125 0.785156 0.085938 0.785156 0.091406 0.783594 0.09375 0.780469 0.09375 0.778125 0.084375 0.771094 0.060937 0.7625 0.040625 0.761719 0.03125 0.764062 0.028125 0.766406 0.025781 0.773438 0.021093999999999998 0.775 0.010936999999999999 0.761719 0.00625 0.759375 0 0.759375 0 0.774219 0.019531 0.779687 0.017188000000000002 0.782031 0 0.780469 0 0.796875
1 0.064062 0.686719 0.071094 0.696094 0.071094 0.710156 0.079687 0.722656 0.08203099999999999 0.732031 0.0875 0.736719 0.091406 0.746094 0.096094 0.745313 0.099219 0.73125 0.09765599999999999 0.710156 0.08984400000000001 0.697656 0.08125 0.696875 0.079687 0.695312 0.078125 0.675781 0.06875 0.655469 0.048437999999999995 0.634375 0.040625 0.632812 0.040625 0.6375 0.060937 0.674219 0.064062 0.686719
1 0 0.646875 0.014063 0.657813 0.017188000000000002 0.663281 0.021093999999999998 0.678125 0.025781 0.678125 0.028125 0.653906 0.026562000000000002 0.6375 0.022656000000000003 0.628906 0.010936999999999999 0.620313 0.009375 0.607031 0.0023439999999999997 0.598437 0 0.598437 0 0.646875
1 0.117188 0.559375 0.13125 0.559375 0.13125 0.553125 0.13671899999999998 0.549219 0.15625 0.550781 0.15859399999999998 0.549219 0.150781 0.544531 0.139063 0.544531 0.135156 0.546875 0.126562 0.547656 0.1 0.5375 0.086719 0.538281 0.082812 0.542188 0.083594 0.546094 0.096875 0.553125 0.117188 0.559375
0 0.50625 0.8289059999999999 0.510938 0.8257809999999999 0.517969 0.816406 0.529687 0.815625 0.553906 0.8 0.561719 0.791406 0.563281 0.786719 0.557813 0.783594 0.54375 0.785156 0.527344 0.794531 0.513281 0.809375 0.497656 0.8070309999999999 0.48515600000000003 0.814063 0.48125 0.81875 0.484375 0.8226559999999999 0.49218799999999996 0.8273440000000001 0.50625 0.8289059999999999
0 0.589844 0.859375 0.589844 0.85 0.6 0.8429690000000001 0.609375 0.8257809999999999 0.613281 0.810937 0.6125 0.8023440000000001 0.607031 0.804688 0.596094 0.8148440000000001 0.582812 0.8367190000000001 0.58125 0.8445309999999999 0.570312 0.8492190000000001 0.560156 0.8570309999999999 0.557813 0.860938 0.559375 0.8648440000000001 0.557813 0.871875 0.558594 0.88125 0.577344 0.8757809999999999 0.585938 0.8695309999999999 0.589844 0.859375
0 0.635156 0.777344 0.644531 0.789062 0.649219 0.800781 0.652344 0.803125 0.652344 0.8070309999999999 0.646094 0.8132809999999999 0.645312 0.8179690000000001 0.641406 0.821875 0.642188 0.826562 0.646094 0.8273440000000001 0.65 0.832031 0.657031 0.835938 0.675781 0.851562 0.695312 0.871094 0.705469 0.8757809999999999 0.707812 0.873437 0.707812 0.865625 0.705469 0.8507809999999999 0.7 0.839844 0.694531 0.8148440000000001 0.690625 0.8070309999999999 0.685937 0.8023440000000001 0.675781 0.798438 0.678125 0.796875 0.682813 0.785156 0.684375 0.771094 0.679063 0.754922 0.675781 0.764062 0.671875 0.785937 0.665625 0.795312 0.663281 0.775 0.647656 0.742188 0.642188 0.739062 0.628125 0.742969 0.624219 0.75 0.625781 0.760938 0.635156 0.777344
0 0.719531 0.798438 0.729688 0.792188 0.735156 0.792188 0.759375 0.814063 0.767969 0.817187 0.767969 0.804688 0.761719 0.789062 0.753125 0.78125 0.736719 0.78125 0.735156 0.779687 0.738281 0.773438 0.738281 0.7625 0.736719 0.759375 0.733594 0.771094 0.724219 0.786719 0.716406 0.76875 0.705469 0.75625 0.689063 0.75 0.677344 0.749219 0.670312 0.751563 0.669531 0.75625 0.702344 0.789062 0.719531 0.798438
0 0.780469 0.8882809999999999 0.789062 0.8960940000000001 0.796875 0.8992190000000001 0.8023440000000001 0.898438 0.8117190000000001 0.8929690000000001 0.8132809999999999 0.895312 0.815625 0.917188 0.829688 0.9382809999999999 0.8351559999999999 0.94375 0.853125 0.9507809999999999 0.8601559999999999 0.95 0.864062 0.9445309999999999 0.863281 0.925781 0.855469 0.9117190000000001 0.842187 0.8992190000000001 0.8304690000000001 0.8929690000000001 0.8132809999999999 0.8914059999999999 0.808594 0.8742190000000001 0.771094 0.8429690000000001 0.761719 0.839063 0.757031 0.839063 0.755469 0.840625 0.75625 0.8492190000000001 0.780469 0.8882809999999999
0 0.700781 0.9125 0.714063 0.9085940000000001 0.732812 0.8960940000000001 0.735938 0.88125 0.741406 0.8835940000000001 0.759375 0.884375 0.767188 0.886719 0.775781 0.886719 0.778125 0.884375 0.767969 0.8695309999999999 0.763281 0.8695309999999999 0.755469 0.875 0.742188 0.8773440000000001 0.736719 0.8757809999999999 0.73125 0.876563 0.720313 0.8726559999999999 0.713281 0.878906 0.678906 0.9007809999999999 0.672656 0.907813 0.674219 0.914062 0.680469 0.9148440000000001 0.700781 0.9125
0 0.8117190000000001 0.867188 0.816406 0.871094 0.8382809999999999 0.876563 0.8429690000000001 0.88125 0.842187 0.8851559999999999 0.8492190000000001 0.8914059999999999 0.854688 0.892188 0.8625 0.889062 0.870313 0.8929690000000001 0.8742190000000001 0.9039059999999999 0.871094 0.907813 0.871094 0.9125 0.86875 0.915625 0.86875 0.9320309999999999 0.871094 0.9289059999999999 0.870313 0.9242190000000001 0.878125 0.91875 0.88125 0.910156 0.884375 0.910156 0.8976559999999999 0.9195309999999999 0.9164059999999999 0.928125 0.9242190000000001 0.9304690000000001 0.932813 0.929688 0.932813 0.921875 0.91875 0.904687 0.8851559999999999 0.884375 0.875 0.8820309999999999 0.8726559999999999 0.878906 0.867188 0.876563 0.8585940000000001 0.8664059999999999 0.826562 0.8414059999999999 0.8179690000000001 0.8382809999999999 0.809375 0.8382809999999999 0.804688 0.840625 0.8023440000000001 0.845313 0.803125 0.8539059999999999 0.8117190000000001 0.867188
2 0.9429690000000001 0.803125 0.940625 0.798438 0.932813 0.792188 0.929688 0.79375 0.928125 0.8195309999999999 0.920312 0.829688 0.9242190000000001 0.832031 0.9367190000000001 0.8304690000000001 0.94375 0.8195309999999999 0.9429690000000001 0.803125
0 1 0.659375 0.9945309999999999 0.657031 0.9304690000000001 0.650781 0.928125 0.646875 0.9304690000000001 0.642188 0.9273440000000001 0.630469 0.910937 0.621875 0.9039059999999999 0.621094 0.9 0.622656 0.9 0.633594 0.9070309999999999 0.636719 0.904687 0.641406 0.8851559999999999 0.639844 0.870313 0.645312 0.867188 0.642969 0.8625 0.63125 0.85 0.624219 0.8375 0.622656 0.809375 0.623437 0.8039059999999999 0.625 0.798438 0.630469 0.803125 0.6375 0.823438 0.650781 0.847656 0.659375 0.8625 0.657813 0.870313 0.661719 0.875 0.666406 0.8726559999999999 0.670312 0.8726559999999999 0.674219 0.8757809999999999 0.675781 0.889062 0.675 0.896875 0.66875 0.9039059999999999 0.669531 0.904687 0.671875 0.9 0.671094 0.8992190000000001 0.674219 0.9164059999999999 0.674219 0.925781 0.678125 0.945312 0.68125 0.9679690000000001 0.68125 0.985938 0.675 0.9976559999999999 0.664062 1 0.664062 1 0.659375
0 0.707812 0.740625 0.717969 0.7375 0.728125 0.73125 0.732812 0.726562 0.734375 0.71875 0.736719 0.715625 0.751563 0.725 0.763281 0.725781 0.767188 0.729688 0.775 0.73125 0.788281 0.73125 0.824219 0.726562 0.855469 0.717969 0.863281 0.714063 0.8726559999999999 0.705469 0.8726559999999999 0.700781 0.8617190000000001 0.695312 0.8507809999999999 0.694531 0.8273440000000001 0.698438 0.788281 0.701562 0.764062 0.708594 0.724219 0.6875 0.716406 0.686719 0.714844 0.689844 0.717969 0.692969 0.717969 0.696875 0.716406 0.699219 0.700781 0.700781 0.692187 0.704688 0.676562 0.717187 0.66875 0.720313 0.654687 0.732812 0.657813 0.736719 0.670312 0.741406 0.707812 0.740625
0 0.646875 0.738281 0.654687 0.733594 0.677344 0.714063 0.689844 0.707031 0.696875 0.69375 0.696875 0.6875 0.694531 0.684375 0.696875 0.679688 0.714844 0.680469 0.724219 0.678125 0.740625 0.670312 0.779687 0.646875 0.788281 0.639062 0.791406 0.632031 0.792188 0.625 0.789844 0.614844 0.782031 0.613281 0.76875 0.61875 0.745313 0.632031 0.732812 0.636719 0.709375 0.653125 0.703125 0.660937 0.696094 0.679688 0.689844 0.680469 0.6875 0.677344 0.683594 0.677344 0.672656 0.684375 0.638281 0.717969 0.624219 0.735938 0.623437 0.740625 0.628125 0.742969 0.639062 0.739062 0.646875 0.738281
0 0.625 0.705469 0.634375 0.697656 0.638281 0.699219 0.641406 0.703125 0.646875 0.704688 0.646875 0.699219 0.639844 0.692969 0.639844 0.689063 0.644531 0.686719 0.644531 0.68125 0.659375 0.678125 0.701562 0.659375 0.717969 0.64375 0.71875 0.638281 0.714844 0.635938 0.701562 0.635938 0.677344 0.639844 0.64375 0.653906 0.632812 0.660937 0.625 0.669531 0.625781 0.674219 0.629687 0.678125 0.624219 0.678906 0.622656 0.677344 0.622656 0.685156 0.583594 0.708594 0.582031 0.713281 0.599219 0.713281 0.617188 0.709375 0.625 0.705469
0 0.635156 0.632812 0.635938 0.626563 0.628906 0.617969 0.651563 0.60625 0.682031 0.579688 0.7 0.557813 0.698438 0.552344 0.689063 0.552344 0.660156 0.5625 0.653906 0.567969 0.640625 0.575 0.638281 0.580469 0.63125 0.588281 0.626563 0.598437 0.625781 0.6125 0.622656 0.614844 0.625 0.61875 0.61875 0.622656 0.614844 0.632031 0.614062 0.648438 0.616406 0.671094 0.617969 0.673438 0.620313 0.672656 0.627344 0.658594 0.635156 0.632812
2 0.552344 0.701562 0.567969 0.709375 0.580469 0.710938 0.582812 0.709375 0.580469 0.703906 0.564844 0.699219 0.55 0.689063 0.546094 0.689063 0.546094 0.69375 0.550781 0.697656 0.552344 0.701562
2 0.583594 0.760156 0.584375 0.755469 0.582031 0.753125 0.566406 0.753906 0.557813 0.75625 0.553125 0.760938 0.557813 0.763281 0.574219 0.763281 0.583594 0.760156
0 1 0.425 0.984375 0.419531 0.9710940000000001 0.41718700000000003 0.948438 0.41718700000000003 0.946875 0.414844 0.948438 0.404687 0.9460940000000001 0.4 0.9398440000000001 0.392969 0.925781 0.383594 0.896875 0.373437 0.884375 0.371875 0.88125 0.37421899999999997 0.8820309999999999 0.37968799999999997 0.8882809999999999 0.3875 0.892188 0.389062 0.9054690000000001 0.403125 0.926562 0.413281 0.93125 0.41718700000000003 0.9320309999999999 0.42109399999999997 0.9351559999999999 0.424219 0.93125 0.428125 0.945312 0.44531200000000004 0.946875 0.453125 0.959375 0.465625 0.9632809999999999 0.466406 0.967187 0.460156 0.967187 0.45 0.9632809999999999 0.43828100000000003 0.957031 0.427344 0.9679690000000001 0.42656299999999997 1 0.432031 1 0.425
2 0.23906299999999997 0.65625 0.241406 0.657031 0.244531 0.653125 0.24531200000000003 0.648438 0.242969 0.626563 0.23828100000000002 0.617188 0.228125 0.614844 0.226562 0.621094 0.23046899999999998 0.639062 0.23906299999999997 0.65625
0 0.810937 0.325781 0.80625 0.330469 0.8039059999999999 0.328125 0.8054690000000001 0.316406 0.804688 0.302344 0.792188 0.29765600000000003 0.786719 0.299219 0.783594 0.305469 0.779687 0.329688 0.78125 0.353906 0.785937 0.355469 0.791406 0.352344 0.800781 0.35156200000000004 0.8117190000000001 0.367969 0.8226559999999999 0.392969 0.8257809999999999 0.396094 0.8289059999999999 0.39140600000000003 0.829688 0.371875 0.825 0.35468700000000003 0.820312 0.346875 0.815625 0.34453100000000003 0.8101559999999999 0.345313 0.8054690000000001 0.342187 0.815625 0.333594 0.8304690000000001 0.30781200000000003 0.835938 0.291406 0.834375 0.283594 0.826562 0.299219 0.815625 0.314063 0.810937 0.325781
0 0.799219 0.49375 0.79375 0.491406 0.792969 0.48906299999999997 0.801562 0.478906 0.8117190000000001 0.460156 0.8125 0.455469 0.81875 0.446094 0.821875 0.43671899999999997 0.820312 0.434375 0.817187 0.435156 0.8023440000000001 0.459375 0.799219 0.454688 0.792969 0.454688 0.780469 0.470313 0.776563 0.48359399999999997 0.776563 0.490625 0.778125 0.49375 0.778906 0.514844 0.782813 0.521875 0.792188 0.514062 0.797656 0.50625 0.799219 0.49375
0 0.692969 0.535156 0.696094 0.535156 0.698438 0.54375 0.70625 0.551562 0.714063 0.554688 0.720313 0.553906 0.724219 0.561719 0.739844 0.560156 0.751563 0.573438 0.754687 0.570312 0.754687 0.558594 0.75625 0.557031 0.776563 0.55625 0.778906 0.553906 0.773438 0.547656 0.753906 0.541406 0.735938 0.541406 0.725 0.545312 0.720313 0.528906 0.707031 0.520312 0.689844 0.517969 0.686719 0.514844 0.677344 0.515625 0.673438 0.521094 0.673438 0.525781 0.689063 0.532031 0.692969 0.535156
0 0.674219 0.514062 0.674219 0.505469 0.669531 0.497656 0.680469 0.4875 0.6875 0.478125 0.700781 0.451562 0.7125 0.420312 0.7125 0.40625 0.709375 0.40156200000000003 0.703125 0.402344 0.678906 0.432031 0.667188 0.450781 0.6625 0.454688 0.657813 0.447656 0.657031 0.439063 0.651563 0.433594 0.648438 0.435156 0.649219 0.45 0.653906 0.467187 0.651563 0.4875 0.653906 0.49375 0.645312 0.49921899999999997 0.641406 0.510938 0.640625 0.559375 0.642188 0.567187 0.646875 0.567187 0.651563 0.5625 0.674219 0.514062
2 0.586719 0.571094 0.584375 0.564844 0.579688 0.565625 0.573438 0.572656 0.569531 0.586719 0.571094 0.594531 0.575781 0.592187 0.584375 0.580469 0.586719 0.571094
0 0.580469 0.48359399999999997 0.589063 0.46875 0.588281 0.458594 0.6 0.45781299999999997 0.611719 0.453125 0.617188 0.44375 0.615625 0.439844 0.623437 0.423438 0.614844 0.42656299999999997 0.605469 0.434375 0.595313 0.43671899999999997 0.5875 0.44218799999999997 0.576562 0.45390600000000003 0.570312 0.455469 0.563281 0.461719 0.551562 0.480469 0.547656 0.49375 0.549219 0.49921899999999997 0.553906 0.5 0.560937 0.496875 0.580469 0.48359399999999997
1 0.61875 0.385156 0.63125 0.382031 0.659375 0.365625 0.680469 0.347656 0.699219 0.334375 0.714063 0.317969 0.715625 0.314844 0.714844 0.310937 0.713281 0.309375 0.700781 0.309375 0.692187 0.31171899999999997 0.667969 0.324219 0.642969 0.339844 0.621875 0.35859399999999997 0.610938 0.375 0.603125 0.376563 0.591406 0.3875 0.5875 0.397656 0.596094 0.39843799999999996 0.613281 0.390625 0.61875 0.385156
1 0.638281 0.135156 0.635938 0.13828100000000002 0.635938 0.14296899999999998 0.6375 0.14375 0.65 0.139844 0.686719 0.147656 0.711719 0.149219 0.714844 0.146875 0.696094 0.130469 0.672656 0.120313 0.657813 0.120313 0.651563 0.123438 0.647656 0.123438 0.646875 0.115625 0.639219 0.099609 0.640625 0.110937 0.639844 0.124219 0.6375 0.130469 0.638281 0.135156
0 0.53125 0.267969 0.541406 0.27031299999999997 0.547656 0.279687 0.558594 0.27343799999999996 0.565625 0.264062 0.578125 0.253125 0.592969 0.24531200000000003 0.610938 0.232813 0.619531 0.232813 0.625 0.23046899999999998 0.627344 0.224219 0.619531 0.221875 0.610938 0.22343799999999997 0.607812 0.22109399999999998 0.598437 0.22109399999999998 0.586719 0.224219 0.571875 0.232813 0.552344 0.24765600000000002 0.548438 0.24765600000000002 0.545312 0.25 0.540625 0.2625 0.532031 0.255469 0.521094 0.255469 0.5125 0.259375 0.507812 0.26640600000000003 0.507812 0.274219 0.513281 0.275781 0.521094 0.269531 0.53125 0.267969
0 0.550781 0.14843800000000001 0.567969 0.173437 0.576562 0.18984399999999998 0.58125 0.203125 0.586719 0.209375 0.582578 0.225312 0.5985159999999999 0.21945299999999998 0.599219 0.21484399999999998 0.597656 0.209375 0.602344 0.20625 0.602344 0.20078100000000002 0.607812 0.190625 0.613438 0.168672 0.591641 0.200937 0.587969 0.195234 0.599219 0.171875 0.596094 0.14453100000000002 0.589844 0.130469 0.580469 0.115625 0.567969 0.10703100000000002 0.549219 0.10390600000000001 0.546094 0.10703100000000002 0.546094 0.132031 0.550781 0.14843800000000001
0 0.5875 0.37578100000000003 0.598437 0.36875 0.603906 0.369531 0.647656 0.33125 0.660156 0.315625 0.6625 0.310937 0.6625 0.30625 0.657813 0.30156299999999997 0.649219 0.300781 0.642188 0.30156299999999997 0.632812 0.307031 0.620313 0.307031 0.619531 0.295312 0.614844 0.295312 0.610156 0.300781 0.607812 0.309375 0.592187 0.33906200000000003 0.588281 0.342187 0.578125 0.340625 0.571094 0.342187 0.564844 0.346094 0.553125 0.357812 0.545312 0.361719 0.545312 0.36875 0.571094 0.372656 0.578906 0.376563 0.5875 0.37578100000000003
0 0.46875 0.322656 0.489844 0.30156299999999997 0.517969 0.2875 0.522656 0.2875 0.528906 0.284375 0.53125 0.278906 0.525781 0.277344 0.509375 0.277344 0.501563 0.278906 0.484375 0.290625 0.482812 0.3 0.478906 0.298438 0.467187 0.299219 0.454688 0.294531 0.42968799999999996 0.295312 0.39140600000000003 0.309375 0.382031 0.317969 0.38281200000000004 0.321875 0.388281 0.324219 0.439844 0.321094 0.46875 0.322656
0 0.440625 0.442969 0.446875 0.432031 0.447656 0.42656299999999997 0.44218799999999997 0.39843799999999996 0.451562 0.3875 0.459375 0.371875 0.467187 0.342187 0.465625 0.328125 0.459375 0.321875 0.442969 0.322656 0.42968799999999996 0.371875 0.425 0.378125 0.42656299999999997 0.394531 0.423438 0.40703100000000003 0.411719 0.435937 0.411719 0.459375 0.417969 0.460156 0.427344 0.455469 0.440625 0.442969
0 0.35859399999999997 0.170313 0.363281 0.17421899999999998 0.36875 0.18515600000000002 0.376563 0.18515600000000002 0.384375 0.19140600000000002 0.388281 0.18984399999999998 0.388281 0.18515600000000002 0.384375 0.175 0.3875 0.171094 0.399219 0.16875 0.420312 0.16875 0.42656299999999997 0.166406 0.421875 0.161719 0.400781 0.15625 0.38593700000000003 0.15625 0.37421899999999997 0.159375 0.363281 0.14843800000000001 0.34843799999999997 0.139063 0.335156 0.135156 0.33125 0.135156 0.328125 0.1375 0.32734399999999997 0.151562 0.3375 0.161719 0.35859399999999997 0.170313
0 0.321094 0 0.310156 0.017188000000000002 0.305469 0.047656 0.303125 0.05 0.286719 0.020313 0.286719 0.039844000000000004 0.292969 0.08203099999999999 0.3 0.096094 0.3 0.1 0.303125 0.10390600000000001 0.308594 0.10625 0.310937 0.110156 0.309375 0.115625 0.298438 0.12734399999999998 0.296875 0.134375 0.29609399999999997 0.196875 0.299219 0.204687 0.307031 0.203125 0.326562 0.153125 0.32890600000000003 0.134375 0.325781 0.115625 0.321875 0.11171899999999998 0.32890600000000003 0.110156 0.335156 0.105469 0.342187 0.092969 0.346094 0.077344 0.346094 0.035156 0.34296899999999997 0.01875 0.33593799999999996 0 0.321094 0
0 0.33593799999999996 0 0.339844 0.014063 0.352344 0.028125 0.363281 0.035156 0.36875 0.050781 0.383594 0.063281 0.392188 0.067187 0.396875 0.06640599999999999 0.397656 0.064062 0.394531 0.060937 0.394531 0.05625 0.383594 0.039844000000000004 0.38125 0.032812999999999995 0.37578100000000003 0.030469000000000003 0.372656 0.026562000000000002 0.37031200000000003 0.019531 0.37031200000000003 0 0.33593799999999996 0
0 0.167187 0.1375 0.18125 0.147656 0.2 0.15234399999999998 0.211719 0.146094 0.232813 0.139063 0.257031 0.133594 0.272656 0.12734399999999998 0.271875 0.124219 0.26640600000000003 0.121875 0.2375 0.11953100000000001 0.22109399999999998 0.12265600000000002 0.209375 0.130469 0.20078100000000002 0.128125 0.196875 0.115625 0.192188 0.107813 0.175 0.091406 0.16406199999999999 0.085938 0.139844 0.078125 0.126562 0.077344 0.124219 0.079687 0.124219 0.085938 0.14453100000000002 0.11484399999999999 0.167187 0.1375
0 0.123438 0 0.123438 0.0023439999999999997 0.150781 0.029687 0.154688 0.038280999999999996 0.15859399999999998 0.039062 0.161719 0.033594 0.165625 0.033594 0.170313 0.038280999999999996 0.189062 0.041406 0.22343799999999997 0.039844000000000004 0.225781 0.0375 0.224219 0.03125 0.215625 0.020313 0.20625 0.015625 0.184375 0.010936999999999999 0.177344 0.013281000000000001 0.16953100000000002 0.01875 0.159375 0.010936999999999999 0.146875 0.004687 0.14296899999999998 0 0.123438 0
1 0.117188 0.22109399999999998 0.12890600000000002 0.225 0.13828100000000002 0.225781 0.146094 0.22109399999999998 0.149219 0.225 0.155469 0.227344 0.178125 0.225781 0.19921899999999998 0.21875 0.204687 0.213281 0.202344 0.210938 0.18984399999999998 0.20703100000000002 0.173437 0.20703100000000002 0.159375 0.208594 0.14296899999999998 0.21875 0.135156 0.219531 0.13125 0.21640600000000002 0.11171899999999998 0.210938 0.10390600000000001 0.20625 0.10078100000000001 0.20703100000000002 0.10078100000000001 0.209375 0.104688 0.21406200000000003 0.117188 0.22109399999999998
1 0.269531 0.26640600000000003 0.286719 0.23671899999999998 0.2875 0.23203100000000002 0.28125 0.233594 0.262891 0.254453 0.248984 0.281562 0.2325 0.266328 0.235156 0.275 0.23671899999999998 0.279687 0.242969 0.285156 0.25078100000000003 0.29765600000000003 0.257031 0.296875 0.25781200000000004 0.291406 0.269531 0.26640600000000003
0 0.314063 0.37421899999999997 0.324219 0.38984399999999997 0.333594 0.41875 0.341406 0.432031 0.349219 0.44218799999999997 0.353906 0.44531200000000004 0.35625 0.44218799999999997 0.35468700000000003 0.430469 0.34453100000000003 0.404687 0.341406 0.392188 0.33593799999999996 0.385156 0.336719 0.373437 0.330469 0.365625 0.330469 0.35156200000000004 0.325 0.325 0.315625 0.314063 0.31328100000000003 0.314063 0.309375 0.321875 0.30781200000000003 0.341406 0.314063 0.37421899999999997
1 0.20781299999999997 0.40546899999999997 0.220312 0.41093799999999997 0.225781 0.408594 0.224219 0.403906 0.21875 0.4 0.2125 0.386719 0.201563 0.372656 0.19375 0.364844 0.178125 0.35468700000000003 0.173437 0.35468700000000003 0.171875 0.357812 0.18125 0.37421899999999997 0.20781299999999997 0.40546899999999997
1 0.167187 0.359375 0.178125 0.35468700000000003 0.185938 0.347656 0.197656 0.346875 0.203906 0.34375 0.204687 0.33593799999999996 0.202344 0.329688 0.19375 0.322656 0.183203 0.31601599999999996 0.188281 0.32734399999999997 0.19140600000000002 0.330469 0.1875 0.334375 0.18125 0.33593799999999996 0.172656 0.341406 0.171094 0.345313 0.161719 0.353125 0.15625 0.361719 0.155469 0.366406 0.15859399999999998 0.36718799999999996 0.1625 0.364844 0.167187 0.359375
1 0.13671899999999998 0.44218799999999997 0.15 0.453125 0.16015600000000002 0.45781299999999997 0.165625 0.45781299999999997 0.182031 0.475781 0.197656 0.486719 0.198437 0.47656200000000004 0.196094 0.461719 0.18984399999999998 0.447656 0.173437 0.447656 0.167187 0.435156 0.15234399999999998 0.42265600000000003 0.135156 0.413281 0.124219 0.410156 0.11875 0.411719 0.11796899999999999 0.41718700000000003 0.121875 0.425781 0.13671899999999998 0.44218799999999997
1 0.233594 0.55 0.253125 0.536719 0.25468799999999997 0.530469 0.26093700000000003 0.521094 0.271875 0.509375 0.28203100000000003 0.49375 0.295312 0.463281 0.295312 0.45781299999999997 0.290625 0.460156 0.26640600000000003 0.4875 0.259375 0.500781 0.253906 0.524219 0.252344 0.525781 0.24765600000000002 0.525 0.241406 0.521094 0.23203100000000002 0.519531 0.220312 0.522656 0.20781299999999997 0.530469 0.196875 0.542188 0.18515600000000002 0.560156 0.180469 0.571094 0.18125 0.575781 0.185938 0.575781 0.208594 0.560156 0.233594 0.55
0 0.29375 0.507812 0.300781 0.514844 0.314063 0.517969 0.32734399999999997 0.517969 0.335156 0.513281 0.347656 0.510938 0.34843799999999997 0.509375 0.341406 0.505469 0.341406 0.502344 0.366406 0.484375 0.371094 0.478906 0.371094 0.475781 0.36406299999999997 0.471094 0.34296899999999997 0.471094 0.32031200000000004 0.478125 0.30781200000000003 0.485938 0.302344 0.49218799999999996 0.29375 0.482031 0.289844 0.480469 0.28125 0.49218799999999996 0.279687 0.500781 0.28125 0.503906 0.28593799999999997 0.50625 0.29375 0.507812
0 0.3625 0.685937 0.377344 0.6625 0.378906 0.649219 0.380469 0.647656 0.38593700000000003 0.649219 0.392188 0.664062 0.397656 0.670312 0.402344 0.670312 0.403906 0.667969 0.40546899999999997 0.646094 0.403906 0.641406 0.403906 0.61875 0.40625 0.607031 0.402344 0.594531 0.402344 0.5875 0.40546899999999997 0.574219 0.404687 0.567969 0.4 0.570312 0.396875 0.579688 0.382031 0.607812 0.378906 0.645312 0.372656 0.644531 0.360938 0.647656 0.34296899999999997 0.664062 0.33593799999999996 0.677344 0.335156 0.685937 0.336719 0.694531 0.341406 0.696875 0.35 0.695312 0.3625 0.685937
2 0.376563 0.569531 0.380469 0.569531 0.3875 0.576562 0.39140600000000003 0.576562 0.392969 0.575 0.392969 0.566406 0.386719 0.552344 0.38125 0.544531 0.361719 0.525781 0.35859399999999997 0.525781 0.357031 0.530469 0.37578100000000003 0.561719 0.376563 0.569531
1 0.302344 0.596094 0.3375 0.588281 0.338281 0.583594 0.310156 0.577344 0.300781 0.578125 0.29218700000000003 0.582031 0.28203100000000003 0.582031 0.279687 0.583594 0.28203100000000003 0.588281 0.294531 0.594531 0.302344 0.596094
1 0.27031299999999997 0.646875 0.29375 0.621094 0.3 0.611719 0.299219 0.610156 0.294531 0.610156 0.275 0.620313 0.25078100000000003 0.641406 0.24609399999999998 0.646875 0.241406 0.657813 0.241406 0.667969 0.24375 0.673438 0.24609399999999998 0.667969 0.24609399999999998 0.6625 0.27031299999999997 0.646875
1 0.383594 0.519531 0.382031 0.514062 0.396875 0.503906 0.421875 0.477344 0.433594 0.459375 0.432031 0.454688 0.420312 0.46093799999999996 0.378906 0.494531 0.372656 0.508594 0.37421899999999997 0.514062 0.375 0.517188 0.376797 0.520781 0.373437 0.526563 0.371094 0.529687 0.375 0.529687 0.378125 0.527344 0.383594 0.519531
2 0.757812 0.178125 0.761719 0.175 0.764062 0.173437 0.760938 0.170313 0.760938 0.165625 0.757031 0.1625 0.746094 0.161719 0.732812 0.165625 0.714844 0.17421899999999998 0.7125 0.178906 0.715625 0.180469 0.750781 0.17968800000000001 0.757812 0.178125
2 0.826562 0.086719 0.835938 0.084375 0.8414059999999999 0.078906 0.835938 0.06640599999999999 0.829688 0.063281 0.8226559999999999 0.065625 0.8054690000000001 0.075781 0.8023440000000001 0.08125 0.804688 0.084375 0.809375 0.085938 0.826562 0.086719
3 0.165625 0.701562 0.176563 0.709375 0.18359399999999998 0.708594 0.18515600000000002 0.714063 0.186719 0.713281 0.185938 0.709375 0.18984399999999998 0.707031 0.192969 0.707031 0.19531199999999999 0.709375 0.194531 0.721094 0.20078100000000002 0.728906 0.192969 0.734375 0.190625 0.742969 0.190625 0.775 0.192969 0.783594 0.197656 0.784375 0.201563 0.779687 0.20546899999999998 0.757812 0.210938 0.742188 0.210938 0.732031 0.20625 0.728125 0.208594 0.721875 0.20703100000000002 0.715625 0.209375 0.708594 0.21640600000000002 0.702344 0.219531 0.708594 0.258594 0.740625 0.263281 0.742969 0.267969 0.742969 0.27031299999999997 0.740625 0.27031299999999997 0.733594 0.265625 0.725 0.244531 0.703125 0.228906 0.695312 0.221875 0.695312 0.21640600000000002 0.700781 0.21484399999999998 0.699219 0.21406200000000003 0.685156 0.208594 0.672656 0.202344 0.664062 0.185938 0.65 0.18125 0.65 0.182812 0.654687 0.196094 0.673438 0.197656 0.678125 0.192188 0.678906 0.186719 0.675781 0.178125 0.674219 0.161719 0.675781 0.15859399999999998 0.677344 0.151562 0.689063 0.150781 0.69375 0.153125 0.696094 0.165625 0.701562