0 0.598438 0.602344 0.599219 0.610938 0.608594 0.627344 0.608594 0.630469 0.604687 0.63125 0.595313 0.628125 0.586719 0.630469 0.579688 0.636719 0.571875 0.651563 0.567188 0.675 0.567969 0.700781 0.571094 0.703906 0.574219 0.703125 0.578906 0.696875 0.603906 0.646094 0.613281 0.635938 0.6125 0.619531 0.617188 0.602344 0.621094 0.569531 0.621875 0.548438 0.619531 0.545312 0.617188 0.546875 0.608594 0.566406 0.598438 0.602344
0 0.8453120000000001 0.078906 0.846875 0.080469 0.8460940000000001 0.084375 0.8539059999999999 0.090625 0.878906 0.096094 0.8914059999999999 0.103125 0.90625 0.11484399999999999 0.9117190000000001 0.117188 0.915625 0.115625 0.9164059999999999 0.110937 0.9085940000000001 0.09375 0.902344 0.085938 0.8921870000000001 0.078906 0.88125 0.075 0.867188 0.07421900000000001 0.8539059999999999 0.079687 0.851562 0.075781 0.8421879999999999 0.06875 0.826094 0.062031 0.8345309999999999 0.071016 0.839297 0.075 0.8453120000000001 0.078906
1 0.61875 0.20625 0.622656 0.215625 0.630469 0.22109399999999998 0.655469 0.232813 0.667969 0.235937 0.673438 0.234375 0.674219 0.23203100000000002 0.671875 0.228906 0.646875 0.213281 0.632031 0.201563 0.626563 0.194531 0.615625 0.194531 0.611719 0.19140600000000002 0.603906 0.17968800000000001 0.596094 0.18125 0.597656 0.18984399999999998 0.607031 0.201563 0.61875 0.20625
1 0.675 0.160938 0.701562 0.1875 0.704688 0.18359399999999998 0.704688 0.16953100000000002 0.7 0.161719 0.69375 0.15625 0.682031 0.15234399999999998 0.679688 0.15 0.678906 0.139844 0.674219 0.128125 0.670312 0.126562 0.669531 0.12265600000000002 0.670312 0.13828100000000002 0.675 0.153125 0.675 0.160938
0 0.747656 0.24609399999999998 0.7640629999999999 0.289844 0.778906 0.303906 0.7875 0.308594 0.786719 0.324219 0.789844 0.342187 0.800781 0.361719 0.80625 0.380469 0.8109379999999999 0.38125 0.81875 0.366406 0.817188 0.35625 0.816406 0.31328100000000003 0.8132809999999999 0.310156 0.8125 0.30625 0.801563 0.294531 0.800781 0.286719 0.8054690000000001 0.267188 0.799219 0.242188 0.791406 0.220312 0.7875 0.22968700000000003 0.785156 0.22968700000000003 0.778125 0.21640600000000002 0.764844 0.202344 0.760156 0.2 0.755469 0.2 0.750781 0.20546899999999998 0.747656 0.215625 0.747656 0.24609399999999998
0 0.69375 0 0.696094 0.005469 0.707813 0.0125 0.7125 0.01875 0.716406 0.017969 0.719531 0.021093999999999998 0.717969 0.023438 0.717187 0.034375 0.720313 0.041406 0.725 0.0375 0.726562 0.025 0.728125 0.023438 0.7515620000000001 0.039062 0.7640629999999999 0.041406 0.766406 0.039062 0.766406 0.032031 0.759375 0.01875 0.753125 0.0125 0.746875 0.009375 0.7375 0.0078119999999999995 0.735938 0.00625 0.735938 0 0.69375 0
0 0.567969 0.084375 0.564063 0.08984400000000001 0.55625 0.088281 0.549219 0.090625 0.545312 0.095312 0.534375 0.095312 0.538281 0.099219 0.538281 0.10390600000000001 0.526562 0.11875 0.525 0.124219 0.533594 0.125 0.551563 0.117188 0.564063 0.10390600000000001 0.574219 0.10390600000000001 0.585938 0.1 0.598438 0.090625 0.600781 0.0875 0.600781 0.08203099999999999 0.597656 0.079687 0.576562 0.078906 0.567969 0.084375
0 0.569531 0.032031 0.564063 0.03125 0.55625 0.042187999999999996 0.553906 0.049219 0.548438 0.055469000000000004 0.544531 0.064844 0.534375 0.057031 0.5244530000000001 0.051328 0.517188 0.047656 0.530469 0.064062 0.514141 0.067734 0.507031 0.072656 0.502344 0.083594 0.503125 0.088281 0.507812 0.08984400000000001 0.529687 0.085156 0.553125 0.077344 0.564844 0.080469 0.578906 0.0625 0.58125 0.05 0.585938 0.045312000000000005 0.586719 0.040625 0.584375 0.039062 0.577344 0.039844000000000004 0.569531 0.032031
2 0.465625 0.061719 0.464844 0.064844 0.471875 0.06640599999999999 0.48515600000000003 0.064844 0.505469 0.057031 0.507812 0.052344 0.505469 0.05 0.489062 0.053905999999999996 0.465625 0.061719
2 0.409375 0.053125 0.403906 0.084375 0.399219 0.099219 0.400781 0.105469 0.403906 0.107813 0.40703100000000003 0.10390600000000001 0.40546899999999997 0.1 0.40625 0.096094 0.411719 0.092188 0.410937 0.086719 0.415625 0.06640599999999999 0.41406200000000004 0.060156 0.414844 0.044531 0.413281 0.041406 0.414844 0.034375 0.413281 0.03125 0.411719 0.03125 0.408594 0.048437999999999995 0.409375 0.053125
0 0.388281 0.14296899999999998 0.403125 0.15 0.409375 0.150781 0.417188 0.149219 0.423438 0.153125 0.427344 0.15859399999999998 0.43828100000000003 0.163281 0.451562 0.17578100000000002 0.46875 0.197656 0.475 0.201563 0.475 0.19375 0.466406 0.17421899999999998 0.471094 0.173437 0.477344 0.176563 0.486719 0.176563 0.488281 0.173437 0.457812 0.15234399999999998 0.435937 0.146875 0.424219 0.1375 0.419531 0.142187 0.414844 0.13281199999999999 0.401563 0.11640600000000001 0.392969 0.11171899999999998 0.376563 0.11953100000000001 0.369531 0.120313 0.365625 0.12265600000000002 0.36718799999999996 0.126562 0.375 0.134375 0.388281 0.14296899999999998
0 0.267969 0.04375 0.31328100000000003 0.04375 0.325781 0.049219 0.35156200000000004 0.054688 0.365625 0.055469000000000004 0.371875 0.053125 0.365625 0.045312000000000005 0.35625 0.038280999999999996 0.339063 0.029687 0.321875 0.028905999999999998 0.314063 0.035156 0.29765600000000003 0.021093999999999998 0.285937 0.007031 0.279687 0.0023439999999999997 0.276563 0.0023439999999999997 0.275781 0 0.275 0.00625 0.284375 0.016406 0.282813 0.019531 0.267188 0.019531 0.253906 0.021875 0.23828100000000002 0.032812999999999995 0.239844 0.0375 0.249219 0.038280999999999996 0.267969 0.04375
2 0.839844 0.442969 0.8367190000000001 0.45625 0.8375 0.46406200000000003 0.840625 0.463281 0.8539059999999999 0.439063 0.855469 0.425781 0.8539059999999999 0.421875 0.84375 0.421875 0.8414059999999999 0.425 0.839844 0.442969
0 1 0.23125 0.9976559999999999 0.23046899999999998 0.995313 0.22343799999999997 0.96875 0.196875 0.9617190000000001 0.19375 0.9523440000000001 0.19375 0.95 0.196094 0.951562 0.209375 0.970313 0.242969 0.9835940000000001 0.259375 0.99375 0.265625 1 0.265625 1 0.23125
2 0.9203129999999999 0.551562 0.91875 0.555469 0.9195309999999999 0.560156 0.925 0.559375 0.941406 0.548438 0.972656 0.533594 0.975 0.528906 0.960938 0.528906 0.929688 0.539844 0.9203129999999999 0.551562
2 0.8835940000000001 0.705469 0.8890629999999999 0.705469 0.89375 0.701562 0.895312 0.696875 0.8929690000000001 0.690625 0.8882809999999999 0.692969 0.8757809999999999 0.6875 0.8664059999999999 0.678125 0.8617190000000001 0.675781 0.859375 0.677344 0.865625 0.692969 0.8734379999999999 0.701562 0.8835940000000001 0.705469
2 0.732031 0.511719 0.736719 0.509375 0.747656 0.494531 0.748437 0.489844 0.753125 0.482812 0.752344 0.47968700000000003 0.746094 0.48359399999999997 0.733594 0.5 0.732031 0.511719
2 0.488281 0.544531 0.479688 0.564063 0.48125 0.571094 0.485938 0.573438 0.494531 0.564844 0.497656 0.553125 0.498437 0.532031 0.494531 0.515625 0.491406 0.517188 0.490625 0.534375 0.488281 0.544531
2 0.557031 0.8742190000000001 0.551563 0.889062 0.553125 0.8898440000000001 0.570312 0.882812 0.605469 0.8617190000000001 0.607812 0.8570309999999999 0.589844 0.857812 0.570312 0.8648440000000001 0.557031 0.8742190000000001
2 0.240625 0.8726559999999999 0.2375 0.8773440000000001 0.242969 0.884375 0.251563 0.8835940000000001 0.278125 0.8757809999999999 0.2875 0.871875 0.289844 0.86875 0.288281 0.8664059999999999 0.258594 0.8664059999999999 0.240625 0.8726559999999999
2 0.067187 0.654687 0.063281 0.649219 0.044531 0.644531 0.0125 0.642969 0.009375 0.646094 0.021093999999999998 0.65 0.060156 0.657031 0.067187 0.654687
0 0.177344 0 0.177344 0.01875 0.180469 0.029687 0.182813 0.053125 0.186719 0.060156 0.186719 0.065625 0.18125 0.071875 0.175 0.092188 0.177344 0.094531 0.189063 0.092969 0.198438 0.084375 0.20625 0.05 0.20625 0.039062 0.203906 0.029687 0.190625 0.0078119999999999995 0.18359399999999998 0 0.177344 0
2 0.0875 0.083594 0.073438 0.0875 0.072656 0.092188 0.092969 0.09765599999999999 0.11796899999999999 0.10078100000000001 0.13281199999999999 0.104688 0.13671899999999998 0.10390600000000001 0.129687 0.091406 0.117188 0.085156 0.0875 0.083594
1 0.07656199999999999 0 0.072656 0.013281000000000001 0.072656 0.023438 0.07421900000000001 0.027344 0.073438 0.038280999999999996 0.075781 0.042187999999999996 0.080469 0.039844000000000004 0.082812 0.034375 0.082812 0.029687 0.090625 0.007031 0.091406 0 0.07656199999999999 0
2 0 0.20781299999999997 0.0023439999999999997 0.20781299999999997 0.0023439999999999997 0.20546899999999998 0.00625 0.202344 0.010156 0.202344 0.025781 0.186719 0.026562999999999996 0.18125 0.015625 0.18125 0 0.188281 0 0.20781299999999997
2 0.16015600000000002 0.352344 0.16953100000000002 0.365625 0.17421899999999998 0.365625 0.178906 0.363281 0.178125 0.353906 0.16406199999999999 0.333594 0.155469 0.328125 0.15 0.321094 0.142188 0.321094 0.14375 0.326562 0.15625 0.341406 0.16015600000000002 0.352344
0 0.114062 0.38281200000000004 0.132031 0.383594 0.13828100000000002 0.39140600000000003 0.15390600000000002 0.390625 0.16796899999999998 0.384375 0.175 0.378125 0.17421899999999998 0.37578100000000003 0.135156 0.371875 0.12734399999999998 0.367969 0.11640600000000001 0.35859399999999997 0.10390600000000001 0.36015600000000003 0.10234399999999999 0.361719 0.101562 0.373437 0.103125 0.376563 0.114062 0.38281200000000004
1 0.20156200000000002 0.384375 0.197656 0.388281 0.192187 0.3875 0.1875 0.390625 0.171875 0.39375 0.15625 0.40156200000000003 0.147656 0.409375 0.146094 0.416406 0.150781 0.416406 0.170312 0.409375 0.182031 0.407813 0.203125 0.40156200000000003 0.20703100000000002 0.396875 0.208594 0.38984399999999997 0.20781200000000002 0.375 0.20546899999999998 0.372656 0.203906 0.373437 0.20156200000000002 0.384375
2 0.132031 0.467187 0.132031 0.474219 0.135156 0.474219 0.15625 0.453125 0.157031 0.446875 0.150781 0.441406 0.146875 0.44218799999999997 0.140625 0.450781 0.132031 0.467187
0 0.298438 0.39531299999999997 0.302344 0.396875 0.302344 0.41093799999999997 0.303906 0.415625 0.31171899999999997 0.425781 0.321094 0.43125 0.325781 0.430469 0.326562 0.42265600000000003 0.325 0.414844 0.315625 0.396094 0.316406 0.388281 0.31328100000000003 0.380469 0.289844 0.35156200000000004 0.278906 0.347656 0.278906 0.360938 0.282813 0.371094 0.298438 0.39531299999999997
0 0.33125 0.38125 0.341406 0.396094 0.3375 0.400781 0.341406 0.414844 0.345313 0.42109399999999997 0.35 0.419531 0.353906 0.421875 0.359375 0.4375 0.360938 0.439063 0.365625 0.439063 0.36875 0.42968799999999996 0.367969 0.409375 0.364844 0.400781 0.357812 0.394531 0.355469 0.3875 0.354688 0.37578100000000003 0.350781 0.365625 0.338281 0.35156200000000004 0.33125 0.34843799999999997 0.325781 0.34843799999999997 0.325 0.355469 0.32734399999999997 0.371875 0.33125 0.38125
0 0.346875 0.335156 0.353125 0.352344 0.370313 0.371875 0.378906 0.384375 0.385938 0.39140600000000003 0.390625 0.392969 0.39140600000000003 0.386719 0.3875 0.378906 0.384375 0.364844 0.377344 0.35468700000000003 0.371875 0.352344 0.36718799999999996 0.33593799999999996 0.35625 0.321875 0.348437 0.31718799999999997 0.34296899999999997 0.31718799999999997 0.341406 0.319531 0.341406 0.329688 0.346875 0.335156
0 0.42968799999999996 0.39531299999999997 0.435937 0.424219 0.435156 0.428906 0.426562 0.43125 0.424219 0.435937 0.439063 0.43671899999999997 0.442969 0.440625 0.44375 0.444531 0.439844 0.451562 0.43671899999999997 0.46406200000000003 0.43828100000000003 0.48359399999999997 0.446094 0.50625 0.450781 0.513281 0.455469 0.514844 0.457812 0.513281 0.459375 0.507812 0.4625 0.453125 0.46093799999999996 0.44843700000000003 0.45625 0.44375 0.45625 0.432031 0.444531 0.38984399999999997 0.428125 0.36406299999999997 0.423438 0.363281 0.420312 0.364844 0.420312 0.373437 0.42968799999999996 0.39531299999999997
0 0.303125 0.494531 0.310937 0.503906 0.321094 0.514062 0.310156 0.525 0.30625 0.532813 0.30468799999999996 0.541406 0.305469 0.545312 0.308594 0.546094 0.31875 0.535937 0.322656 0.534375 0.325781 0.527344 0.335156 0.517188 0.333594 0.515625 0.332812 0.503125 0.328125 0.49218799999999996 0.31328100000000003 0.477344 0.30625 0.475781 0.299219 0.478125 0.29765600000000003 0.482031 0.303125 0.494531
1 0.383594 0.616406 0.378125 0.628906 0.378125 0.635938 0.382031 0.645312 0.382031 0.65625 0.383594 0.658594 0.386719 0.657031 0.39375 0.646875 0.396094 0.636719 0.40625 0.621094 0.407813 0.615625 0.40625 0.601562 0.392969 0.596094 0.38984399999999997 0.598437 0.389062 0.610938 0.383594 0.616406
0 0.392188 0.730469 0.40546899999999997 0.760156 0.413281 0.771875 0.413281 0.775 0.411719 0.775781 0.392188 0.771094 0.39375 0.775781 0.411719 0.783594 0.424219 0.786719 0.427344 0.789844 0.43671899999999997 0.79375 0.44531200000000004 0.803125 0.466406 0.814063 0.48359399999999997 0.8148440000000001 0.478125 0.8132809999999999 0.475781 0.80625 0.459375 0.789844 0.451562 0.784375 0.447656 0.770312 0.441406 0.760156 0.419531 0.736719 0.400781 0.7125 0.392188 0.707812 0.38984399999999997 0.711719 0.38984399999999997 0.721094 0.392188 0.730469
1 0.48515600000000003 0.8523440000000001 0.484375 0.8757809999999999 0.485938 0.8835940000000001 0.491406 0.894531 0.482031 0.8992190000000001 0.471875 0.907813 0.470313 0.9148440000000001 0.466406 0.91875 0.46335899999999997 0.9243750000000001 0.469688 0.9210160000000001 0.475 0.915625 0.486719 0.903125 0.490625 0.901563 0.49375 0.9054690000000001 0.5 0.9054690000000001 0.505469 0.9007809999999999 0.503906 0.8914059999999999 0.510156 0.860938 0.513281 0.857812 0.5125 0.846875 0.520313 0.8195309999999999 0.520313 0.810937 0.51875 0.8101559999999999 0.507812 0.8179690000000001 0.4875 0.8445309999999999 0.48515600000000003 0.8523440000000001
0 0.60625 1 0.60625 0.99375 0.603125 0.990625 0.602344 0.982812 0.599219 0.976562 0.599219 0.970313 0.591406 0.9507809999999999 0.590625 0.9195309999999999 0.584375 0.9 0.578906 0.8976559999999999 0.576562 0.9 0.575 0.9117190000000001 0.571094 0.9226559999999999 0.569531 0.946875 0.571875 0.9632809999999999 0.567188 0.967187 0.567188 0.9710940000000001 0.572656 0.9789059999999999 0.571094 0.982812 0.573437 0.9867190000000001 0.571094 0.992188 0.571094 1 0.60625 1
2 0.622656 0.9289059999999999 0.626563 0.9382809999999999 0.628125 0.9382809999999999 0.633594 0.920312 0.633594 0.904687 0.628125 0.8726559999999999 0.624219 0.871875 0.621875 0.8875 0.621094 0.9148440000000001 0.622656 0.9289059999999999
0 0.389297 0.910234 0.394453 0.9190630000000001 0.380469 0.918437 0.37179700000000004 0.922344 0.366406 0.9289059999999999 0.357031 0.934375 0.348437 0.942187 0.340625 0.9539059999999999 0.342187 0.957812 0.35 0.959375 0.35156200000000004 0.954688 0.359375 0.953125 0.36015600000000003 0.949219 0.36875 0.9382809999999999 0.376563 0.9375 0.388281 0.9289059999999999 0.404687 0.928125 0.40546899999999997 0.923438 0.399219 0.9132809999999999 0.400781 0.907813 0.39843799999999996 0.907813 0.395312 0.904687 0.391328 0.897344 0.386328 0.8930469999999999 0.385625 0.902734 0.389297 0.910234
2 0.197656 0.9695309999999999 0.209375 0.9695309999999999 0.21875 0.967187 0.21718700000000002 0.9617190000000001 0.20625 0.9601559999999999 0.18984399999999998 0.951562 0.18515600000000002 0.9507809999999999 0.175 0.9445309999999999 0.170312 0.939063 0.161719 0.939063 0.16953100000000002 0.9523440000000001 0.18515600000000002 0.9664059999999999 0.197656 0.9695309999999999
0 0.417188 0.8101559999999999 0.417188 0.829688 0.419531 0.8375 0.411719 0.8375 0.40703100000000003 0.839844 0.39843799999999996 0.85 0.39375 0.860938 0.38984399999999997 0.8804690000000001 0.38984399999999997 0.8898440000000001 0.392188 0.8929690000000001 0.396094 0.892188 0.402344 0.884375 0.410937 0.867188 0.419531 0.857812 0.424219 0.8492190000000001 0.43125 0.845313 0.43828100000000003 0.8367190000000001 0.442969 0.809375 0.442969 0.8 0.43828100000000003 0.792969 0.428125 0.790625 0.419531 0.803125 0.417188 0.8101559999999999
0 0 0.724219 0.025781 0.740625 0.020312 0.748437 0.0375 0.749219 0.065625 0.744531 0.075 0.751563 0.088281 0.754687 0.130469 0.760156 0.135938 0.757031 0.134375 0.753906 0.104688 0.739062 0.072656 0.732812 0.04375 0.710938 0.016406 0.701562 0 0.699219 0 0.724219
2 0.654687 0.349219 0.657031 0.359375 0.6625 0.36015600000000003 0.666406 0.35468700000000003 0.670312 0.353125 0.684375 0.334375 0.686719 0.328125 0.685937 0.325 0.68125 0.325 0.665625 0.33593799999999996 0.654687 0.349219
0 0.622656 0.49375 0.610156 0.491406 0.601484 0.493828 0.591875 0.49390599999999996 0.599219 0.48515600000000003 0.601562 0.482031 0.588281 0.485938 0.575781 0.49531200000000003 0.567188 0.498437 0.561719 0.50625 0.542969 0.498437 0.521875 0.497656 0.504688 0.502344 0.494531 0.508594 0.494531 0.511719 0.498437 0.514844 0.525781 0.522656 0.553906 0.521875 0.560937 0.51875 0.573437 0.517969 0.578125 0.519531 0.603906 0.520312 0.617188 0.524219 0.63125 0.524219 0.646875 0.521094 0.65 0.517969 0.646875 0.510156 0.636719 0.5 0.622656 0.49375