0 0.070312 0.28593799999999997 0.078125 0.290625 0.079687 0.29375 0.085156 0.295312 0.077344 0.30781200000000003 0.075 0.315625 0.075 0.330469 0.078125 0.34375 0.085156 0.357031 0.090625 0.3625 0.099219 0.367969 0.107813 0.37031200000000003 0.110156 0.36718799999999996 0.108594 0.314063 0.10625 0.300781 0.099219 0.294531 0.1 0.278906 0.094531 0.26875 0.080469 0.25078100000000003 0.067187 0.23906299999999997 0.060156 0.235937 0.057813 0.260156 0.061719 0.275 0.070312 0.28593799999999997
0 0 0.665625 0.010156 0.667188 0.017188000000000002 0.675 0.026562000000000002 0.674219 0.0375 0.667969 0.042969 0.667188 0.045312000000000005 0.669531 0.039062 0.672656 0.039844000000000004 0.682031 0.044531 0.689844 0.048437999999999995 0.692187 0.061719 0.695312 0.096094 0.694531 0.1 0.690625 0.1 0.688281 0.0875 0.677344 0.076563 0.670312 0.071094 0.66875 0.060937 0.660156 0.047656 0.657813 0.040625 0.660937 0.014844 0.642969 0 0.638281 0 0.665625
0 0.407813 0.125 0.42656299999999997 0.139844 0.425781 0.15 0.43125 0.16875 0.43671899999999997 0.177344 0.451562 0.19140600000000002 0.458594 0.194531 0.46406200000000003 0.194531 0.463281 0.18515600000000002 0.44843700000000003 0.151562 0.44218799999999997 0.142187 0.432031 0.134375 0.42968799999999996 0.12734399999999998 0.435937 0.11875 0.435937 0.110937 0.43125 0.110937 0.425 0.11484399999999999 0.420312 0.11484399999999999 0.403906 0.10625 0.390625 0.10390600000000001 0.389062 0.107813 0.400781 0.115625 0.407813 0.125
0 0.461719 0.157031 0.47656200000000004 0.171094 0.4875 0.175 0.496094 0.17421899999999998 0.49375 0.17578100000000002 0.491406 0.182812 0.49218799999999996 0.19921899999999998 0.496875 0.210156 0.507812 0.221875 0.517188 0.226562 0.525 0.227344 0.526563 0.225 0.526563 0.2125 0.517969 0.190625 0.510156 0.176563 0.500781 0.173437 0.501563 0.16953100000000002 0.498437 0.16406199999999999 0.464844 0.12734399999999998 0.463281 0.123438 0.460156 0.120313 0.454688 0.11953100000000001 0.451562 0.126562 0.451562 0.13828100000000002 0.461719 0.157031
2 0.548438 0.12734399999999998 0.549219 0.08984400000000001 0.54375 0.090625 0.539062 0.09765599999999999 0.532813 0.114062 0.532031 0.12734399999999998 0.533594 0.139844 0.535937 0.14296899999999998 0.540625 0.141406 0.544531 0.13671899999999998 0.548438 0.12734399999999998
0 0.5125 0.2625 0.538281 0.27343799999999996 0.540625 0.275781 0.566406 0.282813 0.578906 0.282813 0.586719 0.279687 0.594531 0.28125 0.6125 0.28046899999999997 0.614844 0.282813 0.6125 0.28593799999999997 0.6125 0.29765600000000003 0.617188 0.310937 0.628125 0.322656 0.65 0.335156 0.680469 0.341406 0.714063 0.341406 0.721875 0.33906200000000003 0.721094 0.334375 0.700781 0.314844 0.648438 0.28593799999999997 0.63125 0.271094 0.626563 0.271875 0.623437 0.269531 0.59375 0.27031299999999997 0.584375 0.26093700000000003 0.576562 0.25625 0.546094 0.242969 0.534375 0.240625 0.528906 0.235937 0.48125 0.22265600000000002 0.475781 0.22265600000000002 0.474219 0.224219 0.47343799999999997 0.228906 0.49218799999999996 0.248438 0.5125 0.2625
1 0.660937 0.390625 0.657813 0.372656 0.654687 0.36718799999999996 0.649219 0.364844 0.657031 0.350781 0.654687 0.3375 0.642188 0.33125 0.640625 0.332031 0.640625 0.336719 0.644531 0.35468700000000003 0.639062 0.37421899999999997 0.6375 0.415625 0.641406 0.425 0.646875 0.428906 0.653125 0.425781 0.657813 0.417969 0.660937 0.390625
0 0.847656 0.14453100000000002 0.8664059999999999 0.146875 0.882812 0.146094 0.8976559999999999 0.142187 0.904687 0.13671899999999998 0.9085940000000001 0.13671899999999998 0.9125 0.139063 0.910937 0.157031 0.9125 0.16406199999999999 0.9210940000000001 0.177344 0.939063 0.188281 0.960938 0.196875 0.973437 0.19921899999999998 0.9867190000000001 0.19921899999999998 0.9898440000000001 0.196875 0.9898440000000001 0.192188 0.9851559999999999 0.184375 0.9742190000000001 0.17421899999999998 0.9625 0.153125 0.9429690000000001 0.134375 0.941406 0.126562 0.90625 0.124219 0.898438 0.115625 0.8804690000000001 0.10234399999999999 0.867188 0.096875 0.855469 0.094531 0.8460940000000001 0.094531 0.828125 0.098437 0.8125 0.10625 0.809375 0.110937 0.810937 0.117188 0.824219 0.13281199999999999 0.847656 0.14453100000000002
2 0.8914059999999999 0.083594 0.8914059999999999 0.07421900000000001 0.8875 0.065625 0.885938 0.05625 0.8804690000000001 0.051562 0.876563 0.065625 0.8757809999999999 0.088281 0.873437 0.1 0.878906 0.101562 0.8882809999999999 0.107813 0.8914059999999999 0.107813 0.89375 0.101562 0.89375 0.092969 0.8914059999999999 0.083594
2 0.870313 0.016406 0.8835940000000001 0.014063 0.884375 0.009375 0.870313 0.005469 0.851562 0.005469 0.8492190000000001 0.007031 0.8492190000000001 0.010156 0.8539059999999999 0.0125 0.870313 0.016406
0 0.9039059999999999 0.20703100000000002 0.9132809999999999 0.20781299999999997 0.90625 0.215625 0.9054690000000001 0.22265600000000002 0.9125 0.24375 0.91875 0.25468799999999997 0.929688 0.269531 0.941406 0.275781 0.945312 0.275781 0.948438 0.271875 0.948438 0.26640600000000003 0.935937 0.235937 0.9367190000000001 0.23203100000000002 0.9242190000000001 0.208594 0.9210940000000001 0.20625 0.9148440000000001 0.20546899999999998 0.915625 0.198437 0.909375 0.18359399999999998 0.903125 0.180469 0.8882809999999999 0.185938 0.882812 0.192188 0.884375 0.196094 0.9039059999999999 0.20703100000000002
0 0.778125 0.378906 0.782031 0.38593700000000003 0.796875 0.399219 0.8148440000000001 0.407813 0.8273440000000001 0.411719 0.829688 0.415625 0.834375 0.41406200000000004 0.8429690000000001 0.416406 0.863281 0.415625 0.878125 0.409375 0.879687 0.41093799999999997 0.8804690000000001 0.432031 0.882812 0.434375 0.8835940000000001 0.439844 0.8992190000000001 0.453125 0.9117190000000001 0.460156 0.93125 0.466406 0.9445309999999999 0.467187 0.94375 0.4625 0.925 0.43671899999999997 0.907813 0.42265600000000003 0.8820309999999999 0.408594 0.8882809999999999 0.402344 0.894531 0.4 0.895312 0.396094 0.890625 0.3875 0.88125 0.382031 0.8625 0.378125 0.842187 0.366406 0.8070309999999999 0.357812 0.799219 0.357812 0.796094 0.355469 0.782813 0.353125 0.769531 0.347656 0.765625 0.347656 0.7625 0.350781 0.761719 0.353906 0.767188 0.36718799999999996 0.778125 0.378906
0 0.8507809999999999 0.5125 0.8625 0.517188 0.8648440000000001 0.525781 0.86875 0.523438 0.870313 0.524219 0.8726559999999999 0.5375 0.876563 0.541406 0.88125 0.539844 0.8851559999999999 0.533594 0.885938 0.517969 0.882812 0.509375 0.871875 0.504687 0.8539059999999999 0.490625 0.8445309999999999 0.48125 0.8429690000000001 0.475 0.839063 0.471094 0.81875 0.45781299999999997 0.816406 0.458594 0.820312 0.486719 0.8257809999999999 0.496875 0.8507809999999999 0.5125
0 1 0.325 0.989062 0.322656 0.9835940000000001 0.31875 0.989062 0.314844 0.988281 0.3125 0.9820309999999999 0.30625 0.9679690000000001 0.305469 0.94375 0.296875 0.923438 0.29609399999999997 0.903125 0.30468799999999996 0.8960940000000001 0.305469 0.875 0.317969 0.8679690000000001 0.325781 0.86875 0.330469 0.876563 0.33593799999999996 0.890625 0.339844 0.901563 0.339844 0.910156 0.342187 0.95 0.339844 0.9617190000000001 0.33593799999999996 0.9710940000000001 0.330469 0.9789059999999999 0.346094 1 0.35625 1 0.325
0 0.759375 0.46875 0.764062 0.467187 0.771875 0.455469 0.785937 0.45 0.803125 0.433594 0.810937 0.42968799999999996 0.815625 0.430469 0.8226559999999999 0.428125 0.8257809999999999 0.424219 0.8304690000000001 0.42265600000000003 0.834375 0.415625 0.829688 0.411719 0.807813 0.403906 0.798438 0.39843799999999996 0.791406 0.397656 0.763281 0.424219 0.757812 0.434375 0.757812 0.439063 0.761719 0.444531 0.763281 0.450781 0.760156 0.458594 0.732031 0.475781 0.719531 0.49218799999999996 0.710938 0.522656 0.709375 0.5375 0.713281 0.539062 0.7375 0.514844 0.759375 0.46875
0 0.609375 0.576562 0.611719 0.573438 0.617969 0.573438 0.622656 0.567187 0.626563 0.565625 0.630469 0.576562 0.635938 0.584375 0.649219 0.592187 0.655469 0.592187 0.65625 0.586719 0.654687 0.580469 0.658594 0.55625 0.664062 0.552344 0.679688 0.547656 0.695312 0.539844 0.703906 0.533594 0.708594 0.525 0.699219 0.525 0.645312 0.532813 0.635938 0.535937 0.628125 0.541406 0.626563 0.551562 0.615625 0.561719 0.610938 0.563281 0.60625 0.5625 0.605469 0.567969 0.592187 0.579688 0.589844 0.584375 0.599219 0.584375 0.604688 0.578125 0.609375 0.576562
0 0.536719 0.38984399999999997 0.551562 0.397656 0.564844 0.397656 0.582031 0.407813 0.592187 0.41093799999999997 0.592969 0.40703100000000003 0.583594 0.396875 0.573438 0.390625 0.5625 0.389062 0.560156 0.383594 0.547656 0.373437 0.522656 0.363281 0.516406 0.364844 0.514844 0.369531 0.515625 0.382031 0.536719 0.38984399999999997
0 0.49218799999999996 0.299219 0.492969 0.305469 0.498437 0.310937 0.485938 0.324219 0.4875 0.333594 0.482812 0.34453100000000003 0.48125 0.365625 0.49218799999999996 0.39843799999999996 0.497656 0.40546899999999997 0.49921899999999997 0.41093799999999997 0.502344 0.41406200000000004 0.50625 0.414844 0.508594 0.4125 0.509375 0.40546899999999997 0.513281 0.396094 0.515625 0.382031 0.516406 0.364844 0.519531 0.35 0.519531 0.333594 0.521094 0.332031 0.536719 0.35 0.547656 0.35859399999999997 0.550781 0.357812 0.550781 0.353125 0.542969 0.336719 0.533594 0.322656 0.521875 0.310937 0.522656 0.296875 0.517188 0.294531 0.517188 0.290625 0.509375 0.284375 0.505469 0.275 0.491406 0.263281 0.464844 0.234375 0.460156 0.233594 0.459375 0.23906299999999997 0.46406200000000003 0.264062 0.49218799999999996 0.299219
0 0.364844 0.411719 0.363281 0.41406200000000004 0.357031 0.415625 0.35468700000000003 0.41875 0.345313 0.423438 0.34453100000000003 0.427344 0.338281 0.43125 0.338281 0.435937 0.371094 0.43671899999999997 0.404687 0.434375 0.40546899999999997 0.435937 0.403125 0.439063 0.403906 0.446094 0.415625 0.45781299999999997 0.440625 0.475 0.451562 0.480469 0.457031 0.48125 0.459375 0.478906 0.44375 0.457031 0.432031 0.44531200000000004 0.41406200000000004 0.432031 0.41718700000000003 0.428125 0.428125 0.425 0.428125 0.42265600000000003 0.41406200000000004 0.42265600000000003 0.40156200000000003 0.414844 0.380469 0.410156 0.367969 0.396875 0.365625 0.39140600000000003 0.361719 0.388281 0.35859399999999997 0.38984399999999997 0.35859399999999997 0.396875 0.364844 0.408594 0.364844 0.411719
0 0.38593700000000003 0.535156 0.39843799999999996 0.533594 0.403125 0.529687 0.39843799999999996 0.521094 0.408594 0.508594 0.411719 0.496875 0.40625 0.49218799999999996 0.4 0.49218799999999996 0.396094 0.494531 0.392969 0.49375 0.396094 0.4875 0.396875 0.475781 0.392188 0.480469 0.375 0.510938 0.36875 0.511719 0.361719 0.516406 0.34296899999999997 0.519531 0.33125 0.528125 0.325 0.539844 0.324219 0.549219 0.325781 0.550781 0.350781 0.546875 0.37968799999999997 0.530469 0.38593700000000003 0.535156
0 0.310156 0.525 0.325781 0.523438 0.338281 0.513281 0.349219 0.510938 0.371875 0.49531200000000003 0.37578100000000003 0.491406 0.37578100000000003 0.488281 0.373437 0.486719 0.347656 0.4875 0.33906200000000003 0.492969 0.33125 0.502344 0.3125 0.505469 0.307031 0.508594 0.278906 0.517188 0.278906 0.521875 0.29765600000000003 0.530469 0.303125 0.530469 0.310156 0.525
0 0.34375 0.599219 0.34453100000000003 0.604688 0.346094 0.605469 0.35859399999999997 0.595313 0.369531 0.580469 0.377344 0.578906 0.38281200000000004 0.575781 0.38984399999999997 0.56875 0.408594 0.555469 0.416406 0.554688 0.416406 0.551562 0.413281 0.549219 0.413281 0.540625 0.40703100000000003 0.540625 0.382031 0.552344 0.37421899999999997 0.558594 0.360938 0.564063 0.35156200000000004 0.571094 0.332031 0.573438 0.325781 0.575781 0.314844 0.586719 0.31328100000000003 0.597656 0.315625 0.605469 0.325 0.605469 0.334375 0.6 0.34375 0.599219
0 0.357031 0.664844 0.366406 0.667969 0.367969 0.670312 0.364844 0.671875 0.360938 0.683594 0.35945299999999997 0.689141 0.357031 0.692969 0.35468700000000003 0.699219 0.353516 0.7053130000000001 0.35265599999999997 0.711875 0.358047 0.7042189999999999 0.360938 0.69375 0.3625 0.696875 0.3625 0.705469 0.36875 0.7125 0.37578100000000003 0.730469 0.388281 0.742188 0.394531 0.745313 0.39843799999999996 0.745313 0.399219 0.735938 0.392188 0.716406 0.39140600000000003 0.703125 0.385156 0.682813 0.385156 0.673438 0.38125 0.670312 0.378906 0.663281 0.37578100000000003 0.660156 0.375 0.648438 0.36875 0.639844 0.364844 0.617969 0.364844 0.60625 0.360938 0.603125 0.352344 0.621094 0.353125 0.659375 0.357031 0.664844
0 0.43125 0.704688 0.434375 0.697656 0.434375 0.682031 0.442969 0.679688 0.454688 0.660937 0.4625 0.642969 0.461719 0.635938 0.458594 0.635156 0.451562 0.639844 0.43281200000000003 0.657031 0.42968799999999996 0.661719 0.428125 0.66875 0.423438 0.672656 0.425781 0.677344 0.425 0.680469 0.411719 0.690625 0.399219 0.708594 0.4 0.710938 0.403906 0.710156 0.40546899999999997 0.7125 0.40625 0.723437 0.411719 0.735938 0.416406 0.736719 0.42968799999999996 0.716406 0.43125 0.704688
1 0.413281 0.585938 0.428906 0.5875 0.46093799999999996 0.585938 0.482812 0.577344 0.485938 0.584375 0.490625 0.588281 0.49531200000000003 0.588281 0.4875 0.577344 0.486719 0.567187 0.474219 0.563281 0.45234399999999997 0.560937 0.413281 0.561719 0.390625 0.567969 0.384375 0.575 0.384375 0.576562 0.39140600000000003 0.580469 0.413281 0.585938
2 0.500781 0.526563 0.509375 0.509375 0.511719 0.492969 0.517969 0.489844 0.503125 0.490625 0.503125 0.485938 0.49921899999999997 0.485938 0.502344 0.490625 0.501563 0.49375 0.497656 0.496875 0.496875 0.501563 0.49375 0.505469 0.488281 0.525 0.488281 0.538281 0.489844 0.541406 0.494531 0.542969 0.498437 0.539844 0.500781 0.526563
2 0.485938 0.489844 0.496094 0.486719 0.496094 0.482031 0.491484 0.483281 0.48125 0.480469 0.467187 0.475781 0.46093799999999996 0.475781 0.454688 0.48125 0.454688 0.482812 0.463281 0.482812 0.485938 0.489844
0 0.603125 0.803125 0.607812 0.81875 0.614844 0.826562 0.614844 0.829688 0.621875 0.8304690000000001 0.627344 0.8289059999999999 0.622656 0.8367190000000001 0.620313 0.845313 0.619531 0.870313 0.629687 0.9 0.639062 0.914062 0.64375 0.9070309999999999 0.650781 0.885938 0.642969 0.8375 0.640625 0.8304690000000001 0.635156 0.8226559999999999 0.630469 0.8257809999999999 0.626563 0.823438 0.614062 0.786719 0.607812 0.778125 0.607812 0.774219 0.60625 0.774219 0.603125 0.777344 0.602344 0.78125 0.603125 0.803125
1 0.700781 0.792188 0.696875 0.8070309999999999 0.696875 0.824219 0.7 0.83125 0.704688 0.834375 0.704688 0.839844 0.697656 0.8507809999999999 0.696094 0.8570309999999999 0.696875 0.885938 0.707031 0.917969 0.716406 0.93125 0.720313 0.9320309999999999 0.721875 0.9273440000000001 0.722656 0.895312 0.721875 0.860938 0.717187 0.846875 0.708594 0.8382809999999999 0.716406 0.835938 0.721875 0.83125 0.736719 0.8039059999999999 0.738281 0.796094 0.744531 0.782031 0.747656 0.765625 0.746094 0.755469 0.741406 0.751563 0.728125 0.755469 0.717969 0.763281 0.700781 0.792188
1 0.770312 0.834375 0.775781 0.834375 0.775781 0.829688 0.770312 0.8257809999999999 0.771875 0.8179690000000001 0.764062 0.8148440000000001 0.751563 0.8132809999999999 0.742188 0.808594 0.735938 0.807813 0.734375 0.8101559999999999 0.755469 0.828125 0.763281 0.829688 0.770312 0.834375
0 1 0.758594 0.9789059999999999 0.748437 0.9601559999999999 0.735156 0.939063 0.726562 0.935937 0.723437 0.9320309999999999 0.723437 0.93125 0.716406 0.923438 0.710938 0.895312 0.711719 0.870313 0.717187 0.835938 0.73125 0.824219 0.732812 0.810937 0.740625 0.807813 0.747656 0.809375 0.75 0.815625 0.752344 0.8367190000000001 0.75625 0.864062 0.758594 0.885938 0.754687 0.9054690000000001 0.746875 0.909375 0.746875 0.9304690000000001 0.760156 0.9523440000000001 0.760938 0.9835940000000001 0.76875 1 0.767969 1 0.758594
0 0.839844 0.620313 0.8351559999999999 0.634375 0.8375 0.649219 0.84375 0.659375 0.84375 0.663281 0.8414059999999999 0.667188 0.842187 0.717187 0.8445309999999999 0.720313 0.8492190000000001 0.71875 0.857812 0.705469 0.8617190000000001 0.694531 0.8570309999999999 0.686719 0.853125 0.661719 0.855469 0.652344 0.8570309999999999 0.628125 0.860938 0.61875 0.864062 0.603906 0.864062 0.583594 0.8617190000000001 0.58125 0.853125 0.589063 0.8414059999999999 0.607812 0.839844 0.620313
0 0.857812 0.926562 0.860938 0.9242190000000001 0.8664059999999999 0.923438 0.8726559999999999 0.9375 0.876563 0.941406 0.8804690000000001 0.941406 0.88125 0.9398440000000001 0.876563 0.9351559999999999 0.875 0.929688 0.875 0.920312 0.8773440000000001 0.917969 0.88125 0.920312 0.8875 0.9289059999999999 0.895312 0.932813 0.90625 0.935937 0.9242190000000001 0.935937 0.941406 0.932813 0.964063 0.925781 0.970313 0.9210940000000001 0.982812 0.915625 0.9914059999999999 0.9085940000000001 0.992188 0.9054690000000001 0.9898440000000001 0.901563 0.9523440000000001 0.901563 0.9289059999999999 0.8992190000000001 0.894531 0.8929690000000001 0.8929690000000001 0.890625 0.8804690000000001 0.8976559999999999 0.876563 0.8960940000000001 0.8257809999999999 0.8960940000000001 0.810937 0.9 0.8101559999999999 0.9039059999999999 0.815625 0.909375 0.8523440000000001 0.926562 0.857812 0.926562
0 0.411719 0.878125 0.42265600000000003 0.8804690000000001 0.425781 0.882812 0.425 0.8851559999999999 0.41718700000000003 0.8898440000000001 0.40625 0.9007809999999999 0.420312 0.9007809999999999 0.434375 0.896875 0.455469 0.8882809999999999 0.466406 0.879687 0.47343799999999997 0.8773440000000001 0.48906299999999997 0.882812 0.502344 0.8804690000000001 0.533594 0.8648440000000001 0.545312 0.855469 0.553125 0.8460940000000001 0.5375 0.845313 0.514844 0.8492190000000001 0.492969 0.85625 0.47343799999999997 0.867188 0.44375 0.8507809999999999 0.411719 0.840625 0.397656 0.8375 0.382031 0.8367190000000001 0.378125 0.8375 0.376563 0.839844 0.37968799999999997 0.846875 0.39140600000000003 0.8617190000000001 0.411719 0.878125
2 0.388281 0.98125 0.41093799999999997 0.9773440000000001 0.41875 0.96875 0.41718700000000003 0.964063 0.404687 0.96875 0.394531 0.970313 0.353906 0.960938 0.35 0.9625 0.36015600000000003 0.972656 0.37578100000000003 0.9789059999999999 0.388281 0.98125
2 0.303125 0.903125 0.31875 0.8976559999999999 0.321875 0.907813 0.32734399999999997 0.9125 0.33593799999999996 0.9148440000000001 0.35 0.9148440000000001 0.352344 0.9132809999999999 0.349219 0.909375 0.33906200000000003 0.9085940000000001 0.334375 0.90625 0.325781 0.8960940000000001 0.326562 0.892188 0.334375 0.8820309999999999 0.336719 0.873437 0.335156 0.870313 0.32890600000000003 0.871094 0.30468799999999996 0.884375 0.295312 0.8875 0.282813 0.8875 0.269531 0.884375 0.263281 0.8851559999999999 0.263281 0.890625 0.285156 0.902344 0.303125 0.903125
2 0.104688 0.8757809999999999 0.120313 0.8914059999999999 0.133594 0.8976559999999999 0.146875 0.896875 0.146875 0.892188 0.132031 0.8804690000000001 0.11953100000000001 0.8742190000000001 0.113281 0.8679690000000001 0.1 0.859375 0.095312 0.8601559999999999 0.096875 0.8679690000000001 0.1 0.873437 0.104688 0.8757809999999999
0 0.060156 0.9007809999999999 0.069531 0.892188 0.072656 0.886719 0.083594 0.890625 0.092188 0.890625 0.108594 0.886719 0.110937 0.8851559999999999 0.110937 0.88125 0.1 0.86875 0.09375 0.8679690000000001 0.075781 0.8757809999999999 0.071094 0.8835940000000001 0.064844 0.8835940000000001 0.05625 0.889062 0.017969 0.9039059999999999 0.014844 0.9085940000000001 0.033594 0.910156 0.042969 0.9085940000000001 0.060156 0.9007809999999999
0 0.825 0.135156 0.824219 0.130469 0.8117190000000001 0.11484399999999999 0.8117190000000001 0.110937 0.814063 0.10703100000000002 0.823438 0.10078100000000001 0.8273440000000001 0.096094 0.8273440000000001 0.080469 0.823438 0.053905999999999996 0.81875 0.038280999999999996 0.8148440000000001 0.03125 0.8117190000000001 0.032812999999999995 0.8039059999999999 0.052344 0.8039059999999999 0.0875 0.791406 0.08984400000000001 0.782031 0.094531 0.774219 0.103125 0.771875 0.110937 0.772656 0.121094 0.778125 0.12734399999999998 0.785937 0.128125 0.79375 0.125 0.798438 0.126562 0.792969 0.14296899999999998 0.792969 0.14843800000000001 0.797656 0.171875 0.8 0.177344 0.80625 0.18359399999999998 0.810937 0.182812 0.816406 0.15859399999999998 0.825 0.135156
0 0.935937 0.49921899999999997 0.940625 0.491406 0.9445309999999999 0.472656 0.946875 0.46875 0.951562 0.47656200000000004 0.9601559999999999 0.48515600000000003 0.970313 0.490625 0.975 0.488281 0.972656 0.477344 0.965625 0.466406 0.964844 0.4625 0.978125 0.44375 0.9867190000000001 0.425 0.9976559999999999 0.380469 0.9976559999999999 0.372656 0.996094 0.371094 0.9875 0.371875 0.9851559999999999 0.376563 0.967187 0.39531299999999997 0.9429690000000001 0.417969 0.9351559999999999 0.435156 0.933594 0.446094 0.94375 0.466406 0.9273440000000001 0.46953100000000003 0.914062 0.48125 0.9054690000000001 0.492969 0.8976559999999999 0.510938 0.895312 0.525 0.8960940000000001 0.532031 0.904687 0.529687 0.9125 0.523438 0.935937 0.49921899999999997
0 0.110156 0.213281 0.11640600000000001 0.21406200000000003 0.11875 0.198437 0.132031 0.173437 0.151562 0.147656 0.151562 0.142187 0.146094 0.142187 0.12265600000000002 0.150781 0.105469 0.16796899999999998 0.10078100000000001 0.178906 0.10078100000000001 0.19531199999999999 0.10703100000000002 0.204687 0.10625 0.208594 0.083594 0.20781299999999997 0.063281 0.213281 0.088281 0.215625 0.10390600000000001 0.215625 0.110156 0.213281
1 0.210938 0.06640599999999999 0.215625 0.06875 0.21875 0.075 0.2125 0.083594 0.20703100000000002 0.10703100000000002 0.208594 0.12890600000000002 0.210156 0.133594 0.213281 0.135937 0.215625 0.133594 0.219531 0.11796899999999999 0.221875 0.115625 0.22109399999999998 0.11171899999999998 0.225781 0.09765599999999999 0.226562 0.088281 0.232813 0.078125 0.23671899999999998 0.064844 0.235156 0.0625 0.225781 0.0625 0.22343799999999997 0.060156 0.215625 0.057813 0.213281 0.053905999999999996 0.204687 0.054688 0.203125 0.058594 0.210938 0.06640599999999999
1 0.186719 0.284375 0.20625 0.275781 0.21484399999999998 0.269531 0.23203100000000002 0.267969 0.24531200000000003 0.260156 0.252344 0.251563 0.246875 0.25 0.228906 0.25781200000000004 0.2 0.257031 0.172656 0.261719 0.155469 0.269531 0.13671899999999998 0.275 0.125 0.2875 0.130469 0.290625 0.15 0.290625 0.186719 0.284375
0 0.20781299999999997 0 0.20703100000000002 0.010156 0.208594 0.015625 0.210938 0.017188000000000002 0.209375 0.021093999999999998 0.19531199999999999 0.024218999999999997 0.177344 0.032812999999999995 0.154688 0.040625 0.140625 0.053125 0.1375 0.060937 0.140625 0.064062 0.16406199999999999 0.063281 0.22109399999999998 0.049219 0.242188 0.046094 0.251563 0.041406 0.253125 0.0375 0.252344 0.029687 0.2625 0.0125 0.264062 0.003125 0.261719 0 0.258594 0 0.24375 0.014844 0.23828100000000002 0.010156 0.232813 0 0.20781299999999997 0
1 0 0.43671899999999997 0.0125 0.441406 0.026562000000000002 0.45234399999999997 0.047656 0.4625 0.063281 0.465625 0.085938 0.465625 0.095312 0.472656 0.10234399999999999 0.472656 0.10390600000000001 0.471094 0.1 0.455469 0.095312 0.450781 0.088281 0.44843700000000003 0.084375 0.44375 0.064844 0.43125 0.021093999999999998 0.415625 0 0.413281 0 0.43671899999999997