0 0.771094 1 0.771875 0.9976559999999999 0.810937 0.970313 0.8179690000000001 0.9632809999999999 0.817187 0.95625 0.8132809999999999 0.954688 0.795312 0.95625 0.776563 0.9632809999999999 0.758594 0.979687 0.750781 0.9914059999999999 0.748437 1 0.771094 1
0 0.397656 0.43125 0.402344 0.435937 0.432031 0.43671899999999997 0.480469 0.45390600000000003 0.48515600000000003 0.45390600000000003 0.486719 0.45234399999999997 0.480469 0.440625 0.467187 0.428125 0.45390600000000003 0.420312 0.435156 0.4125 0.425 0.410156 0.402344 0.410937 0.397656 0.41406200000000004 0.392188 0.423438 0.392188 0.428906 0.397656 0.43125
1 0.557031 0.665234 0.556641 0.671094 0.533203 0.690625 0.528125 0.707422 0.496094 0.7136720000000001 0.49570299999999995 0.728906 0.517188 0.7292970000000001 0.517578 0.721875 0.521094 0.7199220000000001 0.545312 0.716797 0.5457029999999999 0.703125 0.556641 0.694531 0.564844 0.6824220000000001 0.572266 0.682031 0.572266 0.665625 0.557031 0.665234
1 0.8226559999999999 0.540234 0.8222659999999999 0.546094 0.8066409999999999 0.560937 0.791016 0.584375 0.789062 0.591797 0.7644529999999999 0.595313 0.7644529999999999 0.610156 0.801562 0.6105470000000001 0.805078 0.596875 0.817187 0.5886720000000001 0.8460940000000001 0.5574220000000001 0.8535159999999999 0.557031 0.8535159999999999 0.540625 0.8226559999999999 0.540234
1 0.650781 0.135547 0.6457029999999999 0.133594 0.645312 0.127734 0.635156 0.127734 0.634766 0.133594 0.625781 0.13710899999999998 0.615625 0.149609 0.610938 0.146484 0.602344 0.146484 0.601953 0.15859399999999998 0.609766 0.160937 0.610156 0.166797 0.623437 0.166797 0.625781 0.158984 0.657031 0.144922 0.671875 0.141797 0.672266 0.1375 0.650781 0.135547
1 0.278516 0.9773440000000001 0.273828 0.95 0.258203 0.9304690000000001 0.24726599999999999 0.909375 0.23164099999999999 0.8960940000000001 0.23125 0.8902340000000001 0.21484399999999998 0.8902340000000001 0.214453 0.9242190000000001 0.221875 0.924609 0.23046899999999998 0.9386720000000001 0.248828 0.95 0.250391 0.980469 0.251953 0.9851559999999999 0.258203 0.989063 0.259766 0.9976559999999999 0.284375 0.998047 0.28476599999999996 0.978125 0.278516 0.9773440000000001
1 0.29218700000000003 0.716797 0.263281 0.716797 0.24609399999999998 0.7199220000000001 0.245703 0.766406 0.26093700000000003 0.7667970000000001 0.261328 0.759375 0.289453 0.735156 0.295703 0.720313 0.29218700000000003 0.716797
1 0.7378910000000001 0.258594 0.736328 0.242188 0.731641 0.23046899999999998 0.730078 0.203125 0.725781 0.20273400000000003 0.7238279999999999 0.219531 0.720313 0.22617199999999998 0.714453 0.226562 0.714453 0.249219 0.720703 0.25 0.7222660000000001 0.258594 0.731641 0.272656 0.724219 0.276172 0.720313 0.282422 0.714453 0.282813 0.714844 0.360547 0.730078 0.36015600000000003 0.7378910000000001 0.30468799999999996 0.744141 0.288281 0.747266 0.265625 0.7378910000000001 0.258594
1 0.086328 0.465625 0.084766 0.480469 0.087891 0.494531 0.070312 0.5105470000000001 0.058594 0.5121089999999999 0.058594 0.523047 0.079687 0.523047 0.08203099999999999 0.513672 0.092188 0.507422 0.096094 0.5011720000000001 0.10351600000000001 0.500781 0.10351600000000001 0.465625 0.086328 0.465625
1 0.783594 0.380859 0.775 0.373047 0.752344 0.374609 0.740625 0.365234 0.726953 0.36875 0.726953 0.380469 0.740625 0.383984 0.742969 0.391797 0.790625 0.391797 0.791016 0.38125 0.783594 0.380859
0 0.657031 0.976562 0.664844 0.9757809999999999 0.688281 0.9679690000000001 0.697656 0.9632809999999999 0.700781 0.9585940000000001 0.695312 0.9507809999999999 0.690625 0.949219 0.679688 0.949219 0.653125 0.953125 0.635938 0.9601559999999999 0.629687 0.9679690000000001 0.627344 0.9789059999999999 0.647656 0.980469 0.657031 0.976562
0 0.549219 0.48125 0.571875 0.466406 0.588281 0.461719 0.603125 0.454688 0.6 0.45 0.575781 0.44375 0.560937 0.43671899999999997 0.555469 0.4375 0.544531 0.446875 0.545312 0.459375 0.539062 0.466406 0.539062 0.471875 0.54375 0.480469 0.549219 0.48125
0 0.863281 0.790625 0.8773440000000001 0.7796879999999999 0.884375 0.776562 0.885938 0.771094 0.88125 0.76875 0.86875 0.767969 0.857812 0.771094 0.84375 0.7796879999999999 0.834375 0.789844 0.8273440000000001 0.800781 0.821875 0.8179690000000001 0.821875 0.825 0.832031 0.820312 0.863281 0.790625
0 0.9351559999999999 0.149219 0.940625 0.146094 0.9601559999999999 0.142188 0.9601559999999999 0.139062 0.9695309999999999 0.13125 0.967187 0.11640600000000001 0.9625 0.1125 0.954688 0.120313 0.9523440000000001 0.11875 0.946875 0.11953100000000001 0.9445309999999999 0.12265600000000002 0.9460940000000001 0.126563 0.9382809999999999 0.1375 0.9304690000000001 0.14296899999999998 0.9289059999999999 0.147656 0.9304690000000001 0.149219 0.9351559999999999 0.149219
0 0.545312 0.386719 0.548438 0.38125 0.555469 0.357812 0.5625 0.35 0.5625 0.345313 0.553125 0.34375 0.549219 0.341406 0.54375 0.341406 0.540625 0.34375 0.535156 0.353125 0.533594 0.364844 0.534375 0.386719 0.536719 0.396094 0.540625 0.400781 0.544531 0.396875 0.545312 0.386719
0 0.638281 0.23203100000000002 0.65 0.249219 0.655469 0.253125 0.661719 0.267188 0.665625 0.269531 0.670312 0.267969 0.670312 0.258594 0.665625 0.24375 0.654687 0.219531 0.646875 0.211719 0.642969 0.210156 0.638281 0.210938 0.633594 0.22031299999999998 0.638281 0.23203100000000002
0 0.409375 0.40703100000000003 0.410156 0.400781 0.415625 0.39375 0.416406 0.388281 0.42265600000000003 0.385156 0.427344 0.37578100000000003 0.428125 0.34453100000000003 0.435156 0.32734399999999997 0.435156 0.321875 0.43125 0.317187 0.423438 0.300781 0.42109399999999997 0.282813 0.4125 0.25625 0.407813 0.25781200000000004 0.403906 0.2625 0.40156200000000003 0.2875 0.404687 0.309375 0.41718700000000003 0.334375 0.415625 0.33593799999999996 0.404687 0.3375 0.4 0.34296899999999997 0.397656 0.35156200000000004 0.396094 0.390625 0.399219 0.404687 0.402344 0.409375 0.40625 0.409375 0.409375 0.40703100000000003
0 0.314063 0.558594 0.338281 0.563281 0.346875 0.56875 0.367969 0.574219 0.377344 0.572656 0.376563 0.567188 0.373437 0.566406 0.36718799999999996 0.560156 0.346094 0.560937 0.335156 0.552344 0.32890600000000003 0.55 0.310937 0.549219 0.307031 0.546875 0.303906 0.548438 0.303906 0.553125 0.314063 0.558594
0 0.325781 0.669531 0.346094 0.682031 0.36015600000000003 0.682812 0.373437 0.676563 0.37578100000000003 0.678906 0.376563 0.684375 0.392969 0.685156 0.410156 0.682031 0.417969 0.678125 0.41718700000000003 0.673438 0.400781 0.663281 0.377344 0.665625 0.361719 0.671094 0.347656 0.667187 0.342187 0.661719 0.338281 0.661719 0.33593799999999996 0.658594 0.329688 0.657031 0.317969 0.649219 0.314063 0.648438 0.3125 0.65 0.315625 0.657031 0.325781 0.669531
0 0.109375 0.559375 0.124219 0.571094 0.145313 0.583594 0.154688 0.586719 0.161719 0.592187 0.16875 0.592969 0.177344 0.6 0.18125 0.6 0.186719 0.603125 0.189062 0.607031 0.184375 0.610938 0.18515600000000002 0.619531 0.20078100000000002 0.640625 0.21484399999999998 0.655469 0.224219 0.6625 0.235156 0.667187 0.240625 0.667187 0.234375 0.647656 0.226562 0.638281 0.219531 0.625781 0.20546899999999998 0.6125 0.203125 0.607031 0.18984399999999998 0.596094 0.18984399999999998 0.59375 0.18515600000000002 0.594531 0.17578100000000002 0.5875 0.167187 0.583594 0.15625 0.571094 0.11953100000000001 0.539844 0.109375 0.5375 0.096094 0.53125 0.08984400000000001 0.532813 0.092969 0.542187 0.109375 0.559375
0 0.053125 0.496094 0.057031 0.494531 0.060937 0.495313 0.06875 0.489062 0.072656 0.479688 0.08125 0.473437 0.103125 0.465625 0.11484399999999999 0.464063 0.11484399999999999 0.457031 0.113281 0.453125 0.110156 0.451562 0.110156 0.442969 0.108594 0.439844 0.113281 0.427344 0.110937 0.427344 0.110156 0.430469 0.10703100000000002 0.430469 0.10703100000000002 0.435937 0.104688 0.439063 0.08984400000000001 0.439063 0.092188 0.451562 0.075781 0.454688 0.06640599999999999 0.454688 0.059375 0.457031 0.0375 0.474219 0.029687 0.49375 0.030469000000000003 0.507031 0.032812999999999995 0.511719 0.045312000000000005 0.504688 0.053125 0.496094
0 0.053125 0.332812 0.048437999999999995 0.325781 0.048437999999999995 0.299219 0.05625 0.29765600000000003 0.065625 0.28906200000000004 0.083594 0.284375 0.0875 0.279687 0.08125 0.27343799999999996 0.057813 0.271094 0.058594 0.267969 0.071094 0.258594 0.076563 0.252344 0.076563 0.24765600000000002 0.072656 0.24609399999999998 0.061719 0.24609399999999998 0.052344 0.25 0.045312000000000005 0.25781200000000004 0.040625 0.267188 0.040625 0.275781 0.038280999999999996 0.278125 0.030469000000000003 0.270312 0.026562000000000002 0.271094 0.025 0.27343799999999996 0.025 0.292188 0.029687 0.307031 0.039844000000000004 0.325 0.050781 0.33593799999999996 0.053125 0.33593799999999996 0.053125 0.332812
0 0.224219 0.258594 0.228125 0.249219 0.235937 0.2375 0.258594 0.21406299999999998 0.283594 0.196875 0.29609399999999997 0.190625 0.299219 0.184375 0.291406 0.182031 0.259375 0.184375 0.246875 0.189063 0.233594 0.198438 0.22265600000000002 0.211719 0.21406200000000003 0.235156 0.21406200000000003 0.24843700000000002 0.219531 0.260938 0.22109399999999998 0.261719 0.224219 0.258594
0 0.20625 0.075 0.21875 0.072656 0.217969 0.064844 0.219531 0.063281 0.23671899999999998 0.060937 0.239844 0.058594 0.252344 0.057813 0.25468799999999997 0.055469000000000004 0.264062 0.053125 0.271094 0.053125 0.27656200000000003 0.050781 0.27656200000000003 0.046094 0.271094 0.042187999999999996 0.24531200000000003 0.038280999999999996 0.228125 0.038280999999999996 0.211719 0.042187999999999996 0.20078100000000002 0.048437999999999995 0.192969 0.05625 0.188281 0.06406300000000001 0.18359399999999998 0.07968800000000001 0.18515600000000002 0.0875 0.18984399999999998 0.08984400000000001 0.20625 0.075
1 0.382031 0.365234 0.381641 0.372656 0.372266 0.379687 0.36718799999999996 0.391797 0.3375 0.382422 0.310156 0.382422 0.30156299999999997 0.391797 0.295703 0.392188 0.295703 0.408594 0.35468700000000003 0.40742200000000006 0.3622042921875 0.40892488125000004 0.383203 0.395312 0.395703 0.380469 0.397266 0.365625 0.382031 0.365234
1 0.3622042921875 0.40892488125000004 0.26570299999999997 0.47148399999999996 0.364844 0.41679700000000003 0.3625 0.40898399999999996 0.3622042921875 0.40892488125000004
0 0.9382809999999999 0.503906 0.9398440000000001 0.514062 0.94375 0.517188 0.948438 0.507812 0.948438 0.500781 0.942187 0.497656 0.939063 0.5 0.9382809999999999 0.503906
0 0.634375 0.411719 0.642188 0.42109399999999997 0.653906 0.42109399999999997 0.655469 0.41875 0.655469 0.408594 0.646875 0.38281200000000004 0.626563 0.360938 0.614062 0.34296899999999997 0.603906 0.339844 0.600781 0.340625 0.605469 0.363281 0.634375 0.411719
0 0.285156 0.526562 0.31171899999999997 0.533594 0.335156 0.532813 0.347656 0.529687 0.352344 0.525781 0.346094 0.521875 0.328125 0.519531 0.282813 0.51875 0.282813 0.523438 0.285156 0.526562
0 0.564063 0.178125 0.582031 0.172656 0.6 0.16953100000000002 0.603906 0.165625 0.600781 0.160937 0.586719 0.154687 0.572656 0.154687 0.555469 0.15859399999999998 0.544531 0.16406199999999999 0.538281 0.16953100000000002 0.529687 0.18515600000000002 0.527344 0.19531199999999999 0.530469 0.196875 0.564063 0.178125
0 0.46875 0.225781 0.471875 0.22968799999999998 0.482031 0.270312 0.48515600000000003 0.275 0.4875 0.275 0.490625 0.271875 0.492969 0.25781200000000004 0.491406 0.23593799999999998 0.486719 0.224219 0.48125 0.21875 0.474219 0.21718700000000002 0.46953100000000003 0.221875 0.46875 0.225781
0 0.450781 0.20625 0.461719 0.20546899999999998 0.461719 0.20078100000000002 0.451562 0.192187 0.43671899999999997 0.192187 0.428906 0.196875 0.430469 0.202344 0.450781 0.20625
0 0.4125 0.235156 0.42109399999999997 0.23281200000000002 0.423438 0.219531 0.420312 0.21640600000000002 0.424219 0.21406299999999998 0.427344 0.20546899999999998 0.428906 0.16875 0.425 0.15 0.42109399999999997 0.146875 0.411719 0.14843800000000001 0.408594 0.15390600000000002 0.409375 0.177344 0.4125 0.194531 0.41875 0.209375 0.41875 0.21640600000000002 0.411719 0.22031299999999998 0.40625 0.23593799999999998 0.407813 0.240625 0.410156 0.240625 0.4125 0.235156
0 0.35859399999999997 0.591406 0.37578100000000003 0.597656 0.38125 0.597656 0.38281200000000004 0.596094 0.38125 0.585938 0.36718799999999996 0.574219 0.360938 0.573437 0.350781 0.576562 0.350781 0.584375 0.35859399999999997 0.591406
0 0.296875 0.759375 0.299219 0.746094 0.3125 0.727344 0.31875 0.725 0.32343700000000003 0.710156 0.322656 0.704688 0.315625 0.70625 0.310156 0.704688 0.300781 0.714062 0.29609399999999997 0.723438 0.289844 0.752344 0.289844 0.769531 0.29375 0.7828120000000001 0.29765600000000003 0.780469 0.296875 0.759375
0 0.26875 0.6 0.282813 0.629688 0.28593799999999997 0.632812 0.291406 0.634375 0.29765600000000003 0.604687 0.296875 0.599219 0.278125 0.582031 0.271094 0.58125 0.267188 0.585156 0.26875 0.6
0 0.9601559999999999 0.6625 0.964844 0.646094 0.971875 0.636719 0.9757809999999999 0.607031 0.9695309999999999 0.607031 0.957812 0.621094 0.9523440000000001 0.630469 0.946875 0.644531 0.945312 0.653906 0.9460940000000001 0.6625 0.953125 0.664062 0.9601559999999999 0.6625
0 0.557813 0.292188 0.557813 0.267188 0.555469 0.25078100000000003 0.552344 0.24843700000000002 0.547656 0.275 0.546094 0.3 0.548438 0.31328100000000003 0.557031 0.32734399999999997 0.560156 0.319531 0.557813 0.292188
0 0.4125 0.621094 0.420312 0.642188 0.43125 0.653125 0.435937 0.655469 0.435156 0.645313 0.424219 0.617188 0.408594 0.592187 0.397656 0.579688 0.39531299999999997 0.579688 0.396875 0.590625 0.4125 0.621094
0 0.302344 0.7 0.307031 0.698437 0.310156 0.692188 0.310937 0.683594 0.31718799999999997 0.678125 0.316406 0.673438 0.310937 0.669531 0.31171899999999997 0.655469 0.307031 0.630469 0.307031 0.621094 0.30468799999999996 0.610938 0.305469 0.604687 0.303125 0.6 0.299219 0.600781 0.29765600000000003 0.603125 0.289844 0.640625 0.29218700000000003 0.667187 0.29609399999999997 0.674219 0.295312 0.678125 0.3 0.685156 0.298438 0.686719 0.282813 0.688281 0.28203100000000003 0.692969 0.275 0.696875 0.278125 0.701562 0.290625 0.704688 0.3 0.703125 0.302344 0.7
0 0.289844 0.323438 0.295312 0.324219 0.299219 0.32031200000000004 0.305469 0.31875 0.30468799999999996 0.315625 0.299219 0.314844 0.2875 0.305469 0.275781 0.301562 0.269531 0.302344 0.275 0.314844 0.289844 0.323438
0 0.134375 0.084375 0.154688 0.082812 0.16015600000000002 0.085156 0.166406 0.08203099999999999 0.170313 0.082812 0.171094 0.07968800000000001 0.165625 0.07968800000000001 0.159375 0.07656199999999999 0.139844 0.075 0.117188 0.077344 0.1125 0.07968800000000001 0.1125 0.08203099999999999 0.114062 0.083594 0.134375 0.084375
0 0.157812 0.252344 0.19531199999999999 0.260156 0.202344 0.263281 0.20703100000000002 0.2625 0.20546899999999998 0.255469 0.197656 0.24843700000000002 0.19375 0.25 0.180469 0.241406 0.16406199999999999 0.23671899999999998 0.15 0.235156 0.135937 0.23593799999999998 0.12265600000000002 0.239844 0.11640600000000001 0.24375 0.123438 0.24843700000000002 0.157812 0.252344
0 0.034375 0.98125 0.039062 0.975 0.050781 0.96875 0.076563 0.9601559999999999 0.078125 0.957031 0.076563 0.954688 0.067187 0.9539059999999999 0.036719 0.959375 0.032031 0.9617190000000001 0.028125 0.9664059999999999 0.026562000000000002 0.9773440000000001 0.028905999999999998 0.9820309999999999 0.034375 0.98125
0 0.170313 0.7 0.176563 0.678125 0.17421899999999998 0.671875 0.159375 0.680469 0.147656 0.7 0.14296899999999998 0.717187 0.14375 0.739844 0.146094 0.744531 0.15390600000000002 0.736719 0.170313 0.7
0 0.677344 0.9359379999999999 0.680469 0.9367190000000001 0.6875 0.9429690000000001 0.696094 0.945312 0.709375 0.9367190000000001 0.722656 0.933594 0.734375 0.933594 0.739062 0.9304690000000001 0.7375 0.925781 0.724219 0.9226559999999999 0.707812 0.9226559999999999 0.7 0.925 0.692969 0.933594 0.688281 0.9304690000000001 0.678906 0.9289059999999999 0.675 0.926562 0.670312 0.9273440000000001 0.673438 0.9375 0.677344 0.9359379999999999
0 0.878125 0.80625 0.892188 0.80625 0.902344 0.808594 0.9476559999999999 0.803125 0.9554690000000001 0.799219 0.9695309999999999 0.796875 0.9742190000000001 0.790625 0.9757809999999999 0.784375 0.980469 0.7796879999999999 0.980469 0.776562 0.982812 0.774219 0.984375 0.7796879999999999 0.9875 0.7796879999999999 0.989062 0.775 0.978125 0.7640629999999999 0.9742190000000001 0.7625 0.970313 0.7640629999999999 0.96875 0.76875 0.951562 0.785938 0.940625 0.783594 0.9117190000000001 0.783594 0.892188 0.786719 0.871875 0.794531 0.867188 0.7984370000000001 0.865625 0.803125 0.8726559999999999 0.803125 0.878125 0.80625
0 0.596875 0.46796899999999997 0.605469 0.48515600000000003 0.614844 0.498437 0.617969 0.509375 0.623437 0.515625 0.625 0.521875 0.639062 0.53125 0.639062 0.515625 0.635156 0.509375 0.627344 0.505469 0.627344 0.4875 0.615625 0.457031 0.611719 0.45390600000000003 0.60625 0.45390600000000003 0.595313 0.458594 0.592187 0.463281 0.596875 0.46796899999999997
1 0.552344 0.5277339999999999 0.551562 0.521484 0.541406 0.521484 0.541016 0.527344 0.5375 0.529297 0.514844 0.5324220000000001 0.496875 0.5417970000000001 0.49257799999999996 0.541406 0.49414100000000005 0.534375 0.488281 0.530859 0.48164100000000004 0.539062 0.48320299999999994 0.549219 0.486328 0.551563 0.48476600000000003 0.572656 0.446094 0.571484 0.44570299999999996 0.585156 0.496875 0.585547 0.49726600000000004 0.579688 0.503906 0.569922 0.521094 0.5574220000000001 0.539062 0.549609 0.552344 0.537109 0.559375 0.537109 0.559766 0.528125 0.552344 0.5277339999999999
1 0.7863279999999999 0.2 0.767578 0.173438 0.757812 0.16367199999999998 0.747266 0.16015600000000002 0.7488279999999999 0.15 0.742578 0.13281199999999999 0.734375 0.12304699999999999 0.727344 0.12304699999999999 0.726953 0.14296899999999998 0.732812 0.143359 0.736328 0.14843800000000001 0.736328 0.17421899999999998 0.744141 0.17968800000000001 0.747266 0.188281 0.7535160000000001 0.192187 0.772266 0.219531 0.781641 0.228125 0.782031 0.235547 0.795312 0.235547 0.7957029999999999 0.225 0.7863279999999999 0.2
1 0.710938 0.140234 0.7066410000000001 0.142188 0.705078 0.15234399999999998 0.695703 0.154687 0.696094 0.17929699999999998 0.711328 0.178906 0.711328 0.171875 0.720703 0.164844 0.720703 0.151563 0.710938 0.140234
1 0.22265600000000002 0.8121090000000001 0.217188 0.8074220000000001 0.18515600000000002 0.8074220000000001 0.166406 0.7980470000000001 0.16406199999999999 0.790234 0.139453 0.790625 0.139453 0.8070309999999999 0.145313 0.8074220000000001 0.16875 0.8214840000000001 0.171094 0.8292970000000001 0.21406200000000003 0.8292970000000001 0.215625 0.8230470000000001 0.21640600000000002 0.8292970000000001 0.228125 0.8292970000000001 0.228516 0.8125 0.22265600000000002 0.8121090000000001
1 0.649219 0.135547 0.6441410000000001 0.133594 0.64375 0.127734 0.636719 0.127734 0.636328 0.133594 0.624219 0.138672 0.615625 0.15273399999999998 0.610938 0.146484 0.602344 0.146484 0.601953 0.15859399999999998 0.611328 0.1625 0.611719 0.173047 0.621875 0.173047 0.622266 0.160937 0.625781 0.157422 0.657031 0.144922 0.665625 0.144922 0.666016 0.135938 0.649219 0.135547
1 0.32734399999999997 0.8449220000000001 0.323828 0.839844 0.312891 0.804688 0.302344 0.8027340000000001 0.301953 0.8523440000000001 0.309375 0.8527340000000001 0.317578 0.8664059999999999 0.30781200000000003 0.879297 0.301953 0.879687 0.302344 0.935547 0.309766 0.9351559999999999 0.312891 0.9125 0.320703 0.890625 0.326953 0.8765620000000001 0.334766 0.8742190000000001 0.334766 0.8453120000000001 0.32734399999999997 0.8449220000000001
1 0.814453 0.053905999999999996 0.8128909999999999 0.045312000000000005 0.805078 0.041406 0.805078 0.034375 0.8023440000000001 0.033984 0.800391 0.047656 0.805078 0.053125 0.805078 0.060156 0.795312 0.069922 0.789453 0.070312 0.789453 0.085156 0.803125 0.085547 0.8035159999999999 0.07968800000000001 0.8101559999999999 0.073047 0.821875 0.069922 0.8222659999999999 0.05625 0.814453 0.053905999999999996
2 0.694141 0.324219 0.680078 0.308594 0.679688 0.302734 0.6707029999999999 0.303125 0.6707029999999999 0.322656 0.678125 0.323047 0.6863279999999999 0.334375 0.686719 0.360547 0.703516 0.36015600000000003 0.703516 0.328125 0.694141 0.324219
2 0.428516 0.8898440000000001 0.42695299999999997 0.8765620000000001 0.41132799999999997 0.846875 0.402344 0.846484 0.40195299999999995 0.871094 0.407813 0.871484 0.409766 0.875 0.41601600000000005 0.9039059999999999 0.434375 0.904297 0.43476600000000004 0.890625 0.428516 0.8898440000000001
1 0.9601559999999999 0.933984 0.9597659999999999 0.9398440000000001 0.9472659999999999 0.951562 0.940625 0.9636720000000001 0.920312 0.9542970000000001 0.8820309999999999 0.9542970000000001 0.8585940000000001 0.9589840000000001 0.8582029999999999 0.9757809999999999 0.90625 0.976172 0.939063 0.9839840000000001 0.9425779999999999 0.9859370000000001 0.9429690000000001 0.991797 0.953125 0.991797 0.9535159999999999 0.967187 0.964453 0.946875 0.972266 0.9445309999999999 0.972266 0.934375 0.9601559999999999 0.933984
0 0.43671899999999997 0.678125 0.439844 0.683594 0.46406200000000003 0.711719 0.491406 0.732812 0.491406 0.724219 0.484375 0.707813 0.464844 0.678125 0.450781 0.660938 0.442969 0.660156 0.439844 0.661719 0.435937 0.66875 0.43671899999999997 0.678125
0 0.419531 1 0.420312 0.990625 0.425 0.98125 0.427344 0.9679690000000001 0.428125 0.914062 0.43281200000000003 0.90625 0.43671899999999997 0.8835940000000001 0.45390600000000003 0.8273440000000001 0.460156 0.8140620000000001 0.465625 0.807812 0.463281 0.8023440000000001 0.45625 0.8023440000000001 0.439844 0.8109379999999999 0.42656299999999997 0.8289059999999999 0.41875 0.8460940000000001 0.416406 0.864063 0.41718700000000003 0.8726559999999999 0.420312 0.878906 0.42109399999999997 0.9125 0.41875 0.91875 0.415625 0.9203129999999999 0.409375 0.9304690000000001 0.40546899999999997 0.940625 0.400781 0.9695309999999999 0.40156200000000003 0.9867190000000001 0.40625 1 0.419531 1
0 0.332031 0.9 0.33593799999999996 0.914062 0.373437 0.9679690000000001 0.385156 0.9789059999999999 0.397656 0.9835940000000001 0.39843799999999996 0.9757809999999999 0.389062 0.9554690000000001 0.38593700000000003 0.9429690000000001 0.38125 0.932813 0.349219 0.878906 0.34375 0.8742190000000001 0.3375 0.8742190000000001 0.33125 0.8875 0.332031 0.9
0 0.589844 1 0.586719 0.9820309999999999 0.578906 0.9695309999999999 0.5625 0.9320309999999999 0.549219 0.895312 0.547656 0.885938 0.541406 0.878906 0.536719 0.8804690000000001 0.532031 0.894531 0.53125 0.9125 0.535937 0.9367190000000001 0.557031 0.9867190000000001 0.566406 1 0.589844 1
0 0.671094 0.458594 0.721875 0.508594 0.751563 0.53125 0.75625 0.532031 0.75625 0.525 0.751563 0.514062 0.73125 0.485938 0.69375 0.451562 0.678906 0.441406 0.673438 0.442187 0.667188 0.450781 0.671094 0.458594
0 0.74375 0 0.742969 0.035937000000000004 0.739844 0.060156 0.744531 0.060156 0.745313 0.055469000000000004 0.753906 0.038280999999999996 0.763281 0.023438 0.767969 0.008594000000000001 0.76875 0 0.74375 0
0 0.8367190000000001 0.092969 0.84375 0.115625 0.8539059999999999 0.130469 0.855469 0.128125 0.855469 0.10781199999999999 0.8570309999999999 0.103125 0.85 0.067969 0.85 0.060156 0.846875 0.05625 0.839844 0.05625 0.834375 0.0625 0.8367190000000001 0.092969
0 0.35625 0.529687 0.383594 0.529687 0.400781 0.525781 0.40156200000000003 0.520313 0.39843799999999996 0.517969 0.380469 0.5125 0.360938 0.511719 0.353125 0.516406 0.35 0.521094 0.35156200000000004 0.525781 0.35625 0.529687