1 0.329688 0.758594 0.310156 0.771875 0.29765600000000003 0.778125 0.296875 0.78125 0.305469 0.782031 0.31875 0.780469 0.324219 0.778125 0.32031200000000004 0.796875 0.321094 0.8054690000000001 0.32734399999999997 0.816406 0.33125 0.81875 0.335156 0.81875 0.346875 0.794531 0.364062 0.767969 0.364844 0.7625 0.361719 0.757812 0.341406 0.757031 0.338281 0.758594 0.329688 0.758594
2 1 0.0375 0.9789059999999999 0.032031 0.9710940000000001 0.026562000000000002 0.9664059999999999 0.025781 0.948438 0.010936999999999999 0.942187 0.010156 0.941406 0.014063 0.946875 0.022656000000000003 0.9632809999999999 0.039844000000000004 0.9835940000000001 0.045312000000000005 1 0.042969 1 0.0375
1 0.9507809999999999 0.065625 0.940625 0.067969 0.9375 0.073438 0.9375 0.078125 0.939063 0.079687 0.95 0.079687 0.965625 0.073438 0.9757809999999999 0.072656 0.978125 0.067969 0.9710940000000001 0.060937 0.9617190000000001 0.060156 0.9507809999999999 0.065625
2 0.96875 0.13671899999999998 0.973438 0.13828100000000002 0.982812 0.1375 0.982812 0.134375 0.9789059999999999 0.12890600000000002 0.9742190000000001 0.130469 0.967187 0.12734399999999998 0.939063 0.099219 0.9375 0.10390600000000001 0.9554690000000001 0.128125 0.96875 0.13671899999999998
2 0.832031 0.095312 0.8257809999999999 0.096875 0.8023440000000001 0.096094 0.778125 0.09765599999999999 0.774219 0.099219 0.771875 0.103125 0.783594 0.109375 0.796094 0.11171899999999998 0.834375 0.1125 0.839062 0.107813 0.839062 0.103125 0.8351559999999999 0.096875 0.832031 0.095312
2 0.767969 0 0.7828120000000001 0.044531 0.783594 0.064844 0.786719 0.07421900000000001 0.789844 0.078125 0.792187 0.078125 0.79375 0.075781 0.791406 0.064844 0.794531 0.057031 0.794531 0.046875 0.785156 0 0.767969 0
1 0.9195309999999999 0.196875 0.9117190000000001 0.198437 0.9007809999999999 0.20703100000000002 0.882812 0.228125 0.878906 0.235156 0.879687 0.23828100000000002 0.8835940000000001 0.2375 0.9085940000000001 0.21875 0.9132809999999999 0.21875 0.9320309999999999 0.201563 0.9320309999999999 0.186719 0.929688 0.18515600000000002 0.928125 0.17968800000000001 0.9234370000000001 0.17968800000000001 0.9226559999999999 0.194531 0.9195309999999999 0.196875
0 0.884375 0.294531 0.894531 0.298438 0.9078120000000001 0.3 0.928125 0.299219 0.9359379999999999 0.29609399999999997 0.940625 0.289844 0.9445309999999999 0.298438 0.95 0.303125 0.9695309999999999 0.303125 0.9914059999999999 0.295312 1 0.2875 0.9695309999999999 0.284375 0.9476559999999999 0.284375 0.942187 0.28906200000000004 0.9382809999999999 0.275 0.926562 0.269531 0.9046879999999999 0.26640600000000003 0.8929690000000001 0.26640600000000003 0.884375 0.26875 0.8773440000000001 0.272656 0.875 0.278125 0.875 0.283594 0.8773440000000001 0.28906200000000004 0.884375 0.294531
2 0.847656 0.385156 0.8492190000000001 0.39531299999999997 0.8523440000000001 0.40156200000000003 0.854687 0.400781 0.855469 0.373437 0.8578129999999999 0.36718799999999996 0.8507809999999999 0.36718799999999996 0.848438 0.371094 0.847656 0.385156
0 0.564844 0.37578100000000003 0.566406 0.377344 0.585938 0.376563 0.585938 0.39140600000000003 0.591406 0.396875 0.60625 0.40156200000000003 0.610938 0.404687 0.622656 0.407813 0.646875 0.408594 0.661719 0.396875 0.660156 0.390625 0.65 0.384375 0.638281 0.380469 0.613281 0.377344 0.6 0.371094 0.596875 0.371094 0.592969 0.36875 0.586719 0.37031200000000003 0.564844 0.366406 0.554688 0.3625 0.526562 0.360938 0.514844 0.35859399999999997 0.507812 0.35859399999999997 0.505469 0.360938 0.509375 0.365625 0.542969 0.37578100000000003 0.564844 0.37578100000000003
2 0.15234399999999998 0.192188 0.15390600000000002 0.197656 0.15390600000000002 0.213281 0.15859399999999998 0.2125 0.16953100000000002 0.184375 0.16953100000000002 0.176563 0.171875 0.170313 0.170312 0.16875 0.163281 0.173437 0.15390600000000002 0.184375 0.15234399999999998 0.192188
0 0.326562 0.079687 0.321875 0.091406 0.321875 0.10234399999999999 0.324219 0.110156 0.336719 0.121094 0.340625 0.12734399999999998 0.3375 0.130469 0.32734399999999997 0.133594 0.31328100000000003 0.142187 0.296875 0.157031 0.28906200000000004 0.16953100000000002 0.291406 0.182031 0.294531 0.18359399999999998 0.314844 0.173437 0.332812 0.160938 0.345313 0.154688 0.367969 0.146875 0.375 0.139063 0.373437 0.13281199999999999 0.36718799999999996 0.130469 0.350781 0.12890600000000002 0.346875 0.121875 0.347656 0.10390600000000001 0.350781 0.0875 0.353906 0.080469 0.35859399999999997 0.054688 0.357812 0.05 0.350781 0.052344 0.339844 0.0625 0.326562 0.079687
0 0.571094 0.060156 0.561719 0.07421900000000001 0.559375 0.083594 0.544531 0.089063 0.539062 0.094531 0.524219 0.103125 0.525 0.10703100000000002 0.535938 0.105469 0.540625 0.108594 0.54375 0.107813 0.560156 0.09765599999999999 0.571094 0.086719 0.580469 0.082812 0.589062 0.071875 0.59375 0.057813 0.59375 0.053125 0.591406 0.051562 0.584375 0.053125 0.571094 0.060156
2 0.399219 0.514844 0.399219 0.504687 0.396875 0.500781 0.39375 0.502344 0.392188 0.509375 0.385156 0.521875 0.380469 0.525 0.382031 0.53125 0.385156 0.532031 0.396875 0.521875 0.399219 0.514844
0 0.549219 0.721094 0.557031 0.714844 0.575781 0.7125 0.576562 0.716406 0.572656 0.723437 0.571875 0.733594 0.577344 0.753906 0.589062 0.767188 0.598438 0.771094 0.604687 0.771094 0.60625 0.769531 0.605469 0.764062 0.598438 0.751563 0.588281 0.721875 0.589062 0.705469 0.583594 0.705469 0.579688 0.711719 0.578125 0.710156 0.577344 0.700781 0.569531 0.701562 0.560937 0.698438 0.542187 0.7 0.530469 0.705469 0.519531 0.707812 0.514062 0.7125 0.521094 0.715625 0.546094 0.71875 0.549219 0.721094
0 0.501563 0.689844 0.484375 0.709375 0.480469 0.720313 0.482031 0.729688 0.48515600000000003 0.732812 0.47656200000000004 0.735938 0.478906 0.739844 0.472656 0.742969 0.45625 0.760156 0.454688 0.764062 0.45 0.767188 0.45 0.769531 0.442187 0.775781 0.433594 0.791406 0.43671899999999997 0.791406 0.453125 0.783594 0.471875 0.769531 0.480469 0.760938 0.4875 0.750781 0.489062 0.744531 0.488281 0.738281 0.492969 0.734375 0.498437 0.733594 0.504688 0.728125 0.530469 0.685937 0.532813 0.678125 0.53125 0.675 0.525 0.675 0.514844 0.679688 0.501563 0.689844
0 0.480469 0.817187 0.484375 0.8257809999999999 0.490625 0.8289059999999999 0.47656200000000004 0.860938 0.475 0.879687 0.478906 0.88125 0.4875 0.8726559999999999 0.494531 0.8617190000000001 0.500781 0.846875 0.509375 0.832812 0.510156 0.821875 0.5 0.8226559999999999 0.498437 0.817187 0.4875 0.8117190000000001 0.485938 0.80625 0.478125 0.800781 0.471094 0.790625 0.466406 0.789062 0.466406 0.795312 0.470313 0.804688 0.480469 0.817187
0 0.538281 0.8679690000000001 0.532031 0.879687 0.529687 0.892188 0.525 0.9 0.514844 0.910937 0.502344 0.917969 0.49218799999999996 0.93125 0.494531 0.933594 0.507812 0.923438 0.5125 0.923438 0.510156 0.9351559999999999 0.510937 0.946875 0.514062 0.954688 0.522656 0.9617190000000001 0.525781 0.9617190000000001 0.528125 0.9585940000000001 0.530469 0.9476559999999999 0.535938 0.934375 0.54375 0.9 0.56875 0.860938 0.577344 0.842187 0.575781 0.8382809999999999 0.571094 0.8382809999999999 0.558594 0.847656 0.538281 0.8679690000000001
1 0.616406 1 0.624219 0.9742190000000001 0.633594 0.951562 0.633594 0.946875 0.632031 0.945312 0.625 0.9507809999999999 0.611719 0.967187 0.603125 0.975 0.596875 0.990625 0.592187 0.99375 0.596094 0.9976559999999999 0.596094 1 0.616406 1
1 0.39375 1 0.395312 0.996875 0.397656 0.996875 0.407813 0.9875 0.417969 0.972656 0.42109399999999997 0.964844 0.423438 0.9632809999999999 0.423438 0.95 0.42109399999999997 0.945312 0.40546899999999997 0.9351559999999999 0.400781 0.929688 0.38984399999999997 0.926562 0.380469 0.926562 0.379687 0.9320309999999999 0.390625 0.9507809999999999 0.396875 0.957031 0.40625 0.960938 0.407813 0.9632809999999999 0.40546899999999997 0.9742190000000001 0.392969 0.99375 0.392188 1 0.39375 1
2 0.371094 0.8289059999999999 0.353125 0.8414059999999999 0.336719 0.8570309999999999 0.333594 0.863281 0.338281 0.8648440000000001 0.354688 0.857812 0.394531 0.832031 0.399219 0.8304690000000001 0.399219 0.8257809999999999 0.392969 0.824219 0.38281200000000004 0.825 0.371094 0.8289059999999999
1 0.27343799999999996 0.788281 0.279687 0.798438 0.26875 0.8039059999999999 0.251563 0.821875 0.244531 0.8335940000000001 0.241406 0.8429690000000001 0.24375 0.8445309999999999 0.24609399999999998 0.84375 0.28046899999999997 0.816406 0.295312 0.8 0.295312 0.795312 0.286719 0.792969 0.274219 0.785937 0.27343799999999996 0.788281
2 0.05625 0.875 0.060156 0.878906 0.080469 0.8835940000000001 0.085938 0.886719 0.08984400000000001 0.8851559999999999 0.0875 0.876563 0.08125 0.8742190000000001 0.07625 0.866172 0.070156 0.862813 0.065703 0.858672 0.060312 0.855078 0.056406 0.8523440000000001 0.052344 0.85 0.049219 0.846875 0.04375 0.8460940000000001 0.039844000000000004 0.8492190000000001 0.0375 0.8625 0.04375 0.870313 0.05625 0.875
1 0 0.692969 0.021093999999999998 0.688281 0.060156 0.670312 0.086719 0.661719 0.096094 0.65625 0.1 0.651563 0.1 0.649219 0.096875 0.644531 0.089063 0.639844 0.071875 0.639062 0.048437999999999995 0.642969 0.029687 0.649219 0.009375 0.6625 0.003125 0.669531 0.0023439999999999997 0.672656 0 0.673438 0 0.692969
2 0.284375 0.1125 0.286719 0.110156 0.283594 0.079687 0.278906 0.078125 0.277344 0.101562 0.279687 0.110156 0.284375 0.1125