2 0.446875 0.29375 0.446094 0.3 0.470313 0.288281 0.471875 0.282813 0.4625 0.283594 0.45390600000000003 0.286719 0.446875 0.29375
2 0.9164059999999999 0.8679690000000001 0.9125 0.853125 0.9078120000000001 0.853125 0.902344 0.8742190000000001 0.8992190000000001 0.9007809999999999 0.89375 0.915625 0.8960940000000001 0.91875 0.909375 0.910156 0.9148440000000001 0.898438 0.9164059999999999 0.8679690000000001
0 0.910937 0.754688 0.896875 0.761719 0.894531 0.760156 0.896875 0.75625 0.898906 0.745703 0.8921870000000001 0.752344 0.890625 0.758594 0.8875 0.760937 0.8757809999999999 0.760156 0.867188 0.761719 0.8539059999999999 0.7671870000000001 0.84375 0.7796879999999999 0.85 0.782031 0.8851559999999999 0.771094 0.890625 0.772656 0.8921870000000001 0.775 0.9125 0.775 0.940625 0.76875 0.95625 0.76875 0.9601559999999999 0.765625 0.960938 0.759375 0.951562 0.753125 0.939063 0.750781 0.910937 0.754688
2 0.8460940000000001 0.792969 0.823437 0.7984370000000001 0.8257809999999999 0.8039059999999999 0.8296870000000001 0.8023440000000001 0.834375 0.8039059999999999 0.846875 0.801563 0.8617190000000001 0.794531 0.8695309999999999 0.788281 0.8757809999999999 0.786719 0.871094 0.784375 0.8609370000000001 0.785156 0.8460940000000001 0.792969
2 0.11953100000000001 0.478125 0.10234399999999999 0.474219 0.092969 0.482031 0.10781199999999999 0.497656 0.130469 0.514062 0.135156 0.514062 0.134375 0.509375 0.11953100000000001 0.48515600000000003 0.11953100000000001 0.478125
2 0.0875 0.226562 0.082812 0.234375 0.084375 0.261719 0.086719 0.265625 0.091406 0.26484399999999997 0.09218699999999999 0.224219 0.0875 0.226562
1 0.186719 0.653906 0.178125 0.669531 0.178125 0.679688 0.164844 0.68125 0.163281 0.682812 0.163281 0.689844 0.170312 0.691406 0.172656 0.685937 0.177344 0.684375 0.18125 0.686719 0.185937 0.685937 0.20078100000000002 0.663281 0.226562 0.639844 0.228125 0.632031 0.224219 0.63125 0.20078100000000002 0.642969 0.186719 0.653906
1 0.253125 0.61875 0.24375 0.634375 0.235156 0.661719 0.228125 0.675 0.228125 0.690625 0.23281200000000002 0.690625 0.23828100000000002 0.678125 0.24609399999999998 0.667187 0.260938 0.651562 0.270312 0.635156 0.286719 0.614063 0.29375 0.602344 0.295312 0.590625 0.2875 0.589844 0.278125 0.594531 0.253125 0.61875
1 0.385156 0.8453120000000001 0.377344 0.8414059999999999 0.363281 0.839844 0.35859399999999997 0.8414059999999999 0.353125 0.8460940000000001 0.35156200000000004 0.8453120000000001 0.357031 0.808594 0.357031 0.7953129999999999 0.353125 0.791406 0.34296899999999997 0.839844 0.345313 0.854687 0.36015600000000003 0.855469 0.384375 0.863281 0.396875 0.8695309999999999 0.409375 0.871094 0.410937 0.867188 0.408594 0.864063 0.385156 0.8453120000000001
2 0.948438 0.64375 0.9226559999999999 0.647656 0.9195309999999999 0.65 0.9203129999999999 0.654687 0.9476559999999999 0.653125 0.9625 0.654687 0.96875 0.65 0.9632809999999999 0.64375 0.9554690000000001 0.645313 0.948438 0.64375
2 0.23281200000000002 0.354688 0.219531 0.357031 0.20625 0.3625 0.20078100000000002 0.3625 0.196875 0.364844 0.19531199999999999 0.369531 0.197656 0.373437 0.203125 0.370313 0.2125 0.369531 0.226562 0.364062 0.23671899999999998 0.3625 0.26484399999999997 0.363281 0.267188 0.360938 0.264062 0.357812 0.25 0.354688 0.23281200000000002 0.354688
1 0.265625 0.8617190000000001 0.26484399999999997 0.85625 0.2625 0.853125 0.264062 0.8414059999999999 0.260938 0.834375 0.25781200000000004 0.80625 0.252344 0.7984370000000001 0.25 0.800781 0.249219 0.807812 0.255469 0.847656 0.249219 0.854687 0.246875 0.8617190000000001 0.240625 0.9039059999999999 0.240625 0.9148440000000001 0.24375 0.917969 0.246875 0.9148440000000001 0.260156 0.8875 0.265625 0.8617190000000001
2 0.29609399999999997 0.875 0.28046899999999997 0.875 0.267969 0.878906 0.2625 0.886719 0.2625 0.8898440000000001 0.26484399999999997 0.890625 0.275781 0.885938 0.302344 0.885938 0.3125 0.8875 0.322656 0.8851559999999999 0.32890600000000003 0.8804690000000001 0.322656 0.878125 0.30625 0.8773440000000001 0.29609399999999997 0.875
2 0.239844 0.9304690000000001 0.23671899999999998 0.933594 0.234375 0.940625 0.240625 0.949219 0.258594 0.9585940000000001 0.26875 0.960938 0.275781 0.9601559999999999 0.274219 0.9554690000000001 0.25078100000000003 0.934375 0.239844 0.9304690000000001
2 0.039062 1 0.040625 0.9859370000000001 0.045312000000000005 0.9757809999999999 0.050781 0.9710940000000001 0.050781 0.964063 0.0625 0.95 0.06406300000000001 0.9429690000000001 0.060156 0.941406 0.044531 0.953125 0.035156 0.9632809999999999 0.029687 0.9835940000000001 0.032031 1 0.039062 1
2 0.20703100000000002 0.789062 0.203125 0.794531 0.208594 0.799219 0.228125 0.804688 0.244531 0.803125 0.24843700000000002 0.8 0.246875 0.796875 0.22343700000000002 0.7875 0.20703100000000002 0.789062
2 0 0.792969 0.010156 0.791406 0.025781 0.794531 0.075 0.785156 0.078125 0.783594 0.07656199999999999 0.771094 0.063281 0.771094 0.034375 0.782031 0.016406 0.7828120000000001 0 0.786719 0 0.792969
1 0.363281 0.638281 0.353906 0.64375 0.352344 0.635156 0.346094 0.623437 0.34453100000000003 0.623437 0.34296899999999997 0.625781 0.34296899999999997 0.648438 0.3375 0.657813 0.3375 0.661719 0.324219 0.674219 0.32734399999999997 0.676563 0.33125 0.676563 0.34453100000000003 0.664844 0.361719 0.657031 0.408594 0.646094 0.411719 0.64375 0.411719 0.639062 0.408594 0.6375 0.37578100000000003 0.635937 0.363281 0.638281
1 0.43125 0.763281 0.43125 0.759375 0.424219 0.753125 0.416406 0.739844 0.4125 0.735938 0.407813 0.735938 0.40625 0.748437 0.408594 0.75 0.420312 0.770313 0.430469 0.777344 0.441406 0.778906 0.442969 0.775 0.440625 0.769531 0.43125 0.763281
2 0.536719 0.700781 0.53125 0.715625 0.532031 0.71875 0.5375 0.717969 0.54375 0.7125 0.548438 0.697656 0.546875 0.689844 0.5375 0.680469 0.532031 0.68125 0.535938 0.691406 0.536719 0.700781
1 0.551563 0.789062 0.54375 0.785938 0.533594 0.778906 0.509375 0.778906 0.496875 0.785156 0.4875 0.775781 0.48156299999999996 0.775 0.478672 0.773984 0.46914100000000003 0.772109 0.45960900000000005 0.770156 0.462812 0.775938 0.471406 0.779922 0.481953 0.781797 0.487969 0.783047 0.49375 0.789062 0.495313 0.791406 0.508594 0.7953129999999999 0.514062 0.799219 0.526562 0.803125 0.547656 0.8140620000000001 0.564063 0.8195309999999999 0.567188 0.81875 0.567188 0.8132809999999999 0.564844 0.807812 0.551563 0.789062
1 0.614063 0.9820309999999999 0.6068749999999999 0.9818749999999999 0.610156 0.970313 0.605469 0.9507809999999999 0.596484 0.9351559999999999 0.583984 0.925937 0.591406 0.95625 0.596094 0.976562 0.596094 0.989063 0.599219 0.996094 0.605234 0.989609 0.6104689999999999 0.9880470000000001 0.633437 0.983437 0.61875 0.9835940000000001 0.614063 0.9820309999999999
2 0.532813 0.9132809999999999 0.528125 0.9125 0.525781 0.914062 0.525781 0.9164059999999999 0.548438 0.9382809999999999 0.553125 0.9382809999999999 0.558594 0.9320309999999999 0.557812 0.9289059999999999 0.549219 0.921875 0.532813 0.9132809999999999
2 0.638281 0.948438 0.635937 0.954688 0.6375 0.959375 0.646094 0.959375 0.658594 0.951562 0.679688 0.9304690000000001 0.68125 0.9234370000000001 0.675781 0.9234370000000001 0.655469 0.9398440000000001 0.638281 0.948438
2 0.632031 0.909375 0.629688 0.9195309999999999 0.626563 0.9234370000000001 0.629688 0.9304690000000001 0.632031 0.929688 0.641406 0.9117190000000001 0.642969 0.8921870000000001 0.6375 0.8976559999999999 0.635156 0.9054690000000001 0.632031 0.909375
0 0.617188 0.896875 0.616406 0.9125 0.609375 0.9195309999999999 0.610156 0.9359379999999999 0.6125 0.939063 0.614844 0.949219 0.619531 0.9539059999999999 0.623437 0.9539059999999999 0.627344 0.9476559999999999 0.624688 0.941406 0.625625 0.9333589999999999 0.624531 0.929297 0.628125 0.9175000000000001 0.63125 0.9075 0.633281 0.903125 0.6358590000000001 0.8964840000000001 0.637891 0.894453 0.640078 0.8885160000000001 0.645 0.880547 0.626875 0.885078 0.621875 0.8875 0.617188 0.896875
0 0.640625 0.778906 0.632031 0.785156 0.629688 0.785156 0.627344 0.782031 0.620312 0.782031 0.607812 0.791406 0.603906 0.7984370000000001 0.604687 0.8023440000000001 0.607812 0.8039059999999999 0.621094 0.800781 0.63125 0.801563 0.639844 0.7984370000000001 0.660156 0.785156 0.666406 0.775 0.664062 0.771875 0.653906 0.772656 0.640625 0.778906
2 0.65 0.686719 0.645313 0.697656 0.65 0.703906 0.65625 0.705469 0.653125 0.7 0.653672 0.680859 0.65 0.686719
1 0.750781 0.823437 0.75625 0.8125 0.7640629999999999 0.791406 0.7640629999999999 0.776562 0.760156 0.767969 0.752344 0.763281 0.753906 0.754688 0.758594 0.747656 0.760156 0.739063 0.759375 0.707813 0.75625 0.698437 0.753125 0.695312 0.7515620000000001 0.695312 0.75 0.699219 0.749219 0.707813 0.746094 0.716406 0.746875 0.721875 0.744531 0.739844 0.745312 0.749219 0.75 0.752344 0.748437 0.753906 0.749219 0.759375 0.741406 0.7671870000000001 0.732031 0.80625 0.730469 0.832031 0.732031 0.834375 0.735938 0.8351559999999999 0.744531 0.834375 0.744531 0.8304690000000001 0.750781 0.823437
1 0.785938 0.901563 0.7828120000000001 0.895312 0.770313 0.8921870000000001 0.766406 0.895312 0.766406 0.902344 0.771875 0.9125 0.774219 0.925 0.774219 0.9351559999999999 0.771875 0.9382809999999999 0.76875 0.939063 0.76875 0.94375 0.771875 0.9445309999999999 0.780469 0.9359379999999999 0.785156 0.926562 0.785938 0.901563
2 0.803125 0.775781 0.796094 0.777344 0.7953129999999999 0.784375 0.801563 0.791406 0.8039059999999999 0.797656 0.8140620000000001 0.8070309999999999 0.81875 0.807812 0.81875 0.796094 0.8117190000000001 0.782031 0.803125 0.775781
1 1 0.9585940000000001 0.9820309999999999 0.9585940000000001 0.9710940000000001 0.9617190000000001 0.948438 0.964063 0.93125 0.971875 0.929688 0.970313 0.929688 0.965625 0.926562 0.9625 0.9125 0.957031 0.90625 0.957812 0.9070309999999999 0.970313 0.9164059999999999 0.979687 0.95 0.9875 0.960938 0.9875 0.970313 0.9851559999999999 0.9914059999999999 0.972656 1 0.964844 1 0.9585940000000001
2 1 0.8570309999999999 0.988281 0.8539059999999999 0.9757809999999999 0.8539059999999999 0.9710940000000001 0.855469 0.9625 0.854687 0.959375 0.8570309999999999 0.960938 0.8617190000000001 0.965625 0.8625 0.9664059999999999 0.864063 0.972656 0.863281 0.989063 0.8679690000000001 0.99375 0.871094 1 0.871875 1 0.8570309999999999
2 0.9554690000000001 0.777344 0.949219 0.786719 0.957031 0.797656 0.959375 0.797656 0.9632809999999999 0.79375 0.9710940000000001 0.778125 0.9773440000000001 0.753125 0.9789059999999999 0.728125 0.973438 0.728125 0.9601559999999999 0.760937 0.9554690000000001 0.777344
2 0.30625 0.067187 0.305469 0.075 0.307031 0.07656199999999999 0.31328100000000003 0.073438 0.339063 0.071094 0.35156200000000004 0.064844 0.353906 0.0625 0.353906 0.059375 0.330469 0.06406300000000001 0.309375 0.065625 0.30625 0.067187
2 0.355469 0.384375 0.348437 0.384375 0.34453100000000003 0.388281 0.345313 0.394531 0.348437 0.399219 0.363281 0.410156 0.377344 0.414844 0.377344 0.409375 0.36718799999999996 0.392188 0.355469 0.384375
2 0.539844 0.610938 0.539062 0.589844 0.534375 0.567188 0.532813 0.565625 0.528906 0.570312 0.528906 0.577344 0.532813 0.602344 0.532031 0.623437 0.534375 0.624219 0.541406 0.619531 0.542187 0.614063 0.539844 0.610938
1 0.628125 0.638281 0.628125 0.610156 0.624219 0.599219 0.624219 0.591406 0.627344 0.584375 0.627344 0.578906 0.622656 0.58125 0.616406 0.590625 0.616406 0.599219 0.6125 0.610156 0.611719 0.617969 0.613281 0.647656 0.616406 0.6625 0.61875 0.666406 0.621875 0.664844 0.624219 0.658594 0.628125 0.638281