1 0.155469 0.154687 0.166406 0.161719 0.166406 0.167188 0.16953100000000002 0.175 0.171875 0.17421899999999998 0.173437 0.16953100000000002 0.178906 0.17421899999999998 0.192969 0.173438 0.19531199999999999 0.176562 0.19531199999999999 0.185937 0.18984399999999998 0.18984399999999998 0.194531 0.19140600000000002 0.20078100000000002 0.19921899999999998 0.204687 0.19921899999999998 0.208594 0.203125 0.213281 0.2 0.21640600000000002 0.1875 0.22109399999999998 0.18359399999999998 0.22343799999999997 0.17421899999999998 0.217969 0.166406 0.220312 0.1625 0.220312 0.157031 0.213281 0.14843800000000001 0.208594 0.149219 0.202344 0.15390600000000002 0.201563 0.1625 0.196094 0.167188 0.189062 0.161719 0.189062 0.15859399999999998 0.178906 0.150781 0.161719 0.140625 0.154688 0.139844 0.150781 0.1375 0.14843800000000001 0.13828100000000002 0.15 0.145312 0.155469 0.154687
0 0.28046899999999997 0.021875 0.302344 0.061719 0.31328100000000003 0.075 0.308594 0.089063 0.309375 0.098437 0.31328100000000003 0.104688 0.321875 0.10390600000000001 0.32734399999999997 0.098437 0.33593799999999996 0.09531300000000001 0.350781 0.09375 0.37031200000000003 0.089063 0.389062 0.089063 0.4 0.086719 0.400781 0.083594 0.396875 0.078906 0.386719 0.072656 0.366406 0.065625 0.35859399999999997 0.064844 0.357812 0.05625 0.353906 0.053125 0.336719 0.053125 0.322656 0.059375 0.3125 0.046094 0.30781200000000003 0.036719 0.2875 0.013281000000000001 0.279687 0.00625 0.27656200000000003 0.007031 0.275781 0.010156 0.28046899999999997 0.021875
2 0.84375 0.283594 0.848437 0.29765600000000003 0.855469 0.310156 0.857812 0.323438 0.865625 0.332812 0.873437 0.326562 0.871875 0.31875 0.8648440000000001 0.305469 0.864062 0.294531 0.854688 0.272656 0.8460940000000001 0.25781200000000004 0.8414059999999999 0.255469 0.839844 0.260156 0.84375 0.283594
2 0.098437 0.855469 0.10703100000000002 0.8609370000000001 0.129688 0.865625 0.139844 0.865625 0.139844 0.8609370000000001 0.121875 0.85625 0.095312 0.840625 0.089063 0.8351559999999999 0.079687 0.8335940000000001 0.080469 0.8382809999999999 0.098437 0.855469
0 0.840625 0.571875 0.845313 0.56875 0.8726559999999999 0.530469 0.8773440000000001 0.529687 0.8851559999999999 0.517188 0.8898440000000001 0.496094 0.8898440000000001 0.478125 0.8875 0.453125 0.88125 0.43671899999999997 0.876563 0.43671899999999997 0.8648440000000001 0.451562 0.857812 0.473437 0.85625 0.486719 0.8648440000000001 0.521094 0.855469 0.520313 0.8492190000000001 0.522656 0.842187 0.528906 0.834375 0.540625 0.8257809999999999 0.566406 0.824219 0.584375 0.8257809999999999 0.585156 0.8304690000000001 0.584375 0.840625 0.571875
0 0.31328100000000003 0.8335940000000001 0.340625 0.8507809999999999 0.349219 0.8539059999999999 0.35468700000000003 0.8539059999999999 0.35625 0.848438 0.361719 0.848438 0.376563 0.8539059999999999 0.380469 0.8539059999999999 0.382031 0.851562 0.382031 0.8453120000000001 0.37968799999999997 0.839062 0.365625 0.825 0.35859399999999997 0.824219 0.35625 0.8257809999999999 0.353906 0.839062 0.35156200000000004 0.839844 0.342187 0.8304690000000001 0.324219 0.8210940000000001 0.307031 0.8195309999999999 0.303906 0.821875 0.310156 0.8273440000000001 0.31328100000000003 0.8335940000000001
0 0.740625 0.659375 0.742969 0.664062 0.778125 0.698437 0.786719 0.711719 0.796875 0.721094 0.796875 0.740625 0.795312 0.744531 0.8039059999999999 0.774219 0.809375 0.784375 0.8132809999999999 0.801563 0.81875 0.8109379999999999 0.8273440000000001 0.8109379999999999 0.832031 0.8 0.8335940000000001 0.791406 0.8335940000000001 0.766406 0.826562 0.745312 0.815625 0.735156 0.816406 0.717187 0.8148440000000001 0.7125 0.80625 0.708594 0.798438 0.689063 0.780469 0.670312 0.757031 0.65625 0.742188 0.653125 0.740625 0.654687 0.740625 0.659375
0 0.710156 0.617969 0.708594 0.61875 0.703906 0.613281 0.685156 0.607031 0.682031 0.610156 0.684375 0.624219 0.691406 0.639844 0.723437 0.694531 0.732812 0.703125 0.739844 0.707031 0.745313 0.728125 0.763281 0.760937 0.767969 0.7640629999999999 0.76875 0.750781 0.767188 0.748437 0.764844 0.727344 0.757031 0.707031 0.753906 0.703906 0.747656 0.701562 0.747656 0.682812 0.738281 0.650781 0.738281 0.638281 0.735938 0.626563 0.725 0.590625 0.721094 0.585156 0.717187 0.585156 0.711719 0.595313 0.710156 0.617969
0 0.840625 0.81875 0.878125 0.83125 0.882812 0.834375 0.8914059999999999 0.835938 0.8960940000000001 0.8351559999999999 0.901563 0.8289059999999999 0.90625 0.8273440000000001 0.917969 0.8273440000000001 0.926562 0.8296870000000001 0.9710940000000001 0.8335940000000001 0.973437 0.8296870000000001 0.96875 0.8265629999999999 0.9757809999999999 0.8226559999999999 0.9757809999999999 0.8179690000000001 0.94375 0.8054690000000001 0.9351559999999999 0.8039059999999999 0.9148440000000001 0.804688 0.902344 0.8101559999999999 0.896875 0.817188 0.894531 0.817188 0.882812 0.8054690000000001 0.865625 0.797656 0.860938 0.7984370000000001 0.8625 0.800781 0.860938 0.804688 0.8375 0.804688 0.8335940000000001 0.807812 0.834375 0.8140620000000001 0.840625 0.81875
0 0.435937 0.8804690000000001 0.465625 0.8625 0.488281 0.8523440000000001 0.494531 0.847656 0.503906 0.85 0.516406 0.8492190000000001 0.536719 0.8523440000000001 0.549219 0.8523440000000001 0.55 0.848438 0.528906 0.8375 0.510938 0.832031 0.501563 0.832813 0.490625 0.839062 0.484375 0.8335940000000001 0.478125 0.83125 0.461719 0.8304690000000001 0.45781299999999997 0.834375 0.43671899999999997 0.8421879999999999 0.42656299999999997 0.8507809999999999 0.416406 0.864063 0.40703100000000003 0.8851559999999999 0.4125 0.8875 0.435937 0.8804690000000001
0 0.3125 0.834375 0.309375 0.825 0.303125 0.821875 0.315625 0.81875 0.326562 0.8023440000000001 0.330469 0.803125 0.34296899999999997 0.784375 0.346875 0.773438 0.347656 0.754688 0.35 0.742969 0.347656 0.739844 0.34375 0.739844 0.329688 0.746094 0.322656 0.71875 0.317969 0.717187 0.316406 0.726562 0.316406 0.748437 0.317969 0.75625 0.31718799999999997 0.7828120000000001 0.31875 0.792969 0.309375 0.79375 0.30156299999999997 0.800781 0.294531 0.8148440000000001 0.290625 0.8375 0.290625 0.851562 0.29375 0.8625 0.29765600000000003 0.867188 0.30156299999999997 0.8648440000000001 0.3125 0.834375
0 0.741406 0.8695309999999999 0.758594 0.8539059999999999 0.775781 0.8460940000000001 0.783594 0.8382809999999999 0.792188 0.8382809999999999 0.800781 0.8304690000000001 0.828125 0.8132809999999999 0.848437 0.8070309999999999 0.8601559999999999 0.80625 0.863281 0.8039059999999999 0.863281 0.7984370000000001 0.857812 0.794531 0.8367190000000001 0.789062 0.8335940000000001 0.790625 0.8304690000000001 0.8054690000000001 0.8257809999999999 0.809375 0.820312 0.809375 0.815625 0.804688 0.810937 0.792969 0.80625 0.792969 0.801562 0.7953129999999999 0.788281 0.808594 0.782813 0.825 0.782813 0.8304690000000001 0.776563 0.83125 0.764844 0.8265629999999999 0.751563 0.828125 0.732812 0.8367190000000001 0.726562 0.8429690000000001 0.725 0.8460940000000001 0.725 0.855469 0.728125 0.8695309999999999 0.73125 0.871875 0.741406 0.8695309999999999
1 0.740625 0.417969 0.74375 0.416406 0.744531 0.411719 0.721875 0.397656 0.713281 0.396875 0.692969 0.401563 0.68125 0.40625 0.666406 0.419531 0.665625 0.424219 0.724219 0.417188 0.740625 0.417969
0 0.666406 0.8054690000000001 0.673438 0.832813 0.685156 0.863281 0.700781 0.879687 0.705469 0.882812 0.714063 0.884375 0.720313 0.8921870000000001 0.713281 0.901563 0.711719 0.9078120000000001 0.713281 0.9382809999999999 0.716406 0.95 0.722656 0.9625 0.733594 0.975 0.7375 0.9757809999999999 0.739062 0.964844 0.735156 0.9351559999999999 0.735156 0.903125 0.732031 0.894531 0.726562 0.8882809999999999 0.725781 0.8578129999999999 0.71875 0.821875 0.717187 0.8195309999999999 0.7125 0.823437 0.709375 0.821875 0.699219 0.8101559999999999 0.682813 0.7984370000000001 0.674219 0.794531 0.66875 0.7953129999999999 0.666406 0.797656 0.666406 0.8054690000000001
0 0 0.49375 0.019531 0.494531 0.036719 0.49218799999999996 0.039844000000000004 0.49921899999999997 0.041406 0.513281 0.051562 0.528906 0.057031 0.529687 0.057813 0.5 0.0625 0.48125 0.047656 0.4625 0.029687 0.454688 0.025781 0.455469 0.025 0.46093799999999996 0.029687 0.470313 0.027344 0.472656 0 0.48359399999999997 0 0.49375
1 0 0.221875 0.016406 0.225781 0.042187999999999996 0.228906 0.067969 0.240625 0.072656 0.240625 0.072656 0.228125 0.06875 0.217969 0.058516 0.19101600000000002 0.060937 0.22265600000000002 0.057813 0.217969 0.047656 0.210156 0.01875 0.20078100000000002 0 0.2 0 0.221875
1 0.060156 0.717187 0.076563 0.714062 0.099219 0.689844 0.1 0.685156 0.092969 0.68125 0.078906 0.680469 0.070312 0.684375 0.064062 0.692188 0.063281 0.675781 0.061719 0.669531 0.059375 0.66875 0.053905999999999996 0.682812 0.051562 0.710156 0.053905999999999996 0.714062 0.060156 0.717187
0 0 0.698437 0.0023439999999999997 0.699219 0.005469 0.710938 0.01875 0.736719 0.025781 0.744531 0.029687 0.745312 0.030469000000000003 0.720313 0.028905999999999998 0.709375 0.03125 0.703906 0.032812999999999995 0.691406 0.03125 0.678125 0.035937000000000004 0.673438 0.035156 0.661719 0.025781 0.633594 0.017969 0.624219 0.009375 0.621094 0.007031 0.625781 0.00625 0.634375 0.0023439999999999997 0.630469 0 0.630469 0 0.642188 0.0023439999999999997 0.642969 0.0078119999999999995 0.655469 0.014844 0.663281 0.016406 0.667969 0.007031 0.671094 0.0023439999999999997 0.676563 0.0023439999999999997 0.678906 0 0.679688 0 0.698437
0 0.050781 0.878906 0.057031 0.88125 0.067187 0.8820309999999999 0.083594 0.8929690000000001 0.091406 0.89375 0.09375 0.8929690000000001 0.095312 0.8890629999999999 0.098437 0.894531 0.110156 0.895312 0.13281199999999999 0.9046879999999999 0.1375 0.903125 0.146094 0.8890629999999999 0.146094 0.884375 0.13671899999999998 0.8757809999999999 0.124219 0.870312 0.110937 0.870312 0.10234399999999999 0.8734379999999999 0.10078100000000001 0.86875 0.09765599999999999 0.86875 0.092969 0.8726559999999999 0.092188 0.878125 0.075 0.864063 0.065625 0.8617190000000001 0.047656 0.871875 0.047656 0.875 0.050781 0.878906
0 0.204687 0.770313 0.204687 0.797656 0.210156 0.8117190000000001 0.21640600000000002 0.821875 0.22968700000000003 0.8296870000000001 0.224219 0.834375 0.219531 0.835938 0.21406200000000003 0.8445309999999999 0.2125 0.8507809999999999 0.2125 0.867188 0.21875 0.886719 0.226562 0.903125 0.234375 0.9117190000000001 0.240625 0.9132809999999999 0.248438 0.9085940000000001 0.249219 0.896875 0.23828100000000002 0.8507809999999999 0.2375 0.8375 0.232813 0.8304690000000001 0.23671899999999998 0.8117190000000001 0.235937 0.8023440000000001 0.232813 0.789844 0.226562 0.778125 0.22109399999999998 0.750781 0.21640600000000002 0.746094 0.20703100000000002 0.7625 0.204687 0.770313
0 0.083594 0.8382809999999999 0.088281 0.834375 0.110156 0.840625 0.126562 0.8421879999999999 0.134375 0.8460940000000001 0.139844 0.8460940000000001 0.140625 0.8445309999999999 0.139063 0.8382809999999999 0.130469 0.8296870000000001 0.113281 0.821875 0.095312 0.8210940000000001 0.0875 0.8296870000000001 0.087109 0.8249219999999999 0.080859 0.819922 0.077344 0.8179690000000001 0.069531 0.8140620000000001 0.045 0.8066409999999999 0.064062 0.817188 0.07421900000000001 0.8226559999999999 0.06875 0.824219 0.065625 0.8273440000000001 0.05625 0.8289059999999999 0.053125 0.8382809999999999 0.06875 0.839844 0.083594 0.8382809999999999
0 0.088281 0.258594 0.085938 0.264062 0.078906 0.271094 0.07078100000000001 0.28046899999999997 0.083594 0.275781 0.1 0.270312 0.107813 0.269531 0.11953100000000001 0.260938 0.12734399999999998 0.257031 0.133594 0.25625 0.132031 0.25078100000000003 0.126562 0.24765600000000002 0.12734399999999998 0.24375 0.121094 0.23828100000000002 0.117188 0.23046899999999998 0.11023400000000001 0.22179700000000002 0.105469 0.21640600000000002 0.099453 0.205625 0.087031 0.190547 0.09726599999999999 0.21125 0.103047 0.219844 0.107813 0.23281200000000002 0.110156 0.235156 0.110937 0.239844 0.091406 0.23906200000000002 0.078125 0.24375 0.075781 0.246875 0.075781 0.25 0.088281 0.258594
1 0.114062 0.045312000000000005 0.124219 0.035156 0.125 0.032031 0.12265600000000002 0.029687 0.10148399999999999 0.031563 0.092656 0.042031 0.055937 0.014219 0.085078 0.046172000000000005 0.091406 0.055469000000000004 0.096094 0.063281 0.10078100000000001 0.06406300000000001 0.114062 0.045312000000000005
1 0.541406 0.733594 0.544531 0.740625 0.544531 0.757031 0.548438 0.766406 0.553125 0.766406 0.559375 0.75625 0.561719 0.747656 0.561719 0.7375 0.557031 0.728125 0.544531 0.715625 0.541406 0.724219 0.541406 0.733594
0 0.55625 0.714062 0.599219 0.707813 0.608594 0.700781 0.607812 0.692969 0.604688 0.690625 0.603125 0.685937 0.613281 0.674219 0.629687 0.659375 0.629687 0.655469 0.624219 0.654687 0.601562 0.660938 0.594531 0.665625 0.589063 0.674219 0.573438 0.66875 0.564063 0.66875 0.564063 0.671094 0.572656 0.675781 0.578125 0.68125 0.575781 0.682812 0.560156 0.683594 0.542969 0.689844 0.525781 0.703125 0.523438 0.707031 0.523438 0.7125 0.527344 0.714062 0.55625 0.714062
0 0.588281 0.939063 0.596094 0.9382809999999999 0.6 0.9351559999999999 0.620313 0.9304690000000001 0.635156 0.9234370000000001 0.647656 0.921875 0.653906 0.917969 0.657031 0.9132809999999999 0.657031 0.895312 0.660937 0.8601559999999999 0.660937 0.840625 0.658594 0.834375 0.655469 0.8382809999999999 0.646094 0.8679690000000001 0.64375 0.8851559999999999 0.639062 0.886719 0.627344 0.8804690000000001 0.622656 0.8804690000000001 0.627344 0.886719 0.641406 0.8976559999999999 0.644531 0.90625 0.642969 0.9078120000000001 0.627344 0.9007809999999999 0.615625 0.901563 0.599219 0.90625 0.588281 0.9132809999999999 0.577344 0.9242190000000001 0.569531 0.9359379999999999 0.567187 0.942187 0.567969 0.945312 0.572656 0.945312 0.588281 0.939063