2 0.88125 0.007031 0.864844 0.007031 0.8570309999999999 0.015625 0.854688 0.015625 0.853125 0.017188 0.853906 0.022656 0.8523440000000001 0.025781 0.857812 0.026561999999999995 0.864062 0.021875 0.8757810000000001 0.016406 0.8820309999999999 0.010156
2 0.451562 0.265625 0.446875 0.267969 0.446094 0.275 0.44218799999999997 0.284375 0.442969 0.303125 0.446875 0.305469 0.45 0.304688 0.45234399999999997 0.290625 0.455469 0.280469 0.45390600000000003 0.269531
2 0.357031 0.065625 0.355469 0.070312 0.355469 0.077656 0.357734 0.083125 0.362266 0.082187 0.362891 0.070938 0.366953 0.063203 0.370625 0.058437
2 0.794531 0.0625 0.789844 0.061719 0.785937 0.063281 0.778125 0.071094 0.777344 0.079687 0.778906 0.085938 0.785937 0.078125 0.786719 0.074219 0.794531 0.066406
1 0.3125 0.389844 0.310937 0.392969 0.323437 0.4125 0.323437 0.416406 0.326562 0.421875 0.327344 0.428125 0.33125 0.43828100000000003 0.339844 0.446094 0.346094 0.446875 0.347656 0.44218799999999997 0.347656 0.430469 0.342187 0.415625 0.339062 0.413281 0.334375 0.4125 0.329688 0.407813 0.325781 0.4 0.314844 0.389844
1 0.332813 0.341406 0.344531 0.353125 0.348438 0.359375 0.349219 0.364063 0.357031 0.369531 0.361719 0.369531 0.369531 0.364844 0.375 0.358594 0.375 0.35625 0.370312 0.351562 0.357812 0.353125 0.342187 0.340625
1 0.500781 0.341406 0.49921899999999997 0.344531 0.5 0.347656 0.5125 0.360156 0.513281 0.365625 0.516406 0.36875 0.521094 0.378906 0.525781 0.380469 0.526563 0.374219 0.525 0.360938 0.526563 0.354687 0.530469 0.350781 0.539844 0.347656 0.541406 0.345313 0.528906 0.3375 0.525781 0.336719 0.517188 0.34375 0.513281 0.34375 0.507031 0.340625
1 0.6 0.449219 0.595313 0.449219 0.582812 0.458594 0.577344 0.46953100000000003 0.567969 0.477344 0.565625 0.482031 0.561719 0.485938 0.5625 0.490625 0.576562 0.488281 0.588281 0.48359399999999997 0.59375 0.475 0.592969 0.463281 0.595313 0.45781299999999997 0.6 0.453125
1 0.511719 0.634375 0.521094 0.642969 0.528906 0.647656 0.532813 0.652344 0.534375 0.652344 0.539844 0.661719 0.545312 0.661719 0.557031 0.657813 0.561719 0.654687 0.560937 0.646875 0.557813 0.644531 0.548438 0.644531 0.539844 0.649219 0.535937 0.64375 0.533594 0.6375 0.527344 0.636719 0.517969 0.632812 0.5125 0.632812
2 0.396875 0.817969 0.392188 0.8195309999999999 0.389844 0.824219 0.382812 0.83125 0.382812 0.839844 0.389844 0.8414059999999999 0.396875 0.8367190000000001 0.399219 0.826562
2 0.84375 0.349219 0.838281 0.35 0.834375 0.360938 0.833594 0.38125 0.8367190000000001 0.382812 0.840625 0.382812 0.8429689999999999 0.378125 0.8414059999999999 0.364844 0.8429689999999999 0.357812 0.845313 0.353906 0.845313 0.35
2 0.9375 0.927344 0.934375 0.926562 0.9304690000000001 0.929688 0.927344 0.934375 0.923438 0.9367189999999999 0.9175000000000001 0.9389839999999999 0.915 0.941719 0.9175000000000001 0.9445309999999999 0.9227339999999999 0.94375 0.932031 0.9398440000000001 0.9351559999999999 0.935937
2 0.596094 0.847656 0.595313 0.854688 0.607031 0.8726559999999999 0.6125 0.878125 0.614844 0.882812 0.625 0.8882809999999999 0.625781 0.8914060000000001 0.627344 0.892188 0.628125 0.8882809999999999 0.636719 0.876563 0.635156 0.875 0.627344 0.873437 0.6 0.8460940000000001
1 0.675 0.8125 0.669531 0.815625 0.661719 0.828125 0.653125 0.8304690000000001 0.647656 0.8351559999999999 0.644531 0.845313 0.646094 0.847656 0.65625 0.847656 0.660156 0.8460940000000001 0.664844 0.8414059999999999 0.665625 0.8375 0.66875 0.833594 0.670312 0.826562 0.675 0.820312 0.676562 0.815625
1 0.670312 0.867188 0.666406 0.86875 0.661719 0.8742189999999999 0.659375 0.875 0.654687 0.8914060000000001 0.655469 0.8976559999999999 0.665625 0.9132809999999999 0.672656 0.9132809999999999 0.673438 0.907813 0.675 0.90625 0.670312 0.882812
2 0.755469 0.815625 0.751563 0.822656 0.749219 0.8351559999999999 0.751563 0.8445310000000001 0.75625 0.845313 0.757812 0.8429689999999999 0.757812 0.817969
1 0.539062 0.973437 0.539844 0.9773440000000001 0.551562 0.9875 0.555469 0.989062 0.560156 0.989062 0.570312 0.99375 0.573438 0.99375 0.576562 0.990625 0.584375 0.988281 0.597656 0.9867190000000001 0.596875 0.984375 0.592969 0.9820309999999999 0.586719 0.9820309999999999 0.577344 0.979688 0.570312 0.980469 0.561719 0.973437 0.553906 0.970313 0.540625 0.970313
2 0.276562 0.607031 0.276562 0.608594 0.279687 0.609375 0.286719 0.605469 0.290625 0.604688 0.292969 0.607812 0.303125 0.611719 0.30625 0.607812 0.303125 0.596875 0.296094 0.594531 0.285938 0.596094
2 0.073438 0.12265600000000002 0.075781 0.125 0.095312 0.125 0.10078099999999998 0.126562 0.10390600000000001 0.13125 0.10390600000000001 0.12265600000000002 0.098437 0.11796900000000002 0.092188 0.115625 0.083594 0.11640599999999998
2 0.083594 0.124219 0.083594 0.135937 0.086719 0.141406 0.0875 0.150781 0.09375 0.157812 0.095312 0.161719 0.1 0.165625 0.10078099999999998 0.153906 0.097656 0.145313 0.09375 0.140625 0.088281 0.127891 0.086406 0.126328
2 0.4 0.285156 0.398438 0.289062 0.398438 0.297656 0.4 0.303125 0.404687 0.304688 0.40625 0.303125 0.40703100000000003 0.298438 0.404687 0.29375 0.403125 0.285938