2 0.767188 0.646094 0.767969 0.650781 0.775 0.661719 0.775781 0.66875 0.778125 0.671094 0.782813 0.672656 0.785156 0.675781 0.795312 0.682813 0.80625 0.692969 0.81875 0.7 0.822656 0.703906 0.822656 0.696094 0.8132810000000001 0.685937 0.8117189999999999 0.682031 0.795312 0.665625 0.792969 0.660156 0.771094 0.646094
2 0.7125 0.45781299999999997 0.710938 0.46375 0.708594 0.470313 0.707578 0.474219 0.706641 0.47742199999999996 0.707812 0.480469 0.708516 0.48492199999999996 0.707812 0.48890599999999995 0.70875 0.494922 0.709141 0.500312 0.710078 0.505625 0.71125 0.511719 0.715156 0.517578 0.718906 0.521484 0.724297 0.519844 0.720234 0.511719 0.717422 0.505078 0.715938 0.49617199999999995 0.716172 0.484844 0.71625 0.47695300000000007 0.716797 0.470781 0.717422 0.465469 0.717187 0.459375
2 0.414375 0.360781 0.404297 0.360078 0.398984 0.360156 0.409141 0.365156 0.417969 0.367812 0.426328 0.369219 0.432031 0.37125 0.436797 0.373359 0.43828100000000003 0.374609 0.44335899999999995 0.376484 0.44726600000000005 0.378594 0.44906199999999996 0.380078 0.45164100000000007 0.381328 0.45609400000000005 0.3825 0.457734 0.386406 0.462578 0.388281 0.465625 0.385156 0.463281 0.378906 0.460156 0.375 0.455469 0.373437 0.44421900000000003 0.366953 0.429531 0.362969 0.419531 0.361719
2 0.404141 0.444766 0.40703100000000003 0.4532030000000001 0.410391 0.45789099999999994 0.414297 0.466328 0.41718700000000003 0.471094 0.41875 0.475781 0.42109399999999997 0.478125 0.425625 0.482344 0.428125 0.489844 0.428125 0.494531 0.43125 0.496875 0.4375 0.494531 0.439844 0.491406 0.440625 0.485938 0.435156 0.48125 0.432422 0.47695300000000007 0.421172 0.46312499999999995 0.416406 0.45625 0.408594 0.447656
2 0.915625 0.121875 0.9132809999999999 0.126562 0.911719 0.146875 0.909375 0.153906 0.910937 0.167969 0.9148440000000001 0.170313 0.916406 0.170313 0.9210939999999999 0.160938 0.9226560000000001 0.155469 0.923438 0.14375 0.925 0.142969 0.9210939999999999 0.134375 0.9210939999999999 0.124219 0.920312 0.12265600000000002
2 0.251563 0.5875 0.251563 0.592187 0.254688 0.59375 0.277344 0.591406 0.284375 0.592969 0.2875 0.596094 0.298438 0.600781 0.303125 0.601562 0.307812 0.599219 0.317969 0.6 0.313281 0.588281 0.3 0.577344 0.26875 0.577344 0.2625 0.579688
2 0.400781 0.599219 0.392188 0.600781 0.386719 0.607031 0.388281 0.6125 0.396094 0.621094 0.4 0.619531 0.407813 0.611719 0.408594 0.607031
2 0.46406200000000003 0.9773440000000001 0.4625 0.976562 0.461719 0.9773440000000001 0.45390600000000003 0.978125 0.45 0.98125 0.44375 0.984375 0.441406 0.984375 0.439844 0.9867190000000001 0.44531200000000004 0.9875 0.446094 0.988281 0.44843700000000003 0.988281 0.455469 0.990625 0.460156 0.9875 0.460156 0.9867190000000001 0.46406200000000003 0.9835939999999999
2 0.359375 0.194531 0.349219 0.196875 0.34375 0.203125 0.339844 0.213281 0.339062 0.23203100000000002 0.341406 0.23906299999999997 0.340625 0.244531 0.344531 0.24765600000000002 0.345313 0.259375 0.348438 0.263281 0.347656 0.267969 0.349219 0.270313 0.351562 0.26875 0.351562 0.258594 0.349219 0.255469 0.353906 0.252344 0.350781 0.249219 0.353906 0.22265600000000002 0.360938 0.201563 0.360938 0.196094
2 0.607812 0.939063 0.601562 0.940625 0.599219 0.94375 0.595313 0.94375 0.586719 0.9507809999999999 0.586719 0.963281 0.594531 0.9710940000000001 0.5975 0.972813 0.6 0.973437 0.603906 0.967187 0.603125 0.963281 0.609375 0.951562 0.609375 0.9460940000000001 0.611719 0.942969
2 0.757031 0.764844 0.752344 0.765625 0.749219 0.775781 0.749219 0.780469 0.747656 0.782813 0.748437 0.7875 0.745313 0.797656 0.745313 0.8125 0.747656 0.815625 0.753906 0.8132810000000001 0.758594 0.798438 0.760156 0.777344
2 0.980469 0.942969 0.978125 0.942187 0.9695310000000001 0.95 0.964063 0.958594 0.963281 0.963281 0.967187 0.965625 0.975 0.9617190000000001 0.978125 0.954688 0.984375 0.948438 0.984375 0.946875
2 0.807656 0.9090620000000001 0.800781 0.9070310000000001 0.796797 0.907188 0.78125 0.907813 0.778125 0.909375 0.777344 0.9132809999999999 0.778906 0.9148440000000001 0.795312 0.9148440000000001 0.806484 0.913438