1 0.789062 0.300781 0.814063 0.291406 0.8257809999999999 0.28125 0.8382809999999999 0.279687 0.8429690000000001 0.277344 0.84375 0.275 0.842187 0.27343799999999996 0.8335940000000001 0.274219 0.83125 0.272656 0.83125 0.27031299999999997 0.84375 0.255469 0.839063 0.251563 0.834375 0.252344 0.825 0.2625 0.821875 0.267969 0.820312 0.275781 0.79375 0.279687 0.778906 0.285156 0.764844 0.292969 0.759375 0.298438 0.760156 0.30156299999999997 0.764062 0.303125 0.775781 0.303125 0.789062 0.300781
1 0.860938 0.303906 0.871875 0.298438 0.8695309999999999 0.2875 0.864062 0.28046899999999997 0.8585940000000001 0.277344 0.851562 0.278906 0.851562 0.284375 0.859375 0.295312 0.860938 0.303906
1 0.9085940000000001 0.314063 0.917188 0.316406 0.9226559999999999 0.314063 0.923438 0.310156 0.9164059999999999 0.302344 0.9007809999999999 0.290625 0.876563 0.28203100000000003 0.8726559999999999 0.286719 0.885938 0.294531 0.8929690000000001 0.302344 0.9085940000000001 0.314063
1 1 0.347656 0.996875 0.345313 0.996875 0.336719 0.99375 0.329688 0.9898440000000001 0.326562 0.982812 0.326562 0.98125 0.325 0.976562 0.308594 0.96875 0.3 0.964844 0.29765600000000003 0.957812 0.296875 0.957031 0.3 0.96875 0.310156 0.971875 0.314844 0.9742190000000001 0.328125 0.973437 0.335156 0.9789059999999999 0.338281 0.9835940000000001 0.352344 0.9898440000000001 0.35859399999999997 1 0.35859399999999997 1 0.347656
1 0.879687 0.465625 0.889062 0.46796899999999997 0.892188 0.475 0.903125 0.48359399999999997 0.90625 0.482812 0.904687 0.477344 0.9007809999999999 0.474219 0.9007809999999999 0.470313 0.898438 0.466406 0.9 0.4625 0.896875 0.458594 0.8929690000000001 0.458594 0.85625 0.430469 0.848437 0.430469 0.8523440000000001 0.439844 0.870313 0.460156 0.879687 0.465625
1 0.739844 0.31328100000000003 0.740625 0.314844 0.736719 0.319531 0.738281 0.32734399999999997 0.750781 0.330469 0.757031 0.32890600000000003 0.757812 0.324219 0.753906 0.316406 0.75 0.31328100000000003 0.748437 0.30781200000000003 0.710156 0.298438 0.702344 0.295312 0.701562 0.29218700000000003 0.695312 0.294531 0.696875 0.3 0.710156 0.30781200000000003 0.739844 0.31328100000000003
1 0.547656 0.35 0.566406 0.33593799999999996 0.592187 0.321094 0.596094 0.31718799999999997 0.6 0.316406 0.603906 0.317969 0.607812 0.314844 0.6125 0.305469 0.61875 0.299219 0.624219 0.289844 0.645312 0.2875 0.661719 0.279687 0.672656 0.271875 0.671875 0.269531 0.666406 0.267188 0.661719 0.27031299999999997 0.65 0.27031299999999997 0.646875 0.267969 0.691406 0.22265600000000002 0.703906 0.20781299999999997 0.707812 0.19375 0.708594 0.16875 0.70625 0.166406 0.700781 0.16796899999999998 0.6875 0.182031 0.68125 0.19140600000000002 0.659375 0.203906 0.641406 0.22343799999999997 0.622656 0.24765600000000002 0.621875 0.25781200000000004 0.61875 0.26093700000000003 0.614062 0.261719 0.577344 0.289844 0.566406 0.303125 0.532813 0.33281299999999997 0.517969 0.353125 0.521094 0.357812 0.525781 0.357812 0.547656 0.35
1 0.58125 0.551562 0.58125 0.51875 0.584375 0.503125 0.584375 0.49375 0.58125 0.486719 0.58125 0.472656 0.585156 0.449219 0.584375 0.446094 0.58125 0.44531200000000004 0.578906 0.446094 0.577344 0.450781 0.55625 0.478125 0.554688 0.488281 0.558594 0.496875 0.557813 0.5 0.539062 0.524219 0.528125 0.547656 0.528906 0.555469 0.533594 0.552344 0.547656 0.526563 0.553125 0.521875 0.554688 0.558594 0.560156 0.576562 0.567969 0.585156 0.571094 0.585156 0.573438 0.582812 0.58125 0.551562
1 0.677344 0.416406 0.678906 0.411719 0.673438 0.41093799999999997 0.664062 0.41406200000000004 0.657813 0.41875 0.635938 0.427344 0.634375 0.43125 0.635156 0.435156 0.655469 0.434375 0.667969 0.428906 0.677344 0.416406
1 0.454688 0.234375 0.48359399999999997 0.267188 0.5 0.278125 0.509375 0.288281 0.515625 0.30625 0.525 0.322656 0.533594 0.330469 0.544531 0.321094 0.546094 0.315625 0.5375 0.300781 0.528125 0.278906 0.520312 0.27031299999999997 0.510156 0.23671899999999998 0.494531 0.220312 0.471094 0.20078100000000002 0.459375 0.19531199999999999 0.451562 0.196094 0.446875 0.209375 0.446875 0.217969 0.454688 0.234375
1 0.959375 0.565625 0.9617190000000001 0.561719 0.9617190000000001 0.559375 0.9554690000000001 0.553125 0.94375 0.549219 0.9320309999999999 0.55 0.925781 0.554688 0.928125 0.559375 0.94375 0.564063 0.959375 0.565625
1 0.896875 0.684375 0.9085940000000001 0.685156 0.915625 0.682813 0.921875 0.691406 0.928359 0.701562 0.944453 0.707188 0.941719 0.698594 0.9351559999999999 0.692969 0.928125 0.685156 0.926562 0.677344 0.928125 0.667188 0.923438 0.664844 0.917969 0.66875 0.9085940000000001 0.671094 0.8835940000000001 0.670312 0.882812 0.674219 0.885938 0.678125 0.896875 0.684375
1 0.954688 0.753125 0.9617190000000001 0.761719 0.976562 0.764844 0.985938 0.7625 0.988281 0.754687 0.975 0.744531 0.9625 0.739062 0.948438 0.742969 0.9304690000000001 0.755469 0.9273440000000001 0.760156 0.935937 0.761719 0.9429690000000001 0.757031 0.954688 0.753125
1 0.25781200000000004 0.10703100000000002 0.271875 0.092969 0.282813 0.077344 0.28593799999999997 0.069531 0.284375 0.064062 0.278906 0.063281 0.274219 0.065625 0.2625 0.075 0.242969 0.085938 0.232813 0.094531 0.225 0.104688 0.226562 0.115625 0.23203100000000002 0.11875 0.240625 0.117188 0.25781200000000004 0.10703100000000002
1 0.125 0.11484399999999999 0.155469 0.11640600000000001 0.16406199999999999 0.115625 0.164844 0.110156 0.15859399999999998 0.10625 0.155469 0.108594 0.1375 0.107813 0.123438 0.103125 0.11640600000000001 0.10390600000000001 0.10390600000000001 0.10078100000000001 0.09765599999999999 0.10078100000000001 0.095312 0.10234399999999999 0.09765599999999999 0.105469 0.107813 0.110156 0.125 0.11484399999999999
1 0.821875 0.029687 0.832812 0.035937000000000004 0.8351559999999999 0.039062 0.83125 0.059375 0.832812 0.073438 0.8414059999999999 0.092969 0.8460940000000001 0.09375 0.85 0.08984400000000001 0.854688 0.071094 0.8539059999999999 0.054688 0.848437 0.05 0.84375 0.041406 0.8429690000000001 0.032812999999999995 0.8335940000000001 0.025781 0.8289059999999999 0.01875 0.816406 0.00625 0.8101559999999999 0.003125 0.80625 0.00625 0.814063 0.020313 0.821875 0.029687
1 0.310937 0.11875 0.314844 0.11875 0.321875 0.126562 0.32031200000000004 0.142187 0.325781 0.15390600000000002 0.325781 0.159375 0.329688 0.165625 0.335156 0.165625 0.33593799999999996 0.15 0.333594 0.12890600000000002 0.3375 0.123438 0.33593799999999996 0.115625 0.328125 0.110937 0.321875 0.11171899999999998 0.315625 0.110156 0.30156299999999997 0.10234399999999999 0.300781 0.10390600000000001 0.303906 0.11171899999999998 0.310937 0.11875
1 0.424297 0.43062500000000004 0.431562 0.435391 0.437812 0.44179700000000005 0.44070299999999996 0.44703099999999996 0.44351599999999997 0.450078 0.45187499999999997 0.45593700000000004 0.46007800000000004 0.463906 0.460156 0.46796899999999997 0.4625 0.486719 0.482031 0.53125 0.485938 0.534375 0.490625 0.532031 0.49375 0.535156 0.5 0.535937 0.5125 0.54375 0.525781 0.547656 0.528906 0.542969 0.528906 0.539844 0.522656 0.528125 0.47968700000000003 0.475 0.47656200000000004 0.466406 0.46796899999999997 0.457031 0.467187 0.450781 0.46406200000000003 0.44531200000000004 0.453125 0.435156 0.43671899999999997 0.424219 0.419531 0.42109399999999997 0.40906200000000004 0.41867200000000004 0.41671899999999995 0.426094 0.424297 0.43062500000000004
1 0.334375 0.510938 0.345313 0.496875 0.353125 0.478125 0.35625 0.475 0.378125 0.471875 0.396875 0.4625 0.410156 0.44531200000000004 0.4125 0.43671899999999997 0.403906 0.435937 0.380469 0.45 0.365625 0.461719 0.35 0.46875 0.346094 0.47968700000000003 0.336719 0.484375 0.33125 0.489844 0.321094 0.513281 0.315625 0.521094 0.315625 0.524219 0.31875 0.525 0.322656 0.522656 0.334375 0.510938
1 0.37578100000000003 0.361719 0.396094 0.35468700000000003 0.40625 0.346875 0.411719 0.346094 0.413281 0.341406 0.40703100000000003 0.340625 0.389062 0.347656 0.361719 0.35 0.34843799999999997 0.34843799999999997 0.336719 0.353906 0.338281 0.35625 0.34453100000000003 0.35859399999999997 0.37578100000000003 0.361719
1 0 0.305469 0.035156 0.303906 0.05 0.30781200000000003 0.075 0.303125 0.080469 0.299219 0.076563 0.288281 0.040625 0.2875 0.00625 0.282813 0 0.284375 0 0.305469
1 0 0.333594 0.011719 0.34375 0.025 0.35 0.020313 0.36875 0.021875 0.369531 0.028125 0.36406299999999997 0.035156 0.346875 0.035156 0.341406 0.030469000000000003 0.33906200000000003 0.021875 0.329688 0.00625 0.31875 0 0.316406 0 0.333594
1 0 0.28125 0.003125 0.28125 0.01875 0.271875 0.0375 0.25625 0.045312000000000005 0.252344 0.048437999999999995 0.25625 0.054688 0.253125 0.06640599999999999 0.233594 0.086719 0.210156 0.10703100000000002 0.19375 0.115625 0.18984399999999998 0.117188 0.185938 0.11640600000000001 0.18125 0.10625 0.180469 0.091406 0.182812 0.076563 0.18984399999999998 0.059375 0.202344 0.053905999999999996 0.208594 0.045312000000000005 0.226562 0.045312000000000005 0.23828100000000002 0.05 0.248438 0.049219 0.25078100000000003 0.04375 0.251563 0.032812999999999995 0.246875 0.032031 0.248438 0.017969 0.251563 0 0.267188 0 0.28125
1 0.094531 0.35468700000000003 0.091406 0.364844 0.091406 0.38984399999999997 0.09375 0.399219 0.10078100000000001 0.41406200000000004 0.103125 0.416406 0.10625 0.416406 0.109375 0.4125 0.110937 0.38281200000000004 0.10625 0.363281 0.09765599999999999 0.350781 0.094531 0.340625 0.083594 0.334375 0.062344 0.320625 0.07078100000000001 0.333125 0.078906 0.342187 0.094531 0.35468700000000003
1 0.045312000000000005 0.521875 0.051562 0.514062 0.051562 0.508594 0.044531 0.507812 0.032812999999999995 0.502344 0.023438 0.501563 0.023438 0.50625 0.0375 0.521875 0.045312000000000005 0.521875
1 0.134375 0.540625 0.13828100000000002 0.546094 0.15 0.546094 0.157031 0.553906 0.153125 0.576562 0.154688 0.579688 0.154688 0.596094 0.157812 0.60625 0.1625 0.607031 0.16406199999999999 0.603906 0.164844 0.585938 0.167187 0.575781 0.176563 0.553906 0.1875 0.541406 0.185938 0.534375 0.171094 0.5375 0.13828100000000002 0.5375 0.134375 0.540625
1 0.203906 0.654687 0.210938 0.648438 0.21484399999999998 0.642188 0.227344 0.635938 0.22968700000000003 0.630469 0.239844 0.621094 0.240625 0.614844 0.23203100000000002 0.6125 0.210156 0.61875 0.1875 0.646094 0.17421899999999998 0.657813 0.17421899999999998 0.6625 0.178125 0.6625 0.196094 0.654687 0.203906 0.654687
1 0 0.8273440000000001 0.007031 0.825 0.039062 0.797656 0.045312000000000005 0.785937 0.053125 0.783594 0.067969 0.775781 0.069531 0.773438 0.075 0.771875 0.076563 0.765625 0.08125 0.764844 0.08125 0.761719 0.078906 0.759375 0.06640599999999999 0.758594 0.039844000000000004 0.764844 0.027344 0.775781 0.027344 0.779687 0.029687 0.782813 0.019531 0.789062 0.007031 0.801562 0.0023439999999999997 0.808594 0 0.809375 0 0.8273440000000001
1 0.075 0.739062 0.094531 0.742188 0.09765599999999999 0.744531 0.092188 0.751563 0.09125 0.7634369999999999 0.089297 0.7787499999999999 0.09281199999999999 0.787891 0.09375 0.796875 0.10078100000000001 0.8101559999999999 0.103125 0.8125 0.107813 0.8132809999999999 0.109375 0.8101559999999999 0.105469 0.790625 0.10445299999999999 0.782188 0.10703100000000002 0.771875 0.108594 0.74375 0.105469 0.740625 0.110156 0.73125 0.096875 0.728125 0.078906 0.728906 0.070312 0.727344 0.048437999999999995 0.717969 0.046875 0.721875 0.060937 0.733594 0.075 0.739062
1 0.226562 0.784375 0.24625 0.7921090000000001 0.244531 0.798438 0.235937 0.8023440000000001 0.234375 0.8101559999999999 0.235937 0.814063 0.235156 0.8226559999999999 0.239844 0.839063 0.24375 0.8460940000000001 0.251563 0.854688 0.257031 0.8570309999999999 0.259375 0.853125 0.253125 0.835938 0.24929700000000002 0.814766 0.255234 0.789531 0.2375 0.780469 0.215625 0.765625 0.2125 0.767969 0.22109399999999998 0.779687 0.226562 0.784375
1 0.283594 0.8054690000000001 0.292969 0.799219 0.294531 0.794531 0.288281 0.790625 0.271094 0.792188 0.264062 0.796094 0.25468799999999997 0.798438 0.25078100000000003 0.8039059999999999 0.253125 0.8070309999999999 0.25781200000000004 0.808594 0.283594 0.8054690000000001
1 0.303906 0.946875 0.309375 0.9398440000000001 0.310156 0.9351559999999999 0.326562 0.9195309999999999 0.335156 0.915625 0.369531 0.88125 0.378125 0.8695309999999999 0.377344 0.865625 0.372656 0.865625 0.333594 0.8914059999999999 0.325781 0.8992190000000001 0.324219 0.9054690000000001 0.325781 0.909375 0.317969 0.914062 0.30781200000000003 0.923438 0.298438 0.939063 0.29375 0.953125 0.294531 0.9601559999999999 0.298438 0.959375 0.303125 0.951562 0.303906 0.946875
1 0.235937 1 0.235937 0.9976559999999999 0.22265600000000002 0.9867190000000001 0.22109399999999998 0.982812 0.194531 0.982812 0.18359399999999998 0.985938 0.182812 0.9875 0.184375 0.992188 0.192188 0.990625 0.209375 0.9914059999999999 0.21640600000000002 0.99375 0.21875 1 0.235937 1
1 0.507031 0.839844 0.511719 0.8375 0.542969 0.80625 0.548438 0.803125 0.567969 0.8 0.6125 0.798438 0.639062 0.785937 0.641406 0.782031 0.639062 0.778906 0.586719 0.777344 0.55625 0.779687 0.541406 0.782813 0.525781 0.789844 0.511719 0.803125 0.489844 0.835938 0.488281 0.842187 0.491406 0.84375 0.498437 0.839063 0.507031 0.839844
1 0.357031 0.763281 0.372656 0.792969 0.386719 0.810937 0.38984399999999997 0.821875 0.396094 0.826562 0.4 0.8257809999999999 0.409375 0.840625 0.407813 0.846875 0.409375 0.8507809999999999 0.407813 0.8539059999999999 0.409375 0.857812 0.407813 0.8617190000000001 0.410156 0.8664059999999999 0.40703100000000003 0.876563 0.408594 0.8851559999999999 0.40703100000000003 0.9054690000000001 0.408594 0.9070309999999999 0.409375 0.9039059999999999 0.4125 0.901563 0.420312 0.855469 0.416406 0.8054690000000001 0.410156 0.794531 0.404687 0.779687 0.396875 0.771094 0.390625 0.767188 0.36406299999999997 0.734375 0.357031 0.733594 0.35468700000000003 0.736719 0.353906 0.748437 0.357031 0.763281
1 0.610938 0.63125 0.615625 0.630469 0.625781 0.638281 0.636719 0.642969 0.642188 0.648438 0.653906 0.65 0.660156 0.654687 0.66875 0.65625 0.674219 0.659375 0.6875 0.660156 0.690625 0.658594 0.6875 0.652344 0.672656 0.640625 0.653125 0.63125 0.635938 0.626563 0.629687 0.626563 0.619531 0.620313 0.607031 0.620313 0.585156 0.638281 0.582812 0.642188 0.585156 0.64375 0.591406 0.642969 0.610938 0.63125
1 0.703125 0.6875 0.703125 0.674219 0.719531 0.666406 0.733594 0.65625 0.739062 0.646875 0.739062 0.642188 0.732031 0.642969 0.711719 0.652344 0.696875 0.65625 0.692969 0.659375 0.691406 0.669531 0.694531 0.675 0.695312 0.68125 0.692187 0.697656 0.694531 0.700781 0.697656 0.700781 0.700781 0.697656 0.703125 0.6875
1 0.771094 0.707031 0.771875 0.704688 0.767188 0.698438 0.764844 0.690625 0.763281 0.671094 0.755469 0.669531 0.755469 0.675 0.749219 0.696875 0.738281 0.7 0.742969 0.705469 0.75 0.707812 0.767969 0.708594 0.771094 0.707031
1 0.708594 0.8054690000000001 0.723437 0.804688 0.749219 0.792969 0.767969 0.78125 0.774219 0.775781 0.775781 0.767188 0.746094 0.784375 0.735156 0.786719 0.725 0.791406 0.696875 0.79375 0.678906 0.791406 0.677344 0.795312 0.68125 0.798438 0.695312 0.803125 0.708594 0.8054690000000001
1 0.81875 1 0.8195309999999999 0.9976559999999999 0.826562 0.99375 0.829688 0.9851559999999999 0.803125 0.984375 0.797656 0.982812 0.7875 0.989062 0.778906 0.9914059999999999 0.771094 0.9976559999999999 0.771094 1 0.81875 1
1 0.902344 0.9842190000000001 0.9382809999999999 1 0.9382809999999999 0.9929690000000001 0.907188 0.974844 0.894453 0.9786720000000001 0.867578 0.987656 0.874297 0.992422 0.8975 0.988359 0.902344 0.9842190000000001
1 0.915625 0.839063 0.9148440000000001 0.842187 0.9210940000000001 0.8429690000000001 0.923438 0.839844 0.925 0.8414059999999999 0.920312 0.878906 0.921875 0.889062 0.926562 0.8898440000000001 0.934375 0.8820309999999999 0.9367190000000001 0.8617190000000001 0.9351559999999999 0.8492190000000001 0.9367190000000001 0.8257809999999999 0.9304690000000001 0.8148440000000001 0.9195309999999999 0.8054690000000001 0.917188 0.8117190000000001 0.9226559999999999 0.834375 0.915625 0.839063
1 0.776016 0.767031 0.780469 0.763359 0.783906 0.7511720000000001 0.790391 0.744453 0.798438 0.736719 0.8023440000000001 0.733594 0.800781 0.730469 0.792969 0.725781 0.780469 0.721094 0.773047 0.719453 0.770312 0.714844 0.758594 0.728125 0.769531 0.734766 0.784453 0.740469 0.779687 0.747656 0.774375 0.756641 0.776016 0.767031
1 0.135156 0.340625 0.15234399999999998 0.35625 0.1625 0.360938 0.16875 0.361719 0.171094 0.36406299999999997 0.16875 0.378125 0.171875 0.388281 0.173437 0.38984399999999997 0.176563 0.389062 0.184375 0.36406299999999997 0.182812 0.355469 0.166406 0.345313 0.151562 0.33125 0.13671899999999998 0.32031200000000004 0.126562 0.317969 0.125 0.319531 0.125 0.325 0.135156 0.340625
1 0.455469 0.128125 0.46093799999999996 0.12734399999999998 0.46406200000000003 0.124219 0.463281 0.110156 0.464844 0.103125 0.463281 0.101562 0.458594 0.101562 0.454688 0.110937 0.455469 0.11484399999999999 0.45390600000000003 0.11875 0.450781 0.121094 0.439063 0.123438 0.43281200000000003 0.128125 0.42109399999999997 0.14296899999999998 0.419531 0.146875 0.42109399999999997 0.149219 0.425 0.149219 0.43125 0.146094 0.455469 0.128125
1 0.51875 0.077344 0.521875 0.078906 0.525781 0.072656 0.527344 0.060937 0.525 0.05625 0.521094 0.053125 0.514844 0.051562 0.501563 0.053125 0.5 0.057031 0.514844 0.06875 0.51875 0.077344
1 0.139063 0.088281 0.153125 0.095312 0.170313 0.10703100000000002 0.171875 0.117188 0.17421899999999998 0.121094 0.184375 0.125 0.18984399999999998 0.124219 0.19375 0.12734399999999998 0.190625 0.14453100000000002 0.185938 0.15859399999999998 0.18515600000000002 0.175 0.188281 0.178125 0.196094 0.178125 0.194531 0.170313 0.202344 0.15390600000000002 0.204687 0.14296899999999998 0.209375 0.139063 0.213281 0.11953100000000001 0.21640600000000002 0.11484399999999999 0.209375 0.109375 0.19921899999999998 0.10703100000000002 0.1875 0.09375 0.170313 0.083594 0.146875 0.075 0.135937 0.075781 0.133594 0.078906 0.134375 0.083594 0.139063 0.088281
1 0.21875 0.10390600000000001 0.21703100000000003 0.08601600000000001 0.212266 0.073281 0.20625 0.092188 0.208594 0.104688 0.2125 0.110156 0.21734399999999998 0.11617200000000001 0.21875 0.10390600000000001
1 0.96875 0.115625 0.96875 0.139844 0.964844 0.154688 0.9679690000000001 0.157812 0.967187 0.170313 0.971875 0.186719 0.975 0.18984399999999998 0.985938 0.150781 0.9851559999999999 0.133594 0.98125 0.128125 0.9773440000000001 0.126562 0.9742190000000001 0.10390600000000001 0.9617190000000001 0.0875 0.95625 0.084375 0.9523440000000001 0.084375 0.9523440000000001 0.088281 0.9632809999999999 0.101562 0.96875 0.115625
1 0.9695309999999999 0 0.9695309999999999 0.010156 0.971875 0.014063 0.9820309999999999 0.024218999999999997 0.995313 0.03125 1 0.032031 1 0 0.9695309999999999 0
1 0.31171899999999997 0.08984400000000001 0.326562 0.092188 0.325 0.085156 0.315625 0.075781 0.302344 0.067187 0.2875 0.065625 0.285156 0.067187 0.28593799999999997 0.072656 0.296875 0.08203099999999999 0.31171899999999997 0.08984400000000001