1 0.263281 0.28046899999999997 0.258594 0.260938 0.259375 0.249219 0.25781200000000004 0.24843700000000002 0.260156 0.24765600000000002 0.260938 0.242969 0.25781200000000004 0.23828100000000002 0.25781200000000004 0.23203100000000002 0.25078100000000003 0.21406299999999998 0.24765600000000002 0.209375 0.2375 0.20625 0.22265600000000002 0.196094 0.21484399999999998 0.194531 0.211719 0.197656 0.210156 0.20546899999999998 0.213281 0.23281200000000002 0.21718700000000002 0.242188 0.224219 0.251563 0.22968799999999998 0.254687 0.23671899999999998 0.255469 0.239844 0.252344 0.251563 0.25 0.253906 0.251563 0.24843700000000002 0.264062 0.24531299999999998 0.26640600000000003 0.24375 0.279687 0.24843700000000002 0.285156 0.251563 0.296875 0.25625 0.300781 0.260938 0.309375 0.263281 0.310937 0.267188 0.310156 0.26875 0.30625 0.265625 0.283594 0.263281 0.28046899999999997
0 0.36875 0.589062 0.35625 0.614063 0.35625 0.632031 0.357812 0.635156 0.3625 0.635937 0.37421899999999997 0.628906 0.383594 0.617969 0.397656 0.589844 0.39843799999999996 0.583594 0.396094 0.580469 0.38281200000000004 0.579688 0.37421899999999997 0.583594 0.36875 0.589062
0 0.740625 0.730469 0.723438 0.739844 0.722656 0.75625 0.696875 0.790625 0.696875 0.799219 0.68125 0.8296870000000001 0.68125 0.8351559999999999 0.686719 0.8351559999999999 0.696875 0.828125 0.716406 0.807812 0.721875 0.799219 0.726562 0.786719 0.730469 0.782031 0.732031 0.76875 0.736719 0.7640629999999999 0.734375 0.760156 0.734375 0.75625 0.7625 0.749219 0.778906 0.738281 0.7875 0.728125 0.789844 0.719531 0.7875 0.715625 0.778906 0.717187 0.761719 0.726562 0.740625 0.730469
1 0.775781 0.642969 0.767969 0.639062 0.761719 0.639062 0.746875 0.634375 0.748437 0.639062 0.7640629999999999 0.646094 0.764844 0.654687 0.78125 0.682031 0.782031 0.692969 0.786719 0.698437 0.796875 0.702344 0.8117190000000001 0.700781 0.8132809999999999 0.699219 0.8132809999999999 0.686719 0.8039059999999999 0.671875 0.775781 0.642969
0 0.670312 0.669531 0.666406 0.6625 0.658594 0.654687 0.659375 0.633594 0.650781 0.611719 0.636719 0.589062 0.632031 0.584375 0.629688 0.584375 0.627344 0.5875 0.627344 0.6 0.630469 0.614844 0.641406 0.648438 0.65 0.654687 0.646875 0.667187 0.653125 0.677344 0.649219 0.69375 0.653906 0.725781 0.660938 0.734375 0.666406 0.736719 0.674219 0.717187 0.674219 0.690625 0.670312 0.669531
0 0.796094 0.607812 0.792969 0.571875 0.788281 0.557031 0.789062 0.55 0.7796879999999999 0.542187 0.788281 0.533594 0.789062 0.517188 0.7875 0.5125 0.778906 0.517188 0.773438 0.522656 0.7625 0.528125 0.7671870000000001 0.544531 0.763281 0.55 0.760156 0.5625 0.761719 0.586719 0.766406 0.607031 0.771094 0.617188 0.783594 0.627344 0.789062 0.627344 0.792187 0.624219 0.796094 0.607812
2 0.83125 0.622656 0.8265629999999999 0.603906 0.823437 0.6 0.828125 0.595313 0.8226559999999999 0.591406 0.8140620000000001 0.594531 0.8125 0.599219 0.8140620000000001 0.610156 0.8265629999999999 0.635156 0.8382809999999999 0.648438 0.839062 0.642188 0.8367190000000001 0.630469 0.83125 0.622656
2 0.823437 0.510156 0.8296870000000001 0.513281 0.8445309999999999 0.513281 0.8507809999999999 0.510937 0.859375 0.502344 0.8578129999999999 0.494531 0.8523440000000001 0.498437 0.8265629999999999 0.50625 0.823437 0.510156
2 0.85 0.450781 0.8445309999999999 0.4375 0.839062 0.432813 0.8335940000000001 0.432031 0.8304690000000001 0.435937 0.832813 0.439844 0.832813 0.444531 0.840625 0.471094 0.839844 0.478906 0.8445309999999999 0.48515600000000003 0.8453120000000001 0.491406 0.85 0.491406 0.851562 0.482812 0.851562 0.457812 0.85 0.450781
1 0.704688 0.464063 0.701562 0.46093799999999996 0.700781 0.454688 0.698437 0.453125 0.664844 0.44531200000000004 0.65625 0.44531200000000004 0.653906 0.446875 0.661719 0.457812 0.68125 0.46953100000000003 0.696094 0.471094 0.701562 0.46875 0.708594 0.46875 0.727344 0.48359399999999997 0.734375 0.486719 0.740625 0.486719 0.735156 0.478906 0.715625 0.465625 0.704688 0.464063
0 0.589062 0.532813 0.589844 0.5375 0.5875 0.539844 0.575781 0.545312 0.561719 0.55625 0.5625 0.560937 0.569531 0.559375 0.571094 0.560937 0.570312 0.564063 0.559375 0.578906 0.548438 0.586719 0.540625 0.599219 0.538281 0.605469 0.5375 0.617969 0.540625 0.622656 0.549219 0.619531 0.561719 0.610156 0.585938 0.585156 0.589844 0.576562 0.601562 0.561719 0.603125 0.557031 0.603125 0.544531 0.6125 0.535156 0.622656 0.528906 0.622656 0.524219 0.601562 0.525 0.592187 0.528906 0.589062 0.532813
0 0.620312 0.529687 0.611719 0.5375 0.614063 0.539844 0.624219 0.542969 0.635156 0.544531 0.635937 0.547656 0.628125 0.557812 0.615625 0.56875 0.614063 0.573437 0.621875 0.577344 0.632031 0.577344 0.642969 0.575 0.66875 0.560156 0.684375 0.545312 0.6875 0.546875 0.689063 0.550781 0.691406 0.55 0.689844 0.539062 0.682031 0.526562 0.676563 0.522656 0.620312 0.529687
0 0.554688 0.619531 0.549219 0.635937 0.546094 0.639062 0.535156 0.639062 0.492969 0.672656 0.491406 0.69375 0.497656 0.700781 0.503125 0.701562 0.514062 0.695312 0.536719 0.674219 0.539062 0.677344 0.536719 0.685156 0.5375 0.689063 0.542187 0.689063 0.545312 0.686719 0.551563 0.660938 0.552344 0.646875 0.560937 0.645313 0.56875 0.638281 0.578906 0.623437 0.584375 0.611719 0.5875 0.596094 0.585938 0.584375 0.583594 0.584375 0.564063 0.605469 0.554688 0.619531
0 0.739063 0.384375 0.7375 0.390625 0.739063 0.396094 0.732031 0.397656 0.727344 0.400781 0.7125 0.425781 0.701562 0.45390600000000003 0.701562 0.464063 0.703906 0.466406 0.714062 0.464063 0.722656 0.45234399999999997 0.736719 0.421875 0.739844 0.410156 0.739844 0.399219 0.742188 0.39375 0.748437 0.388281 0.749219 0.384375 0.753906 0.38125 0.752344 0.376563 0.757031 0.364062 0.75625 0.35859399999999997 0.7515620000000001 0.3625 0.750781 0.366406 0.739063 0.384375
0 0.78125 0.295312 0.78125 0.31171899999999997 0.785938 0.319531 0.78125 0.328125 0.778125 0.342187 0.778125 0.3625 0.782031 0.4 0.786719 0.410156 0.791406 0.407813 0.7984370000000001 0.396094 0.80625 0.370313 0.80625 0.354688 0.803125 0.3375 0.8 0.32890600000000003 0.792969 0.317969 0.7953129999999999 0.316406 0.799219 0.319531 0.80625 0.310156 0.8125 0.288281 0.8140620000000001 0.26640600000000003 0.8117190000000001 0.260156 0.8117190000000001 0.24765600000000002 0.808594 0.242188 0.800781 0.242188 0.7984370000000001 0.24375 0.78125 0.295312
0 0.8617190000000001 0.325781 0.8617190000000001 0.321875 0.8578129999999999 0.325 0.855469 0.319531 0.855469 0.298438 0.8578129999999999 0.278906 0.853125 0.267969 0.846875 0.25781200000000004 0.8367190000000001 0.246875 0.8226559999999999 0.239844 0.8265629999999999 0.228125 0.8210940000000001 0.21875 0.7984370000000001 0.19921899999999998 0.7828120000000001 0.192969 0.782031 0.197656 0.783594 0.20156200000000002 0.796875 0.21875 0.8054690000000001 0.234375 0.8125 0.242188 0.8125 0.260156 0.83125 0.303906 0.855469 0.34296899999999997 0.859375 0.345313 0.863281 0.34453100000000003 0.865625 0.342187 0.865625 0.330469 0.8617190000000001 0.325781
0 0.9046879999999999 0.275781 0.9046879999999999 0.253125 0.9078120000000001 0.23046899999999998 0.9078120000000001 0.215625 0.90625 0.202344 0.902344 0.19531199999999999 0.894531 0.18984399999999998 0.8890629999999999 0.189063 0.885938 0.18515600000000002 0.8921870000000001 0.182031 0.9039059999999999 0.188281 0.9070309999999999 0.19375 0.91875 0.20468799999999998 0.921875 0.21718700000000002 0.9242190000000001 0.217969 0.925781 0.21640600000000002 0.9273440000000001 0.20703100000000002 0.9242190000000001 0.196094 0.917969 0.188281 0.9070309999999999 0.18125 0.8960940000000001 0.177344 0.896875 0.17421899999999998 0.903125 0.16796899999999998 0.9054690000000001 0.161719 0.90625 0.150781 0.9046879999999999 0.142188 0.8929690000000001 0.11875 0.88125 0.104688 0.8765620000000001 0.103125 0.8742190000000001 0.10703100000000002 0.8742190000000001 0.1125 0.8820309999999999 0.15390600000000002 0.8882809999999999 0.17421899999999998 0.886719 0.17968800000000001 0.8835940000000001 0.18125 0.8804690000000001 0.1875 0.878906 0.196094 0.875 0.275781 0.878125 0.288281 0.8851559999999999 0.303906 0.8914059999999999 0.31171899999999997 0.894531 0.31171899999999997 0.8976559999999999 0.307813 0.898438 0.298438 0.9046879999999999 0.275781
0 0.928125 0.371875 0.9195309999999999 0.3625 0.917188 0.353125 0.917188 0.339063 0.9148440000000001 0.334375 0.9085940000000001 0.329688 0.909375 0.317187 0.90625 0.314063 0.903125 0.314063 0.895312 0.322656 0.895312 0.342187 0.9 0.350781 0.9039059999999999 0.35156200000000004 0.90625 0.354688 0.9078120000000001 0.365625 0.9117190000000001 0.369531 0.910156 0.373437 0.910937 0.38125 0.9242190000000001 0.419531 0.9398440000000001 0.442187 0.9476559999999999 0.446094 0.95 0.44375 0.9476559999999999 0.42265600000000003 0.928125 0.371875
0 1 0.45 0.9976559999999999 0.449219 0.990625 0.435937 0.9867190000000001 0.432813 0.9820309999999999 0.432813 0.980469 0.425 0.96875 0.400781 0.9585940000000001 0.3875 0.954688 0.386719 0.953125 0.4125 0.957031 0.428906 0.9632809999999999 0.43671899999999997 0.971875 0.440625 0.973438 0.446875 0.980469 0.457812 0.9820309999999999 0.464063 0.9898440000000001 0.478125 0.99375 0.48125 1 0.480469 1 0.45
0 0.9367190000000001 0.0625 0.909375 0.058594 0.8970309999999999 0.057031 0.888359 0.065391 0.869844 0.061875 0.884609 0.075469 0.901016 0.071797 0.9085940000000001 0.085156 0.9195309999999999 0.09531300000000001 0.926562 0.099219 0.9476559999999999 0.10234399999999999 0.959375 0.101562 0.9773440000000001 0.09218699999999999 0.98125 0.088281 0.979687 0.084375 0.975 0.080469 0.9367190000000001 0.0625
0 0.734375 0 0.735938 0.007031 0.739063 0.011719 0.739844 0.021875 0.742969 0.026562999999999996 0.750781 0.028905999999999998 0.769531 0.029687 0.771875 0.032031 0.771875 0.041406 0.7828120000000001 0.058594 0.8296870000000001 0.098437 0.8375 0.10234399999999999 0.8429690000000001 0.1 0.8429690000000001 0.09531300000000001 0.8375 0.086719 0.8351559999999999 0.078906 0.8257809999999999 0.061719 0.8125 0.042969 0.790625 0.028125 0.778906 0.027344 0.776562 0.025781 0.778125 0.017969 0.782031 0.014844 0.783594 0.010938 0.783594 0 0.734375 0
1 0.644531 0.171094 0.627344 0.171875 0.621875 0.16875 0.578906 0.16406199999999999 0.552344 0.164844 0.525 0.16953100000000002 0.517969 0.173438 0.517969 0.178125 0.534375 0.18515600000000002 0.566406 0.190625 0.601562 0.18984399999999998 0.615625 0.185937 0.625 0.178125 0.65 0.18984399999999998 0.6875 0.18984399999999998 0.6875 0.18515600000000002 0.657813 0.173438 0.644531 0.171094
1 0.577344 0.225781 0.572656 0.226562 0.567188 0.23281200000000002 0.5625 0.235156 0.564063 0.239844 0.571875 0.23828100000000002 0.577344 0.25 0.5875 0.258594 0.614844 0.270312 0.623437 0.272656 0.629688 0.271875 0.628125 0.267188 0.621094 0.260156 0.577344 0.225781
0 0.673438 0.259375 0.672656 0.271094 0.667969 0.279687 0.657031 0.285156 0.654687 0.290625 0.645313 0.29765600000000003 0.633594 0.31328100000000003 0.61875 0.345313 0.616406 0.361719 0.61875 0.364844 0.623437 0.3625 0.655469 0.324219 0.660938 0.315625 0.664062 0.30468799999999996 0.672656 0.302344 0.679688 0.29609399999999997 0.697656 0.261719 0.703906 0.254687 0.704688 0.251563 0.701562 0.242969 0.698437 0.24609399999999998 0.692188 0.24765600000000002 0.673438 0.259375
0 0.55 0.12265600000000002 0.549219 0.104688 0.545312 0.090625 0.541406 0.085938 0.533594 0.082812 0.530469 0.071094 0.514062 0.053905999999999996 0.5 0.044531 0.482031 0.036719 0.482031 0.04375 0.494531 0.085156 0.508594 0.090625 0.529687 0.08984400000000001 0.525781 0.09531300000000001 0.525781 0.099219 0.529687 0.113281 0.540625 0.13671899999999998 0.545312 0.141406 0.549219 0.142188 0.551563 0.13828100000000002 0.551563 0.126563 0.55 0.12265600000000002
0 0.73125 0.177344 0.729687 0.173438 0.7125 0.155469 0.691406 0.139062 0.682031 0.135156 0.671875 0.13281199999999999 0.659375 0.13281199999999999 0.653906 0.135156 0.651562 0.133594 0.642188 0.13671899999999998 0.636719 0.135938 0.630469 0.1375 0.623437 0.132031 0.607812 0.128125 0.596094 0.129687 0.585156 0.128125 0.567188 0.135938 0.555469 0.13828100000000002 0.548438 0.14375 0.54375 0.142188 0.539844 0.149219 0.539844 0.15859399999999998 0.552344 0.159375 0.575 0.16406199999999999 0.60625 0.164844 0.622656 0.16015600000000002 0.632812 0.15234399999999998 0.642969 0.140625 0.646875 0.145312 0.647656 0.150781 0.655469 0.163281 0.666406 0.17421899999999998 0.669531 0.182813 0.672656 0.18125 0.677344 0.182031 0.679688 0.18515600000000002 0.678906 0.18984399999999998 0.688281 0.190625 0.697656 0.197656 0.709375 0.202344 0.713281 0.20625 0.744531 0.21718700000000002 0.745312 0.20468799999999998 0.736719 0.180469 0.73125 0.177344
2 0.728906 0.029687 0.721094 0.0375 0.720313 0.040625 0.715625 0.045312000000000005 0.711484 0.049686999999999995 0.70625 0.054688 0.697187 0.062813 0.688828 0.071562 0.696875 0.069922 0.707813 0.069531 0.7125 0.06875 0.725 0.060156 0.738281 0.046875 0.742188 0.038280999999999996 0.742188 0.03125 0.7375 0.025 0.730469 0.023438 0.726562 0.025 0.728906 0.029687
2 0.646094 0.046875 0.641406 0.042187999999999996 0.634375 0.041406 0.633594 0.045312000000000005 0.635156 0.048437999999999995 0.634375 0.053905999999999996 0.638281 0.085938 0.639844 0.088281 0.642969 0.088281 0.647656 0.07656199999999999 0.649219 0.054688 0.646094 0.046875
0 0.446094 0 0.446875 0.010156 0.45625 0.020312 0.463281 0.021093999999999998 0.466406 0.015625 0.46875 0.017969 0.467187 0.028905999999999998 0.458594 0.029687 0.45625 0.032812999999999995 0.45625 0.053125 0.4625 0.06640599999999999 0.472656 0.08203099999999999 0.491406 0.099219 0.494531 0.096875 0.49375 0.07968800000000001 0.480469 0.035156 0.475781 0.028905999999999998 0.475781 0.025 0.477344 0.023438 0.490625 0.024218999999999997 0.495313 0.022656000000000003 0.49921899999999997 0.014062 0.501563 0 0.464844 0 0.464844 0.009375 0.463281 0.010156 0.461719 0 0.446094 0
0 0.39843799999999996 0 0.39843799999999996 0.0023439999999999997 0.407813 0.010156 0.42265600000000003 0.013281000000000001 0.419531 0.014844 0.419531 0.025 0.432813 0.0375 0.425781 0.046875 0.423438 0.054688 0.42265600000000003 0.070312 0.420312 0.07968800000000001 0.421875 0.10781199999999999 0.425781 0.126563 0.430469 0.139062 0.442187 0.154687 0.451562 0.161719 0.454688 0.157813 0.457031 0.126563 0.45625 0.08984400000000001 0.457812 0.057031 0.453125 0.048437999999999995 0.455469 0.035937000000000004 0.45390600000000003 0.032031 0.432031 0.013281000000000001 0.432031 0.010938 0.428906 0.008594000000000001 0.428125 0.004687 0.424219 0 0.39843799999999996 0
0 0.420312 0.08203099999999999 0.417969 0.078125 0.40546899999999997 0.07421900000000001 0.390625 0.072656 0.380469 0.075 0.376563 0.072656 0.373437 0.061719 0.371094 0.0625 0.370313 0.060156 0.361719 0.060156 0.34375 0.051562 0.329688 0.053125 0.307813 0.047656 0.303906 0.048437999999999995 0.303906 0.053125 0.309375 0.058594 0.329688 0.071875 0.34453100000000003 0.078906 0.363281 0.080469 0.369531 0.082812 0.373437 0.0875 0.37578100000000003 0.080469 0.378125 0.078906 0.38125 0.084375 0.38984399999999997 0.11640600000000001 0.40625 0.135156 0.410937 0.135938 0.415625 0.140625 0.425 0.14453100000000002 0.432813 0.14296899999999998 0.425 0.124219 0.42109399999999997 0.104688 0.420312 0.08203099999999999
2 0.275 0.022656000000000003 0.253906 0.048437999999999995 0.254687 0.052344 0.263281 0.05 0.277344 0.039844000000000004 0.291406 0.032812999999999995 0.299219 0.025 0.301562 0.013281000000000001 0.298438 0.0125 0.288281 0.014844 0.275 0.022656000000000003
1 0.219531 0.0875 0.20468799999999998 0.101562 0.194531 0.11640600000000001 0.18515600000000002 0.126563 0.178125 0.140625 0.171875 0.160937 0.172656 0.167188 0.17968800000000001 0.165625 0.197656 0.151563 0.22343700000000002 0.120313 0.23593799999999998 0.098437 0.23906200000000002 0.083594 0.23671899999999998 0.08125 0.228906 0.08203099999999999 0.225781 0.07968800000000001 0.226562 0.064844 0.225 0.0625 0.22031299999999998 0.06875 0.21875 0.07421900000000001 0.219531 0.0875
1 0.325 0.282813 0.321875 0.278906 0.32031200000000004 0.251563 0.317187 0.249219 0.307031 0.254687 0.307031 0.283594 0.314844 0.298438 0.322656 0.307813 0.325781 0.307031 0.323438 0.291406 0.325 0.282813
3 0.720313 1 0.717187 0.9859370000000001 0.710156 0.970313 0.696875 0.9539059999999999 0.692188 0.9507809999999999 0.694531 0.9445309999999999 0.695312 0.9304690000000001 0.689844 0.914062 0.689844 0.9070309999999999 0.6875 0.9 0.691406 0.8648440000000001 0.686719 0.851562 0.680469 0.8492190000000001 0.676563 0.8523440000000001 0.657031 0.8890629999999999 0.653906 0.902344 0.653906 0.914062 0.657031 0.9242190000000001 0.657031 0.9351559999999999 0.651562 0.94375 0.638281 0.954688 0.628906 0.9710940000000001 0.632031 0.972656 0.654687 0.960938 0.660938 0.9554690000000001 0.672656 0.9539059999999999 0.676563 0.9625 0.677344 1 0.720313 1
0 0.177344 0.255469 0.142188 0.270312 0.121875 0.296875 0.11875 0.309375 0.11875 0.32031200000000004 0.12734399999999998 0.31875 0.14843800000000001 0.30468799999999996 0.175 0.27343799999999996 0.18359399999999998 0.271875 0.196875 0.265625 0.20156200000000002 0.265625 0.203125 0.260938 0.20156200000000002 0.259375 0.184375 0.25781200000000004 0.177344 0.255469
0 0.35625 0.336719 0.349219 0.342187 0.346094 0.357031 0.342187 0.353906 0.328125 0.350781 0.30468799999999996 0.350781 0.28203100000000003 0.354688 0.275 0.357812 0.272656 0.361719 0.307031 0.363281 0.322656 0.361719 0.328125 0.359375 0.345313 0.359375 0.346094 0.361719 0.352344 0.363281 0.355469 0.366406 0.375 0.365625 0.390625 0.35859399999999997 0.413281 0.34453100000000003 0.428125 0.329688 0.428906 0.325 0.423438 0.323438 0.364062 0.333594 0.35625 0.336719
0 0.233594 0.300781 0.221875 0.298438 0.2125 0.29375 0.18359399999999998 0.294531 0.149219 0.30468799999999996 0.133594 0.314844 0.120313 0.321094 0.098437 0.341406 0.096094 0.346094 0.096094 0.350781 0.099219 0.354688 0.10781199999999999 0.355469 0.124219 0.353125 0.13125 0.350781 0.140625 0.34453100000000003 0.16406199999999999 0.336719 0.194531 0.332812 0.21640600000000002 0.321094 0.22031299999999998 0.326562 0.23281200000000002 0.334375 0.23593799999999998 0.341406 0.244531 0.349219 0.267188 0.359375 0.271875 0.353906 0.261719 0.33125 0.24609399999999998 0.310937 0.233594 0.300781
0 0.359375 0.36875 0.357031 0.371094 0.35625 0.378906 0.35156200000000004 0.388281 0.350781 0.403125 0.357031 0.411719 0.325781 0.425781 0.29375 0.449219 0.278125 0.467187 0.275 0.473437 0.275 0.479688 0.279687 0.482031 0.292188 0.482031 0.308594 0.478906 0.317187 0.475 0.322656 0.464844 0.325781 0.464844 0.330469 0.471875 0.335156 0.471875 0.354688 0.447656 0.35859399999999997 0.439844 0.361719 0.428125 0.36015600000000003 0.419531 0.3625 0.416406 0.3625 0.4125 0.370313 0.410156 0.38281200000000004 0.388281 0.386719 0.369531 0.385156 0.363281 0.378906 0.364062 0.372656 0.36718799999999996 0.359375 0.36875
0 0 0.383594 0.010938 0.385938 0.058594 0.386719 0.08203099999999999 0.382031 0.1 0.383594 0.11796899999999999 0.38125 0.129687 0.377344 0.12343699999999999 0.36875 0.11171899999999998 0.360938 0.094531 0.359375 0.084375 0.361719 0.084375 0.357031 0.07656199999999999 0.355469 0.053125 0.357812 0.017188000000000002 0.35625 0 0.359375 0 0.383594
0 0 0.16015600000000002 0.021093999999999998 0.180469 0.032031 0.1875 0.032812999999999995 0.20078100000000002 0.036719 0.20625 0.051562 0.211719 0.046875 0.219531 0.046875 0.22968799999999998 0.049219 0.240625 0.055469000000000004 0.254687 0.067187 0.26640600000000003 0.078906 0.27343799999999996 0.084375 0.27343799999999996 0.084375 0.267188 0.06875 0.23203100000000002 0.067969 0.224219 0.0625 0.210156 0.0625 0.20468799999999998 0.057031 0.202344 0.051562 0.203125 0.049219 0.20078100000000002 0.052344 0.196094 0.057813 0.196875 0.065625 0.194531 0.06640599999999999 0.190625 0.06875 0.18984399999999998 0.06875 0.182813 0.063281 0.17968800000000001 0.060156 0.182813 0.058594 0.18125 0.060156 0.177344 0.046094 0.16406199999999999 0.045312000000000005 0.160937 0.041406 0.160937 0.036719 0.15625 0.025 0.150781 0.004687 0.133594 0 0.13281199999999999 0 0.16015600000000002
0 0.101562 0.10703100000000002 0.094531 0.094531 0.0875 0.092969 0.07656199999999999 0.09531300000000001 0.069531 0.099219 0.06640599999999999 0.10390600000000001 0.06406300000000001 0.115625 0.07421900000000001 0.126563 0.083594 0.133594 0.098437 0.139844 0.11171899999999998 0.139844 0.11953100000000001 0.12890600000000002 0.13671899999999998 0.114062 0.13828100000000002 0.10703100000000002 0.130469 0.101562 0.11484399999999999 0.11953100000000001 0.101562 0.10703100000000002
2 0.233594 0.15859399999999998 0.23046899999999998 0.161719 0.234375 0.16796899999999998 0.239844 0.16953100000000002 0.259375 0.170312 0.278906 0.16796899999999998 0.278906 0.164844 0.260156 0.15859399999999998 0.233594 0.15859399999999998
0 0.427344 0.192969 0.41875 0.196094 0.413281 0.196094 0.409375 0.192187 0.403125 0.192187 0.397656 0.194531 0.384375 0.20703100000000002 0.367969 0.228906 0.361719 0.242969 0.360938 0.25 0.363281 0.251563 0.36875 0.25078100000000003 0.38281200000000004 0.23671899999999998 0.3875 0.235156 0.394531 0.228906 0.410937 0.209375 0.415625 0.2 0.419531 0.20546899999999998 0.432031 0.20546899999999998 0.442187 0.20156200000000002 0.45 0.19531199999999999 0.454688 0.19375 0.459375 0.188281 0.44531200000000004 0.189063 0.441406 0.19140600000000002 0.427344 0.192969
2 0.474219 0.353125 0.46796899999999997 0.347656 0.46093799999999996 0.336719 0.45390600000000003 0.329688 0.440625 0.321875 0.435156 0.321094 0.428906 0.323438 0.428125 0.330469 0.4375 0.34296899999999997 0.458594 0.35625 0.463281 0.361719 0.473437 0.367969 0.478125 0.367969 0.479688 0.366406 0.479688 0.363281 0.475 0.357031 0.474219 0.353125
0 0.489844 0.210156 0.482031 0.21484399999999998 0.475781 0.225781 0.465625 0.226562 0.457031 0.22968799999999998 0.426562 0.259375 0.42109399999999997 0.267188 0.420312 0.271875 0.42265600000000003 0.274219 0.435156 0.27343799999999996 0.451562 0.26640600000000003 0.475781 0.244531 0.478906 0.23906200000000002 0.480469 0.23125 0.482031 0.23046899999999998 0.488281 0.234375 0.494531 0.235156 0.5125 0.225 0.516406 0.219531 0.5125 0.215625 0.5125 0.2125 0.507031 0.20781200000000002 0.497656 0.210938 0.489844 0.210156
1 0 0.635156 0.0023439999999999997 0.635156 0.005469 0.629688 0.016406 0.621094 0.030469000000000003 0.615625 0.03125 0.610938 0.014844 0.60625 0 0.60625 0 0.635156
0 0.18125 0.51875 0.178125 0.528125 0.17421899999999998 0.532813 0.175 0.5375 0.17968800000000001 0.540625 0.182813 0.540625 0.18359399999999998 0.544531 0.17421899999999998 0.55 0.166406 0.546875 0.164844 0.548438 0.16875 0.557031 0.163281 0.564844 0.160937 0.573437 0.151563 0.591406 0.145312 0.614844 0.146094 0.625 0.150781 0.621875 0.16015600000000002 0.609375 0.171094 0.585938 0.178125 0.577344 0.184375 0.577344 0.18984399999999998 0.573437 0.19921899999999998 0.559375 0.20468799999999998 0.528125 0.20625 0.500781 0.20156200000000002 0.497656 0.196875 0.496875 0.192187 0.5 0.18125 0.51875
2 0.242969 0.55625 0.24375 0.566406 0.24843700000000002 0.564063 0.252344 0.557031 0.25625 0.541406 0.258594 0.538281 0.258594 0.522656 0.257031 0.520313 0.254687 0.521094 0.249219 0.530469 0.242969 0.55625
3 0.642969 0.490625 0.627344 0.473437 0.614063 0.465625 0.611719 0.446094 0.605469 0.446094 0.603906 0.44375 0.60625 0.40546899999999997 0.607812 0.401563 0.607031 0.385938 0.600781 0.395312 0.6 0.400781 0.596875 0.403906 0.6 0.407813 0.592969 0.42109399999999997 0.5875 0.442969 0.588281 0.447656 0.585156 0.463281 0.58125 0.466406 0.566406 0.464844 0.567969 0.46875 0.577344 0.475 0.576562 0.482812 0.567969 0.504688 0.567969 0.521875 0.571094 0.525781 0.576562 0.525781 0.586719 0.520313 0.6 0.50625 0.603906 0.504688 0.6125 0.511719 0.626563 0.517969 0.653125 0.523438 0.657813 0.522656 0.657813 0.516406 0.652344 0.510937 0.642969 0.490625
0 0.748437 0.894531 0.732812 0.9054690000000001 0.696875 0.9234370000000001 0.694531 0.933594 0.696094 0.941406 0.700781 0.94375 0.721094 0.94375 0.748437 0.9359379999999999 0.764844 0.921875 0.772656 0.9046879999999999 0.775 0.9046879999999999 0.7828120000000001 0.9125 0.808672 0.907891 0.7896880000000001 0.9043749999999999 0.777344 0.898438 0.776562 0.8875 0.775 0.8851559999999999 0.778906 0.8820309999999999 0.778906 0.8765620000000001 0.770313 0.8765620000000001 0.757812 0.884375 0.748437 0.894531
2 0.9617190000000001 0.903125 0.9585940000000001 0.902344 0.9554690000000001 0.9070309999999999 0.953125 0.921875 0.9585940000000001 0.928125 0.960938 0.928125 0.964844 0.9242190000000001 0.964844 0.9148440000000001 0.9617190000000001 0.903125
0 0.859375 0.788281 0.8445309999999999 0.792969 0.8382809999999999 0.800781 0.8367190000000001 0.7984370000000001 0.8289059999999999 0.796094 0.815625 0.796094 0.803125 0.8 0.780469 0.8101559999999999 0.770313 0.81875 0.773438 0.8226559999999999 0.782031 0.8265629999999999 0.794531 0.8265629999999999 0.8289059999999999 0.81875 0.8414059999999999 0.8109379999999999 0.8421879999999999 0.8054690000000001 0.8617190000000001 0.809375 0.8820309999999999 0.809375 0.9132809999999999 0.803125 0.914062 0.7984370000000001 0.894531 0.790625 0.878125 0.788281 0.859375 0.788281
0 0.624219 0.879687 0.610156 0.870312 0.604687 0.8617190000000001 0.6 0.859375 0.592187 0.851562 0.5875 0.8523440000000001 0.5875 0.8578129999999999 0.590625 0.8609370000000001 0.591406 0.8734379999999999 0.588281 0.8757809999999999 0.579688 0.878125 0.540625 0.8820309999999999 0.5375 0.884375 0.5375 0.8890629999999999 0.547656 0.895312 0.557812 0.8976559999999999 0.569531 0.8976559999999999 0.5875 0.8921870000000001 0.596094 0.884375 0.617188 0.9148440000000001 0.63125 0.9289059999999999 0.641406 0.934375 0.647656 0.933594 0.650781 0.9304690000000001 0.649219 0.9164059999999999 0.640625 0.898438 0.624219 0.879687
0 0.439063 0.8890629999999999 0.421875 0.8664059999999999 0.411719 0.85625 0.400781 0.839844 0.394531 0.832813 0.39140600000000003 0.832031 0.3875 0.8367190000000001 0.38125 0.8382809999999999 0.376563 0.84375 0.36875 0.8695309999999999 0.36875 0.882812 0.373437 0.88125 0.379687 0.865625 0.379687 0.8617190000000001 0.385156 0.8578129999999999 0.385938 0.8914059999999999 0.39375 0.910156 0.4 0.917188 0.407813 0.9203129999999999 0.408594 0.928125 0.421875 0.9398440000000001 0.435937 0.94375 0.444531 0.9429690000000001 0.447656 0.939063 0.446875 0.9078120000000001 0.439063 0.8890629999999999
0 0.540625 0.723438 0.521094 0.721875 0.510156 0.724219 0.508594 0.726562 0.508594 0.735156 0.503125 0.742188 0.49375 0.74375 0.4625 0.759375 0.45 0.771094 0.432031 0.775 0.430469 0.78125 0.432031 0.783594 0.44531200000000004 0.785156 0.458594 0.791406 0.473437 0.791406 0.482812 0.7875 0.482812 0.783594 0.48515600000000003 0.782031 0.48515600000000003 0.7796879999999999 0.498437 0.76875 0.503906 0.75625 0.503906 0.75 0.507031 0.746094 0.523438 0.748437 0.540625 0.755469 0.565625 0.753906 0.592187 0.74375 0.596094 0.739063 0.608594 0.735156 0.621094 0.725 0.620312 0.721094 0.611719 0.719531 0.579688 0.719531 0.540625 0.723438
0 0.233594 0.851562 0.228125 0.8492190000000001 0.217969 0.8492190000000001 0.20468799999999998 0.851562 0.197656 0.8492190000000001 0.182813 0.848438 0.178906 0.8453120000000001 0.163438 0.8412499999999999 0.17578100000000002 0.8539059999999999 0.182031 0.855469 0.18515600000000002 0.8585940000000001 0.20468799999999998 0.8585940000000001 0.209375 0.8617190000000001 0.2125 0.8679690000000001 0.23125 0.8679690000000001 0.244531 0.865625 0.264062 0.8578129999999999 0.261719 0.853125 0.252344 0.8492190000000001 0.233594 0.851562
0 0.21875 0.7984370000000001 0.20625 0.8101559999999999 0.20546899999999998 0.823437 0.203125 0.8273440000000001 0.18515600000000002 0.832813 0.178125 0.8375 0.175 0.8421879999999999 0.180469 0.8445309999999999 0.1875 0.8445309999999999 0.203125 0.839844 0.213281 0.839062 0.22031299999999998 0.832813 0.226562 0.832813 0.234375 0.8296870000000001 0.24765600000000002 0.8179690000000001 0.258594 0.7953129999999999 0.258594 0.786719 0.257031 0.785156 0.25078100000000003 0.785938 0.21875 0.7984370000000001
2 0.082812 0.945312 0.077344 0.9476559999999999 0.067969 0.9476559999999999 0.0625 0.9507809999999999 0.06875 0.9554690000000001 0.09375 0.959375 0.12734399999999998 0.9554690000000001 0.10703100000000002 0.945312 0.1 0.94375 0.082812 0.945312
1 0.157031 0.690625 0.139844 0.700781 0.13281199999999999 0.709375 0.135156 0.710938 0.14296899999999998 0.705469 0.150781 0.702344 0.155469 0.702344 0.157031 0.721094 0.16015600000000002 0.726562 0.19031199999999998 0.746172 0.182031 0.733594 0.173438 0.71875 0.171875 0.703125 0.16953100000000002 0.697656 0.178125 0.686719 0.182813 0.685156 0.172656 0.683594 0.163281 0.689063 0.157031 0.690625
0 0.371875 0.639844 0.364844 0.642969 0.3625 0.646094 0.360938 0.654687 0.345313 0.65625 0.325 0.665625 0.319531 0.670312 0.309375 0.675 0.26640600000000003 0.70625 0.23828100000000002 0.736719 0.23828100000000002 0.744531 0.253125 0.745312 0.260156 0.74375 0.29375 0.729687 0.309375 0.721094 0.340625 0.699219 0.357031 0.682812 0.365625 0.665625 0.38125 0.68125 0.38984399999999997 0.682031 0.399219 0.678125 0.407813 0.670312 0.424219 0.646875 0.424219 0.642188 0.416406 0.639062 0.388281 0.6375 0.371875 0.639844
0 0.308594 0.621094 0.315625 0.604687 0.322656 0.594531 0.32734399999999997 0.596875 0.340625 0.617188 0.349219 0.626563 0.35156200000000004 0.626563 0.353125 0.623437 0.342187 0.589062 0.332031 0.56875 0.333594 0.555469 0.330469 0.549219 0.336719 0.545312 0.338281 0.541406 0.338281 0.524219 0.334375 0.48359399999999997 0.330469 0.470313 0.326562 0.465625 0.32031200000000004 0.46796899999999997 0.31328100000000003 0.48125 0.309375 0.5 0.303906 0.541406 0.305469 0.545312 0.309375 0.548438 0.295312 0.564063 0.275781 0.603906 0.264062 0.634375 0.2625 0.653125 0.264062 0.659375 0.26640600000000003 0.661719 0.271875 0.6625 0.292188 0.646094 0.308594 0.621094
2 0.4 0.717187 0.390625 0.742188 0.38984399999999997 0.75 0.39140600000000003 0.752344 0.399219 0.746875 0.408594 0.734375 0.41406200000000004 0.723438 0.417969 0.710938 0.416406 0.685937 0.411719 0.686719 0.402344 0.704688 0.4 0.717187
2 0.35625 0.717187 0.350781 0.732812 0.349219 0.74375 0.353125 0.753125 0.357812 0.753906 0.37421899999999997 0.725 0.38125 0.707031 0.38125 0.7 0.377344 0.692969 0.372656 0.69375 0.365625 0.699219 0.35625 0.717187
2 0.428125 0.803125 0.411719 0.8195309999999999 0.403906 0.825 0.396875 0.8335940000000001 0.39843799999999996 0.835938 0.400781 0.8367190000000001 0.41875 0.8289059999999999 0.430469 0.81875 0.439063 0.804688 0.442187 0.7953129999999999 0.439844 0.7875 0.435156 0.786719 0.433594 0.79375 0.428125 0.803125