0 0 0.771094 0.0023439999999999997 0.771875 0.029687 0.810937 0.036719 0.8179690000000001 0.04375 0.817187 0.045312000000000005 0.8132809999999999 0.04375 0.795312 0.036719 0.776563 0.020313 0.758594 0.008594000000000001 0.750781 0 0.748437 0 0.771094
0 0.56875 0.397656 0.564063 0.402344 0.563281 0.432031 0.546094 0.480469 0.546094 0.48515600000000003 0.547656 0.486719 0.559375 0.480469 0.571875 0.467187 0.579688 0.45390600000000003 0.5875 0.435156 0.589844 0.425 0.589063 0.402344 0.585938 0.397656 0.576562 0.392188 0.571094 0.392188 0.56875 0.397656
1 0.334766 0.557031 0.32890600000000003 0.556641 0.309375 0.533203 0.292578 0.528125 0.286328 0.496094 0.271094 0.49570299999999995 0.270703 0.517188 0.278125 0.517578 0.280078 0.521094 0.283203 0.545312 0.296875 0.5457029999999999 0.305469 0.556641 0.317578 0.564844 0.317969 0.572266 0.334375 0.572266 0.334766 0.557031
1 0.459766 0.8226559999999999 0.45390600000000003 0.8222659999999999 0.439063 0.8066409999999999 0.415625 0.791016 0.408203 0.789062 0.404687 0.7644529999999999 0.38984399999999997 0.7644529999999999 0.389453 0.801562 0.403125 0.805078 0.41132799999999997 0.817187 0.44257799999999997 0.8460940000000001 0.442969 0.8535159999999999 0.459375 0.8535159999999999 0.459766 0.8226559999999999
1 0.8644529999999999 0.650781 0.8664059999999999 0.6457029999999999 0.872266 0.645312 0.872266 0.635156 0.8664059999999999 0.634766 0.862891 0.625781 0.8503909999999999 0.615625 0.8535159999999999 0.610938 0.8535159999999999 0.602344 0.8414059999999999 0.601953 0.839063 0.609766 0.8332029999999999 0.610156 0.8332029999999999 0.623437 0.841016 0.625781 0.855078 0.657031 0.8582029999999999 0.671875 0.8625 0.672266 0.8644529999999999 0.650781
1 0.022656000000000003 0.278516 0.05 0.273828 0.069531 0.258203 0.090625 0.24726599999999999 0.10390600000000001 0.23164099999999999 0.109766 0.23125 0.109766 0.21484399999999998 0.075781 0.214453 0.075391 0.221875 0.06132800000000001 0.23046899999999998 0.05 0.248828 0.019531 0.250391 0.014844 0.251953 0.010936999999999999 0.258203 0.0023439999999999997 0.259766 0.0019529999999999999 0.284375 0.021875 0.28476599999999996 0.022656000000000003 0.278516
1 0.283203 0.29218700000000003 0.283203 0.263281 0.280078 0.24609399999999998 0.233594 0.245703 0.233203 0.26093700000000003 0.240625 0.261328 0.26484399999999997 0.289453 0.279687 0.295703 0.283203 0.29218700000000003
1 0.741406 0.7378910000000001 0.757812 0.736328 0.769531 0.731641 0.796875 0.730078 0.797266 0.725781 0.780469 0.7238279999999999 0.773828 0.720313 0.773438 0.714453 0.750781 0.714453 0.75 0.720703 0.741406 0.7222660000000001 0.727344 0.731641 0.7238279999999999 0.724219 0.7175779999999999 0.720313 0.717187 0.714453 0.6394529999999999 0.714844 0.639844 0.730078 0.695312 0.7378910000000001 0.711719 0.744141 0.734375 0.747266 0.741406 0.7378910000000001
1 0.534375 0.086328 0.519531 0.084766 0.505469 0.087891 0.48945299999999997 0.070312 0.487891 0.058594 0.47695299999999996 0.058594 0.47695299999999996 0.079687 0.486328 0.08203099999999999 0.49257799999999996 0.092188 0.49882799999999994 0.096094 0.49921899999999997 0.10351600000000001 0.534375 0.10351600000000001 0.534375 0.086328
1 0.619141 0.783594 0.626953 0.775 0.625391 0.752344 0.634766 0.740625 0.63125 0.726953 0.619531 0.726953 0.616016 0.740625 0.6082029999999999 0.742969 0.6082029999999999 0.790625 0.61875 0.791016 0.619141 0.783594
0 0.023438 0.657031 0.024218999999999997 0.664844 0.032031 0.688281 0.036719 0.697656 0.041406 0.700781 0.049219 0.695312 0.050781 0.690625 0.050781 0.679688 0.046875 0.653125 0.039844000000000004 0.635938 0.032031 0.629687 0.021093999999999998 0.627344 0.019531 0.647656 0.023438 0.657031
0 0.51875 0.549219 0.533594 0.571875 0.538281 0.588281 0.545312 0.603125 0.55 0.6 0.55625 0.575781 0.563281 0.560937 0.5625 0.555469 0.553125 0.544531 0.540625 0.545312 0.533594 0.539062 0.528125 0.539062 0.519531 0.54375 0.51875 0.549219
0 0.209375 0.863281 0.220312 0.8773440000000001 0.22343799999999997 0.884375 0.228906 0.885938 0.23125 0.88125 0.23203100000000002 0.86875 0.228906 0.857812 0.220312 0.84375 0.210156 0.834375 0.19921899999999998 0.8273440000000001 0.182031 0.821875 0.175 0.821875 0.17968800000000001 0.832031 0.209375 0.863281
0 0.8507809999999999 0.9351559999999999 0.8539059999999999 0.940625 0.857812 0.9601559999999999 0.860938 0.9601559999999999 0.86875 0.9695309999999999 0.8835940000000001 0.967187 0.8875 0.9625 0.879687 0.954688 0.88125 0.9523440000000001 0.8804690000000001 0.946875 0.8773440000000001 0.9445309999999999 0.873437 0.9460940000000001 0.8625 0.9382809999999999 0.8570309999999999 0.9304690000000001 0.8523440000000001 0.9289059999999999 0.8507809999999999 0.9304690000000001 0.8507809999999999 0.9351559999999999
0 0.613281 0.545312 0.61875 0.548438 0.642188 0.555469 0.65 0.5625 0.654687 0.5625 0.65625 0.553125 0.658594 0.549219 0.658594 0.54375 0.65625 0.540625 0.646875 0.535156 0.635156 0.533594 0.613281 0.534375 0.603906 0.536719 0.599219 0.540625 0.603125 0.544531 0.613281 0.545312
0 0.767969 0.638281 0.750781 0.65 0.746875 0.655469 0.732812 0.661719 0.730469 0.665625 0.732031 0.670312 0.741406 0.670312 0.75625 0.665625 0.780469 0.654687 0.788281 0.646875 0.789844 0.642969 0.789062 0.638281 0.779687 0.633594 0.767969 0.638281
0 0.592969 0.409375 0.599219 0.410156 0.60625 0.415625 0.611719 0.416406 0.614844 0.42265600000000003 0.624219 0.427344 0.655469 0.428125 0.672656 0.435156 0.678125 0.435156 0.682813 0.43125 0.699219 0.423438 0.717187 0.42109399999999997 0.74375 0.4125 0.742188 0.407813 0.7375 0.403906 0.7125 0.40156200000000003 0.690625 0.404687 0.665625 0.41718700000000003 0.664062 0.415625 0.6625 0.404687 0.657031 0.4 0.648438 0.397656 0.609375 0.396094 0.595313 0.399219 0.590625 0.402344 0.590625 0.40625 0.592969 0.409375
0 0.441406 0.314063 0.43671899999999997 0.338281 0.43125 0.346875 0.425781 0.367969 0.427344 0.377344 0.43281200000000003 0.376563 0.433594 0.373437 0.439844 0.36718799999999996 0.439063 0.346094 0.447656 0.335156 0.45 0.32890600000000003 0.450781 0.310937 0.453125 0.307031 0.451562 0.303906 0.446875 0.303906 0.441406 0.314063
0 0.330469 0.325781 0.317969 0.346094 0.31718799999999997 0.36015600000000003 0.32343700000000003 0.373437 0.321094 0.37578100000000003 0.315625 0.376563 0.314844 0.392969 0.317969 0.410156 0.321875 0.417969 0.326562 0.41718700000000003 0.336719 0.400781 0.334375 0.377344 0.32890600000000003 0.361719 0.33281299999999997 0.347656 0.338281 0.342187 0.338281 0.338281 0.341406 0.33593799999999996 0.34296899999999997 0.329688 0.350781 0.317969 0.35156200000000004 0.314063 0.35 0.3125 0.34296899999999997 0.315625 0.330469 0.325781
0 0.440625 0.109375 0.428906 0.124219 0.416406 0.145313 0.413281 0.154688 0.407813 0.161719 0.40703100000000003 0.16875 0.4 0.177344 0.4 0.18125 0.396875 0.186719 0.392969 0.189062 0.389062 0.184375 0.380469 0.18515600000000002 0.359375 0.20078100000000002 0.34453100000000003 0.21484399999999998 0.3375 0.224219 0.33281299999999997 0.235156 0.33281299999999997 0.240625 0.352344 0.234375 0.361719 0.226562 0.37421899999999997 0.219531 0.3875 0.20546899999999998 0.392969 0.203125 0.403906 0.18984399999999998 0.40625 0.18984399999999998 0.40546899999999997 0.18515600000000002 0.4125 0.17578100000000002 0.416406 0.167187 0.428906 0.15625 0.460156 0.11953100000000001 0.4625 0.109375 0.46875 0.096094 0.467187 0.08984400000000001 0.45781299999999997 0.092969 0.440625 0.109375
0 0.503906 0.053125 0.505469 0.057031 0.504687 0.060937 0.510938 0.06875 0.520312 0.072656 0.526563 0.08125 0.534375 0.103125 0.535937 0.11484399999999999 0.542969 0.11484399999999999 0.546875 0.113281 0.548438 0.110156 0.557031 0.110156 0.560156 0.108594 0.572656 0.113281 0.572656 0.110937 0.569531 0.110156 0.569531 0.10703100000000002 0.564063 0.10703100000000002 0.560937 0.104688 0.560937 0.08984400000000001 0.548438 0.092188 0.545312 0.075781 0.545312 0.06640599999999999 0.542969 0.059375 0.525781 0.0375 0.50625 0.029687 0.492969 0.030469000000000003 0.488281 0.032812999999999995 0.49531200000000003 0.045312000000000005 0.503906 0.053125
0 0.667188 0.053125 0.674219 0.048437999999999995 0.700781 0.048437999999999995 0.702344 0.05625 0.710938 0.065625 0.715625 0.083594 0.720313 0.0875 0.726562 0.08125 0.728906 0.057813 0.732031 0.058594 0.741406 0.071094 0.747656 0.076563 0.752344 0.076563 0.753906 0.072656 0.753906 0.061719 0.75 0.052344 0.742188 0.045312000000000005 0.732812 0.040625 0.724219 0.040625 0.721875 0.038280999999999996 0.729688 0.030469000000000003 0.728906 0.026562000000000002 0.726562 0.025 0.707812 0.025 0.692969 0.029687 0.675 0.039844000000000004 0.664062 0.050781 0.664062 0.053125 0.667188 0.053125
0 0.741406 0.224219 0.750781 0.228125 0.7625 0.235937 0.785937 0.258594 0.803125 0.283594 0.809375 0.29609399999999997 0.815625 0.299219 0.8179690000000001 0.291406 0.815625 0.259375 0.810937 0.246875 0.801562 0.233594 0.788281 0.22265600000000002 0.764844 0.21406200000000003 0.751563 0.21406200000000003 0.739062 0.219531 0.738281 0.22109399999999998 0.741406 0.224219
0 0.925 0.20625 0.9273440000000001 0.21875 0.9351559999999999 0.217969 0.9367190000000001 0.219531 0.939063 0.23671899999999998 0.941406 0.239844 0.942187 0.252344 0.9445309999999999 0.25468799999999997 0.946875 0.264062 0.946875 0.271094 0.949219 0.27656200000000003 0.9539059999999999 0.27656200000000003 0.957812 0.271094 0.9617190000000001 0.24531200000000003 0.9617190000000001 0.228125 0.957812 0.211719 0.951562 0.20078100000000002 0.94375 0.192969 0.935937 0.188281 0.920312 0.18359399999999998 0.9125 0.18515600000000002 0.910156 0.18984399999999998 0.925 0.20625
1 0.59107511875 0.3622042921875 0.528516 0.26570299999999997 0.5832029999999999 0.364844 0.591016 0.3625 0.59107511875 0.3622042921875
1 0.634766 0.382031 0.627344 0.381641 0.620313 0.372266 0.6082029999999999 0.36718799999999996 0.617578 0.3375 0.617578 0.310156 0.6082029999999999 0.30156299999999997 0.607812 0.295703 0.591406 0.295703 0.5925779999999999 0.35468700000000003 0.59107511875 0.3622042921875 0.604688 0.383203 0.619531 0.395703 0.634375 0.397266 0.634766 0.382031
0 0.496094 0.9382809999999999 0.485938 0.9398440000000001 0.482812 0.94375 0.49218799999999996 0.948438 0.49921899999999997 0.948438 0.502344 0.942187 0.5 0.939063 0.496094 0.9382809999999999
0 0.588281 0.634375 0.578906 0.642188 0.578906 0.653906 0.58125 0.655469 0.591406 0.655469 0.617188 0.646875 0.639062 0.626563 0.657031 0.614062 0.660156 0.603906 0.659375 0.600781 0.636719 0.605469 0.588281 0.634375
0 0.47343799999999997 0.285156 0.466406 0.31171899999999997 0.467187 0.335156 0.470313 0.347656 0.474219 0.352344 0.478125 0.346094 0.480469 0.328125 0.48125 0.282813 0.47656200000000004 0.282813 0.47343799999999997 0.285156
0 0.821875 0.564063 0.8273440000000001 0.582031 0.8304690000000001 0.6 0.834375 0.603906 0.839063 0.600781 0.845313 0.586719 0.845313 0.572656 0.8414059999999999 0.555469 0.835938 0.544531 0.8304690000000001 0.538281 0.8148440000000001 0.529687 0.804688 0.527344 0.803125 0.530469 0.821875 0.564063
0 0.774219 0.46875 0.770312 0.471875 0.729688 0.482031 0.725 0.48515600000000003 0.725 0.4875 0.728125 0.490625 0.742188 0.492969 0.764062 0.491406 0.775781 0.486719 0.78125 0.48125 0.782813 0.474219 0.778125 0.46953100000000003 0.774219 0.46875
0 0.79375 0.450781 0.794531 0.461719 0.799219 0.461719 0.807813 0.451562 0.807813 0.43671899999999997 0.803125 0.428906 0.797656 0.430469 0.79375 0.450781
0 0.764844 0.4125 0.767188 0.42109399999999997 0.780469 0.423438 0.783594 0.420312 0.785937 0.424219 0.794531 0.427344 0.83125 0.428906 0.85 0.425 0.853125 0.42109399999999997 0.851562 0.411719 0.8460940000000001 0.408594 0.8226559999999999 0.409375 0.8054690000000001 0.4125 0.790625 0.41875 0.783594 0.41875 0.779687 0.411719 0.764062 0.40625 0.759375 0.407813 0.759375 0.410156 0.764844 0.4125
0 0.408594 0.35859399999999997 0.402344 0.37578100000000003 0.402344 0.38125 0.403906 0.38281200000000004 0.41406200000000004 0.38125 0.425781 0.36718799999999996 0.42656299999999997 0.360938 0.423438 0.350781 0.415625 0.350781 0.408594 0.35859399999999997
0 0.240625 0.296875 0.253906 0.299219 0.272656 0.3125 0.275 0.31875 0.289844 0.32343700000000003 0.295312 0.322656 0.29375 0.315625 0.295312 0.310156 0.28593799999999997 0.300781 0.27656200000000003 0.29609399999999997 0.24765600000000002 0.289844 0.23046899999999998 0.289844 0.217188 0.29375 0.219531 0.29765600000000003 0.240625 0.296875
0 0.4 0.26875 0.37031200000000003 0.282813 0.36718799999999996 0.28593799999999997 0.365625 0.291406 0.39531299999999997 0.29765600000000003 0.400781 0.296875 0.417969 0.278125 0.41875 0.271094 0.414844 0.267188 0.4 0.26875
0 0.3375 0.9601559999999999 0.353906 0.964844 0.363281 0.971875 0.392969 0.9757809999999999 0.392969 0.9695309999999999 0.378906 0.957812 0.369531 0.9523440000000001 0.355469 0.946875 0.346094 0.945312 0.3375 0.9460940000000001 0.33593799999999996 0.953125 0.3375 0.9601559999999999
0 0.707812 0.557813 0.732812 0.557813 0.749219 0.555469 0.751563 0.552344 0.725 0.547656 0.7 0.546094 0.686719 0.548438 0.672656 0.557031 0.680469 0.560156 0.707812 0.557813
0 0.378906 0.4125 0.357812 0.420312 0.346875 0.43125 0.34453100000000003 0.435937 0.35468700000000003 0.435156 0.38281200000000004 0.424219 0.407813 0.408594 0.420312 0.397656 0.420312 0.39531299999999997 0.409375 0.396875 0.378906 0.4125
0 0.3 0.302344 0.30156299999999997 0.307031 0.30781200000000003 0.310156 0.316406 0.310937 0.321875 0.31718799999999997 0.326562 0.316406 0.330469 0.310937 0.34453100000000003 0.31171899999999997 0.369531 0.307031 0.378906 0.307031 0.389062 0.30468799999999996 0.39531299999999997 0.305469 0.4 0.303125 0.399219 0.299219 0.396875 0.29765600000000003 0.359375 0.289844 0.33281299999999997 0.29218700000000003 0.325781 0.29609399999999997 0.321875 0.295312 0.314844 0.3 0.31328100000000003 0.298438 0.31171899999999997 0.282813 0.307031 0.28203100000000003 0.303125 0.275 0.298438 0.278125 0.295312 0.290625 0.296875 0.3 0.3 0.302344
0 0.676562 0.289844 0.675781 0.295312 0.679688 0.299219 0.68125 0.305469 0.684375 0.30468799999999996 0.685156 0.299219 0.694531 0.2875 0.698438 0.275781 0.697656 0.269531 0.685156 0.275 0.676562 0.289844
0 0.915625 0.134375 0.917188 0.154688 0.9148440000000001 0.16015600000000002 0.917969 0.166406 0.917188 0.170313 0.920312 0.171094 0.920312 0.165625 0.923438 0.159375 0.925 0.139844 0.9226559999999999 0.117188 0.920312 0.1125 0.917969 0.1125 0.9164059999999999 0.114062 0.915625 0.134375
0 0.747656 0.157812 0.739844 0.19531199999999999 0.736719 0.202344 0.7375 0.20703100000000002 0.744531 0.20546899999999998 0.751563 0.197656 0.75 0.19375 0.758594 0.180469 0.763281 0.16406199999999999 0.764844 0.15 0.764062 0.135937 0.760156 0.12265600000000002 0.75625 0.11640600000000001 0.751563 0.123438 0.747656 0.157812
0 0.01875 0.034375 0.025 0.039062 0.03125 0.050781 0.039844000000000004 0.076563 0.042969 0.078125 0.045312000000000005 0.076563 0.046094 0.067187 0.040625 0.036719 0.038280999999999996 0.032031 0.033594 0.028125 0.022656000000000003 0.026562000000000002 0.017969 0.028905999999999998 0.01875 0.034375
0 0.3 0.170313 0.321875 0.176563 0.328125 0.17421899999999998 0.319531 0.159375 0.3 0.147656 0.282813 0.14296899999999998 0.260156 0.14375 0.255469 0.146094 0.263281 0.15390600000000002 0.3 0.170313
0 0.064062 0.677344 0.063281 0.680469 0.057031 0.6875 0.054688 0.696094 0.063281 0.709375 0.06640599999999999 0.722656 0.06640599999999999 0.734375 0.069531 0.739062 0.07421900000000001 0.7375 0.077344 0.724219 0.077344 0.707812 0.075 0.7 0.06640599999999999 0.692969 0.069531 0.688281 0.071094 0.678906 0.073438 0.675 0.072656 0.670312 0.0625 0.673438 0.064062 0.677344
0 0.19375 0.878125 0.19375 0.892188 0.19140600000000002 0.902344 0.196875 0.9476559999999999 0.20078100000000002 0.9554690000000001 0.203125 0.9695309999999999 0.209375 0.9742190000000001 0.215625 0.9757809999999999 0.220312 0.980469 0.22343799999999997 0.980469 0.225781 0.982812 0.220312 0.984375 0.220312 0.9875 0.225 0.989062 0.235937 0.978125 0.2375 0.9742190000000001 0.235937 0.970313 0.23125 0.96875 0.21406200000000003 0.951562 0.21640600000000002 0.940625 0.21640600000000002 0.9117190000000001 0.213281 0.892188 0.20546899999999998 0.871875 0.201563 0.867188 0.196875 0.865625 0.196875 0.8726559999999999 0.19375 0.878125
0 0.532031 0.596875 0.514844 0.605469 0.501563 0.614844 0.490625 0.617969 0.484375 0.623437 0.478125 0.625 0.46875 0.639062 0.484375 0.639062 0.490625 0.635156 0.494531 0.627344 0.5125 0.627344 0.542969 0.615625 0.546094 0.611719 0.546094 0.60625 0.541406 0.595313 0.536719 0.592187 0.532031 0.596875
1 0.472266 0.552344 0.47851600000000005 0.551562 0.47851600000000005 0.541406 0.472656 0.541016 0.470703 0.5375 0.46757799999999994 0.514844 0.45820299999999997 0.496875 0.458594 0.49257799999999996 0.465625 0.49414100000000005 0.46914100000000003 0.488281 0.46093799999999996 0.48164100000000004 0.450781 0.48320299999999994 0.44843700000000003 0.486328 0.427344 0.48476600000000003 0.428516 0.446094 0.414844 0.44570299999999996 0.41445299999999996 0.496875 0.420312 0.49726600000000004 0.43007799999999996 0.503906 0.44257799999999997 0.521094 0.45039100000000004 0.539062 0.46289100000000005 0.552344 0.46289100000000005 0.559375 0.471875 0.559766 0.472266 0.552344
1 0.8 0.7863279999999999 0.826562 0.767578 0.836328 0.757812 0.839844 0.747266 0.85 0.7488279999999999 0.867188 0.742578 0.876953 0.734375 0.876953 0.727344 0.8570309999999999 0.726953 0.856641 0.732812 0.851562 0.736328 0.8257809999999999 0.736328 0.820312 0.744141 0.8117190000000001 0.747266 0.807813 0.7535160000000001 0.780469 0.772266 0.771875 0.781641 0.7644529999999999 0.782031 0.7644529999999999 0.795312 0.775 0.7957029999999999 0.8 0.7863279999999999
1 0.8597659999999999 0.710938 0.857812 0.7066410000000001 0.847656 0.705078 0.845313 0.695703 0.820703 0.696094 0.8210940000000001 0.711328 0.828125 0.711328 0.8351559999999999 0.720703 0.848437 0.720703 0.8597659999999999 0.710938
1 0.187891 0.22265600000000002 0.192578 0.217188 0.192578 0.18515600000000002 0.201953 0.166406 0.20976599999999998 0.16406199999999999 0.209375 0.139453 0.192969 0.139453 0.192578 0.145313 0.178516 0.16875 0.170703 0.171094 0.170703 0.21406200000000003 0.176953 0.215625 0.170703 0.21640600000000002 0.170703 0.228125 0.1875 0.228516 0.187891 0.22265600000000002
1 0.8644529999999999 0.649219 0.8664059999999999 0.6441410000000001 0.872266 0.64375 0.872266 0.636719 0.8664059999999999 0.636328 0.861328 0.624219 0.847266 0.615625 0.8535159999999999 0.610938 0.8535159999999999 0.602344 0.8414059999999999 0.601953 0.8375 0.611328 0.8269529999999999 0.611719 0.8269529999999999 0.621875 0.839063 0.622266 0.8425779999999999 0.625781 0.855078 0.657031 0.855078 0.665625 0.864062 0.666016 0.8644529999999999 0.649219
1 0.155078 0.32734399999999997 0.16015600000000002 0.323828 0.19531199999999999 0.312891 0.197266 0.302344 0.147656 0.301953 0.147266 0.309375 0.133594 0.317578 0.120703 0.30781200000000003 0.120313 0.301953 0.06445300000000001 0.302344 0.064844 0.309766 0.0875 0.312891 0.109375 0.320703 0.123438 0.326953 0.125781 0.334766 0.154688 0.334766 0.155078 0.32734399999999997
1 0.9460940000000001 0.814453 0.954688 0.8128909999999999 0.9585940000000001 0.805078 0.965625 0.805078 0.966016 0.8023440000000001 0.9523440000000001 0.800391 0.946875 0.805078 0.9398440000000001 0.805078 0.930078 0.795312 0.929688 0.789453 0.9148440000000001 0.789453 0.914453 0.803125 0.920312 0.8035159999999999 0.9269529999999999 0.8101559999999999 0.930078 0.821875 0.94375 0.8222659999999999 0.9460940000000001 0.814453
2 0.675781 0.694141 0.691406 0.680078 0.697266 0.679688 0.696875 0.6707029999999999 0.677344 0.6707029999999999 0.6769529999999999 0.678125 0.665625 0.6863279999999999 0.6394529999999999 0.686719 0.639844 0.703516 0.671875 0.703516 0.675781 0.694141
2 0.110156 0.428516 0.123438 0.42695299999999997 0.153125 0.41132799999999997 0.153516 0.402344 0.12890600000000002 0.40195299999999995 0.12851600000000002 0.407813 0.125 0.409766 0.096094 0.41601600000000005 0.09570300000000001 0.434375 0.109375 0.43476600000000004 0.110156 0.428516
1 0.06601599999999999 0.9601559999999999 0.060156 0.9597659999999999 0.048437999999999995 0.9472659999999999 0.036328 0.940625 0.045703 0.920312 0.045703 0.8820309999999999 0.041016000000000004 0.8585940000000001 0.024218999999999997 0.8582029999999999 0.023828 0.90625 0.016016 0.939063 0.014063 0.9425779999999999 0.008203 0.9429690000000001 0.008203 0.953125 0.032812999999999995 0.9535159999999999 0.053125 0.964453 0.055469000000000004 0.972266 0.065625 0.972266 0.06601599999999999 0.9601559999999999
0 0.321875 0.43671899999999997 0.316406 0.439844 0.288281 0.46406200000000003 0.267188 0.491406 0.275781 0.491406 0.29218700000000003 0.484375 0.321875 0.464844 0.33906200000000003 0.450781 0.339844 0.442969 0.338281 0.439844 0.33125 0.435937 0.321875 0.43671899999999997
0 0 0.419531 0.009375 0.420312 0.01875 0.425 0.032031 0.427344 0.085938 0.428125 0.09375 0.43281200000000003 0.11640600000000001 0.43671899999999997 0.172656 0.45390600000000003 0.185938 0.460156 0.192188 0.465625 0.197656 0.463281 0.197656 0.45625 0.189062 0.439844 0.171094 0.42656299999999997 0.15390600000000002 0.41875 0.135937 0.416406 0.12734399999999998 0.41718700000000003 0.121094 0.420312 0.0875 0.42109399999999997 0.08125 0.41875 0.079687 0.415625 0.069531 0.409375 0.059375 0.40546899999999997 0.030469000000000003 0.400781 0.013281000000000001 0.40156200000000003 0 0.40625 0 0.419531
0 0.1 0.332031 0.085938 0.33593799999999996 0.032031 0.373437 0.021093999999999998 0.385156 0.016406 0.397656 0.024218999999999997 0.39843799999999996 0.044531 0.389062 0.057031 0.38593700000000003 0.067187 0.38125 0.121094 0.349219 0.125781 0.34375 0.125781 0.3375 0.1125 0.33125 0.1 0.332031
0 0 0.589844 0.017969 0.586719 0.030469000000000003 0.578906 0.067969 0.5625 0.104688 0.549219 0.114062 0.547656 0.121094 0.541406 0.11953100000000001 0.536719 0.105469 0.532031 0.0875 0.53125 0.063281 0.535937 0.013281000000000001 0.557031 0 0.566406 0 0.589844
0 0.541406 0.671094 0.491406 0.721875 0.46875 0.751563 0.46796899999999997 0.75625 0.475 0.75625 0.485938 0.751563 0.514062 0.73125 0.548438 0.69375 0.558594 0.678906 0.557813 0.673438 0.549219 0.667188 0.541406 0.671094
0 1 0.74375 0.964063 0.742969 0.9398440000000001 0.739844 0.9398440000000001 0.744531 0.9445309999999999 0.745313 0.9617190000000001 0.753906 0.976562 0.763281 0.9914059999999999 0.767969 1 0.76875 1 0.74375
0 0.9070309999999999 0.8367190000000001 0.884375 0.84375 0.8695309999999999 0.8539059999999999 0.871875 0.855469 0.892188 0.855469 0.896875 0.8570309999999999 0.9320309999999999 0.85 0.9398440000000001 0.85 0.94375 0.846875 0.94375 0.839844 0.9375 0.834375 0.9070309999999999 0.8367190000000001
0 0.470313 0.35625 0.470313 0.383594 0.474219 0.400781 0.47968700000000003 0.40156200000000003 0.482031 0.39843799999999996 0.4875 0.380469 0.488281 0.360938 0.48359399999999997 0.353125 0.478906 0.35 0.474219 0.35156200000000004 0.470313 0.35625