2 0.625781 0.5875 0.622656 0.586719 0.614844 0.589063 0.607031 0.589063 0.561719 0.599219 0.539844 0.608594 0.535937 0.615625 0.557031 0.616406 0.574219 0.614062 0.609375 0.600781 0.617969 0.596094 0.623437 0.595313 0.625781 0.592187
1 0.725781 0.934375 0.727344 0.9398440000000001 0.732031 0.9445309999999999 0.736719 0.946875 0.750781 0.9507809999999999 0.761719 0.9554690000000001 0.767969 0.95625 0.774219 0.959375 0.777344 0.959375 0.803125 0.967187 0.838281 0.972656 0.8617190000000001 0.972656 0.8679690000000001 0.9710940000000001 0.873437 0.967187 0.871094 0.9625 0.848437 0.9460940000000001 0.8257809999999999 0.9351559999999999 0.791406 0.928125 0.735938 0.927344 0.728906 0.929688
2 0.967187 0.824219 0.960938 0.8289060000000001 0.958594 0.833594 0.958594 0.8367190000000001 0.95625 0.8414059999999999 0.95625 0.8460940000000001 0.951562 0.8601560000000001 0.95 0.873437 0.9507809999999999 0.8820309999999999 0.953125 0.8875 0.9523439999999999 0.896875 0.954688 0.902344 0.959375 0.896875 0.957812 0.886719 0.9601559999999999 0.8773440000000001 0.964063 0.873437 0.967187 0.865625 0.96875 0.8351559999999999
1 0.686719 0.451562 0.68125 0.450781 0.677344 0.45390600000000003 0.672656 0.454688 0.670312 0.45781299999999997 0.665625 0.459375 0.661719 0.4625 0.657813 0.4625 0.653906 0.466406 0.636094 0.475781 0.625859 0.479922 0.626406 0.46445299999999995 0.61875 0.478125 0.611719 0.48515600000000003 0.603906 0.489844 0.603125 0.494531 0.607031 0.497656 0.620313 0.496875 0.634375 0.49375 0.646875 0.48906299999999997 0.652344 0.484375 0.657031 0.482812 0.6625 0.478906 0.667188 0.47343799999999997 0.673438 0.471094 0.679688 0.46406200000000003 0.682031 0.463281 0.686719 0.45781299999999997
2 0.670312 0.079687 0.66875 0.084375 0.675781 0.088281 0.680469 0.092969 0.689063 0.105469 0.69375 0.10625 0.69375 0.092969 0.692187 0.086719 0.6875 0.078906 0.684375 0.076563 0.679688 0.076563
1 0.130469 0.048438 0.141406 0.064844 0.142187 0.074219 0.14375 0.078125 0.147656 0.080469 0.146875 0.083594 0.14375 0.085938 0.141406 0.092188 0.153906 0.095312 0.175781 0.092969 0.195312 0.086719 0.203906 0.085938 0.21484399999999998 0.082031 0.224219 0.08125 0.234375 0.075 0.242969 0.072656 0.259375 0.064844 0.257812 0.060156 0.248438 0.058594 0.2375 0.054688 0.225 0.052344 0.208594 0.052344 0.192969 0.055469000000000004 0.176563 0.061719 0.163281 0.06875 0.157812 0.073438 0.15625 0.073438 0.153906 0.076563 0.153125 0.067969 0.151562 0.064844 0.139844 0.051562 0.139063 0.047656 0.134375 0.044531
2 0.954688 0.259375 0.939063 0.254688 0.9351559999999999 0.257812 0.9242190000000001 0.257812 0.910937 0.261719 0.902344 0.267969 0.9070310000000001 0.272656 0.910937 0.272656 0.932031 0.265625 0.9523439999999999 0.264844
2 0.839844 0.210938 0.8375 0.210938 0.834375 0.219531 0.8304690000000001 0.224219 0.8273439999999999 0.234375 0.820312 0.24375 0.8210940000000001 0.248438 0.8257809999999999 0.251563 0.828125 0.250781 0.829688 0.24609399999999998 0.834375 0.240625 0.834375 0.2375 0.8367190000000001 0.233594 0.840625 0.219531
1 0.814063 0.43671899999999997 0.8117189999999999 0.439844 0.8117189999999999 0.44531200000000004 0.8132810000000001 0.449219 0.832031 0.465625 0.8445310000000001 0.480469 0.85 0.48906299999999997 0.8570309999999999 0.494531 0.865625 0.496875 0.867188 0.494531 0.865625 0.48125 0.859375 0.464844 0.8507809999999999 0.45390600000000003 0.8460940000000001 0.451562 0.8445310000000001 0.449219 0.839844 0.447656 0.8367190000000001 0.44375 0.8375 0.44218799999999997 0.8429689999999999 0.44218799999999997 0.8467970000000001 0.441016 0.851562 0.439063 0.846875 0.4375 0.832812 0.43828100000000003 0.825 0.43671899999999997
2 0.42109399999999997 0.719531 0.41875 0.717969 0.4125 0.719531 0.375781 0.75 0.355469 0.7625 0.334375 0.771094 0.33125 0.774219 0.328125 0.775 0.328906 0.777344 0.334375 0.778125 0.339062 0.775781 0.342969 0.775781 0.375 0.764062 0.385937 0.75625 0.42109399999999997 0.721094
2 0.103125 0.710938 0.099219 0.714063 0.097656 0.717187 0.095312 0.739844 0.092188 0.752344 0.094531 0.760156 0.094531 0.767969 0.096875 0.779687 0.10078099999999998 0.783594 0.103125 0.790625 0.107813 0.791406 0.10390600000000001 0.774219 0.104688 0.714063
1 0.1625 0.702344 0.157812 0.704688 0.153125 0.711719 0.142187 0.748437 0.132031 0.775 0.13125 0.784375 0.133594 0.790625 0.133594 0.794531 0.135937 0.797656 0.140625 0.8 0.144531 0.8 0.154688 0.794531 0.161719 0.794531 0.164844 0.796875 0.167969 0.795312 0.167187 0.791406 0.158594 0.783594 0.167187 0.7625 0.170313 0.745313 0.169531 0.721875 0.165625 0.707812