1 0.301563 0.760156 0.298438 0.759375 0.292969 0.764844 0.285156 0.778906 0.279687 0.79375 0.275781 0.820312 0.267969 0.821875 0.2625 0.825 0.252344 0.834375 0.251563 0.839063 0.255469 0.84375 0.270313 0.83125 0.272656 0.83125 0.274219 0.833594 0.273438 0.842187 0.275 0.84375 0.277344 0.8429689999999999 0.279687 0.838281 0.28125 0.8257809999999999 0.291406 0.814063 0.300781 0.789062 0.303125 0.775781 0.303125 0.764062
1 0.278906 0.851562 0.277344 0.8585939999999999 0.280469 0.864062 0.2875 0.869531 0.298438 0.871875 0.303906 0.860938 0.295312 0.859375 0.284375 0.851562
1 0.286719 0.8726559999999999 0.282031 0.876563 0.290625 0.900781 0.302344 0.916406 0.310156 0.923438 0.314063 0.9226560000000001 0.316406 0.917188 0.314063 0.9085940000000001 0.302344 0.8929690000000001 0.294531 0.885938
1 0.296875 0.957812 0.297656 0.964844 0.3 0.96875 0.308594 0.976562 0.325 0.98125 0.326562 0.982812 0.326562 0.989844 0.329688 0.99375 0.336719 0.996875 0.345313 0.996875 0.347656 1 0.358594 1 0.358594 0.989844 0.352344 0.9835939999999999 0.338281 0.978906 0.335156 0.973437 0.328125 0.974219 0.314844 0.971875 0.310156 0.96875 0.3 0.957031
1 0.430469 0.848437 0.430469 0.85625 0.458594 0.8929690000000001 0.458594 0.896875 0.4625 0.9 0.466406 0.898438 0.470313 0.900781 0.474219 0.900781 0.477344 0.904687 0.482812 0.90625 0.48359399999999997 0.903125 0.475 0.892188 0.46796899999999997 0.889062 0.465625 0.879687 0.460156 0.870313 0.439844 0.8523440000000001
1 0.294531 0.695312 0.292187 0.701562 0.295312 0.702344 0.298438 0.710156 0.307812 0.748437 0.313281 0.75 0.316406 0.753906 0.324219 0.757812 0.328906 0.757031 0.330469 0.750781 0.327344 0.738281 0.319531 0.736719 0.314844 0.740625 0.313281 0.739844 0.307812 0.710156 0.3 0.696875
1 0.353125 0.517969 0.332813 0.532813 0.303125 0.566406 0.289844 0.577344 0.261719 0.614062 0.260937 0.61875 0.257812 0.621875 0.24765600000000002 0.622656 0.22343799999999997 0.641406 0.203906 0.659375 0.191406 0.68125 0.182031 0.6875 0.167969 0.700781 0.166406 0.70625 0.16875 0.708594 0.19375 0.707812 0.20781299999999997 0.703906 0.22265600000000002 0.691406 0.267969 0.646875 0.270313 0.65 0.270313 0.661719 0.267188 0.666406 0.269531 0.671875 0.271875 0.672656 0.279687 0.661719 0.2875 0.645312 0.289844 0.624219 0.299219 0.61875 0.305469 0.6125 0.314844 0.607812 0.317969 0.603906 0.316406 0.6 0.317188 0.596094 0.321094 0.592187 0.335938 0.566406 0.35 0.547656 0.357812 0.525781 0.357812 0.521094
1 0.585156 0.567969 0.576562 0.560156 0.558594 0.554688 0.521875 0.553125 0.526563 0.547656 0.552344 0.533594 0.555469 0.528906 0.547656 0.528125 0.524219 0.539062 0.5 0.557813 0.496875 0.558594 0.488281 0.554688 0.478125 0.55625 0.450781 0.577344 0.446094 0.578906 0.44531200000000004 0.58125 0.446094 0.584375 0.449219 0.585156 0.472656 0.58125 0.486719 0.58125 0.49375 0.584375 0.503125 0.584375 0.51875 0.58125 0.551562 0.58125 0.582812 0.573438 0.585156 0.571094
1 0.435156 0.635156 0.43125 0.634375 0.427344 0.635938 0.41875 0.657813 0.41406200000000004 0.664062 0.41093799999999997 0.673438 0.411719 0.678906 0.416406 0.677344 0.428906 0.667969 0.434375 0.655469
1 0.196094 0.451562 0.195312 0.459375 0.20078100000000002 0.471094 0.220312 0.494531 0.23671899999999998 0.510156 0.270313 0.520312 0.278906 0.528125 0.300781 0.5375 0.315625 0.546094 0.321094 0.544531 0.330469 0.533594 0.322656 0.525 0.30625 0.515625 0.288281 0.509375 0.278125 0.5 0.267188 0.48359399999999997 0.234375 0.454688 0.217969 0.446875 0.209375 0.446875
1 0.554688 0.925781 0.55 0.932031 0.549219 0.94375 0.553125 0.9554690000000001 0.559375 0.9617190000000001 0.561719 0.9617190000000001 0.565625 0.959375 0.564063 0.94375 0.559375 0.928125
1 0.670312 0.8835940000000001 0.671094 0.9085940000000001 0.66875 0.917969 0.664844 0.923438 0.667188 0.928125 0.677344 0.926562 0.685156 0.928125 0.692969 0.9351559999999999 0.698594 0.941719 0.707188 0.944453 0.701562 0.928359 0.691406 0.921875 0.682813 0.915625 0.685156 0.9085940000000001 0.684375 0.896875 0.678125 0.885938 0.674219 0.882812
1 0.760156 0.927344 0.755469 0.9304690000000001 0.742969 0.948438 0.739062 0.9625 0.744531 0.975 0.754687 0.988281 0.7625 0.985938 0.764844 0.976562 0.761719 0.9617190000000001 0.753125 0.954688 0.757031 0.942969 0.761719 0.935937
1 0.115625 0.226562 0.104688 0.225 0.094531 0.232813 0.085938 0.242969 0.075 0.2625 0.065625 0.274219 0.063281 0.278906 0.064062 0.284375 0.069531 0.285938 0.077344 0.282813 0.092969 0.271875 0.10703100000000002 0.257812 0.117188 0.240625 0.11875 0.23203100000000002
1 0.10234400000000002 0.095312 0.10078099999999998 0.097656 0.10078099999999998 0.10390600000000001 0.10390600000000001 0.11640599999999998 0.103125 0.123438 0.107813 0.1375 0.108594 0.155469 0.10625 0.158594 0.110156 0.164844 0.115625 0.164062 0.11640599999999998 0.155469 0.11484399999999999 0.125 0.110156 0.107813 0.105469 0.097656
1 0.003125 0.8101559999999999 0.00625 0.816406 0.01875 0.8289060000000001 0.025781 0.833594 0.032813 0.8429689999999999 0.041406 0.84375 0.05 0.848437 0.054688 0.853906 0.071094 0.854688 0.089844 0.85 0.09375 0.8460940000000001 0.092969 0.8414059999999999 0.073438 0.832812 0.059375 0.83125 0.039062 0.8351559999999999 0.035937 0.832812 0.029687 0.821875 0.020313 0.814063 0.00625 0.80625
1 0.10234400000000002 0.301563 0.110156 0.315625 0.11171899999999998 0.321875 0.110937 0.328125 0.115625 0.335938 0.123438 0.3375 0.128906 0.333594 0.15 0.335938 0.165625 0.335156 0.165625 0.329688 0.159375 0.325781 0.153906 0.325781 0.142187 0.320312 0.126562 0.321875 0.11875 0.314844 0.11875 0.310937 0.11171899999999998 0.303906 0.10390600000000001 0.300781
1 0.42109399999999997 0.419531 0.424219 0.43671899999999997 0.435156 0.453125 0.44531200000000004 0.46406200000000003 0.450781 0.467187 0.457031 0.46796899999999997 0.466406 0.47656200000000004 0.475 0.47968700000000003 0.528125 0.522656 0.539844 0.528906 0.542969 0.528906 0.547656 0.525781 0.54375 0.5125 0.535937 0.5 0.535156 0.49375 0.532031 0.490625 0.534375 0.485938 0.53125 0.482031 0.486719 0.4625 0.46796899999999997 0.460156 0.463906 0.46007800000000004 0.4559369999999999 0.4518750000000001 0.450078 0.44351599999999997 0.44703100000000007 0.44070299999999996 0.44179700000000005 0.437812 0.435391 0.431562 0.4306249999999999 0.424297 0.426094 0.41671899999999995 0.41867200000000004 0.4090619999999999
1 0.524219 0.315625 0.521094 0.315625 0.513281 0.321094 0.489844 0.33125 0.484375 0.336719 0.47968700000000003 0.346094 0.46875 0.35 0.461719 0.365625 0.45 0.380469 0.435937 0.403906 0.43671899999999997 0.4125 0.44531200000000004 0.410156 0.4625 0.396875 0.471875 0.378125 0.475 0.35625 0.478125 0.353125 0.496875 0.345313 0.510938 0.334375 0.522656 0.322656 0.525 0.31875
1 0.353906 0.336719 0.348438 0.348438 0.35 0.361719 0.347656 0.389062 0.340625 0.40703100000000003 0.341406 0.413281 0.346094 0.411719 0.346875 0.40625 0.354687 0.396094 0.361719 0.375781 0.358594 0.344531 0.35625 0.338281
1 0.284375 0 0.282813 0.00625 0.2875 0.040625 0.288281 0.076563 0.299219 0.080469 0.303125 0.075 0.307812 0.05 0.303906 0.035156 0.305469 0
1 0.316406 0 0.31875 0.00625 0.329688 0.021875 0.339062 0.030469000000000003 0.341406 0.035156 0.346875 0.035156 0.364063 0.028125 0.369531 0.021875 0.36875 0.020313 0.35 0.025 0.34375 0.011719 0.333594 0
1 0.28125 0 0.267188 0 0.251563 0.017969 0.248438 0.032031 0.246875 0.032813 0.251563 0.04375 0.250781 0.049219 0.248438 0.05 0.23828100000000002 0.045312 0.226562 0.045312 0.208594 0.053905999999999996 0.202344 0.059375 0.189844 0.076563 0.182812 0.091406 0.180469 0.10625 0.18125 0.11640599999999998 0.185938 0.117188 0.189844 0.115625 0.19375 0.10703100000000002 0.210156 0.086719 0.233594 0.066406 0.253125 0.054688 0.25625 0.048438 0.252344 0.045312 0.25625 0.0375 0.271875 0.01875 0.28125 0.003125
1 0.320625 0.062344 0.334375 0.083594 0.340625 0.094531 0.350781 0.097656 0.363281 0.10625 0.382812 0.110937 0.4125 0.109375 0.416406 0.10625 0.416406 0.103125 0.41406200000000004 0.10078099999999998 0.399219 0.09375 0.389844 0.091406 0.364844 0.091406 0.354687 0.094531 0.342187 0.078906 0.333125 0.070781
1 0.501563 0.023438 0.502344 0.032813 0.507812 0.044531 0.508594 0.051562 0.514062 0.051562 0.521875 0.045312 0.521875 0.0375 0.50625 0.023438
1 0.534375 0.185938 0.541406 0.1875 0.553906 0.176563 0.575781 0.167187 0.585938 0.164844 0.603906 0.164062 0.607031 0.1625 0.60625 0.157812 0.596094 0.154688 0.579688 0.154688 0.576562 0.153125 0.553906 0.157031 0.546094 0.15 0.546094 0.138281 0.540625 0.134375 0.5375 0.138281 0.5375 0.171094
1 0.6625 0.174219 0.657813 0.174219 0.646094 0.1875 0.61875 0.210156 0.6125 0.23203100000000002 0.614844 0.240625 0.621094 0.239844 0.630469 0.22968700000000003 0.635938 0.227344 0.642188 0.21484399999999998 0.648438 0.210938 0.654687 0.203906 0.654687 0.196094 0.6625 0.178125
1 0.8273439999999999 0 0.809375 0 0.808594 0.002344 0.801562 0.007031 0.789062 0.019531 0.782813 0.029687 0.779687 0.027344 0.775781 0.027344 0.764844 0.039844 0.758594 0.066406 0.759375 0.078906 0.761719 0.08125 0.764844 0.08125 0.765625 0.076563 0.771875 0.075 0.773438 0.069531 0.775781 0.067969 0.783594 0.053125 0.785937 0.045312 0.797656 0.039062 0.825 0.007031
1 0.717969 0.048438 0.727344 0.070312 0.728906 0.078906 0.728125 0.096875 0.73125 0.110156 0.740625 0.105469 0.74375 0.108594 0.771875 0.10703100000000002 0.782188 0.10445299999999999 0.790625 0.105469 0.8101559999999999 0.109375 0.8132810000000001 0.107813 0.8125 0.103125 0.8101559999999999 0.10078099999999998 0.796875 0.09375 0.787891 0.092812 0.77875 0.089297 0.763437 0.09125 0.751563 0.092188 0.744531 0.097656 0.742188 0.094531 0.739062 0.075 0.733594 0.060937 0.721875 0.046875
1 0.765625 0.215625 0.780469 0.2375 0.789531 0.255234 0.814766 0.24929699999999996 0.835938 0.253125 0.853125 0.259375 0.8570309999999999 0.257031 0.854688 0.251563 0.8460940000000001 0.24375 0.839063 0.239844 0.822656 0.235156 0.814063 0.235937 0.8101559999999999 0.234375 0.802344 0.235937 0.798438 0.244531 0.792109 0.24625 0.784375 0.226562 0.779687 0.22109399999999998 0.767969 0.2125
1 0.8039059999999999 0.250781 0.798438 0.254688 0.796094 0.264062 0.792188 0.271094 0.790625 0.288281 0.794531 0.294531 0.799219 0.292969 0.8054690000000001 0.283594 0.808594 0.257812 0.807031 0.253125
1 0.9601559999999999 0.294531 0.953125 0.29375 0.939063 0.298438 0.923438 0.307812 0.914062 0.317969 0.909375 0.325781 0.9054689999999999 0.324219 0.8992190000000001 0.325781 0.8914060000000001 0.333594 0.865625 0.372656 0.865625 0.377344 0.869531 0.378125 0.88125 0.369531 0.915625 0.335156 0.9195309999999999 0.326562 0.9351559999999999 0.310156 0.9398440000000001 0.309375 0.946875 0.303906 0.951562 0.303125 0.959375 0.298438
1 0.9875 0.182812 0.985938 0.183594 0.982812 0.194531 0.982812 0.22109399999999998 0.9867190000000001 0.22265600000000002 0.9976559999999999 0.235937 1 0.235937 1 0.21875 0.99375 0.21640600000000002 0.9914059999999999 0.209375 0.990625 0.192188 0.992188 0.184375
1 0.842187 0.488281 0.835938 0.489844 0.803125 0.511719 0.789844 0.525781 0.782813 0.541406 0.779687 0.55625 0.777344 0.586719 0.778906 0.639062 0.782031 0.641406 0.785937 0.639062 0.798438 0.6125 0.8 0.567969 0.803125 0.548438 0.80625 0.542969 0.8375 0.511719 0.839844 0.507031 0.839063 0.498437 0.84375 0.491406
1 0.733594 0.357031 0.734375 0.364063 0.767188 0.390625 0.771094 0.396875 0.779687 0.404687 0.794531 0.410156 0.8054690000000001 0.416406 0.855469 0.420312 0.901563 0.4125 0.9039059999999999 0.409375 0.9070310000000001 0.408594 0.9054689999999999 0.40703100000000003 0.885156 0.408594 0.876563 0.40703100000000003 0.8664059999999999 0.410156 0.8617190000000001 0.407813 0.857812 0.409375 0.853906 0.407813 0.8507809999999999 0.409375 0.846875 0.407813 0.840625 0.409375 0.8257809999999999 0.4 0.826562 0.396094 0.821875 0.389844 0.810937 0.386719 0.792969 0.372656 0.763281 0.357031 0.748437 0.353906 0.736719 0.354687
1 0.642188 0.582812 0.638281 0.585156 0.620313 0.607031 0.620313 0.619531 0.626563 0.629687 0.626563 0.635938 0.63125 0.653125 0.640625 0.672656 0.652344 0.6875 0.658594 0.690625 0.660156 0.6875 0.659375 0.674219 0.65625 0.66875 0.654687 0.660156 0.65 0.653906 0.648438 0.642188 0.642969 0.636719 0.638281 0.625781 0.630469 0.615625 0.63125 0.610938 0.642969 0.591406 0.64375 0.585156
1 0.700781 0.694531 0.697656 0.692187 0.68125 0.695312 0.675 0.694531 0.669531 0.691406 0.659375 0.692969 0.65625 0.696875 0.652344 0.711719 0.642969 0.732031 0.642188 0.739062 0.646875 0.739062 0.65625 0.733594 0.666406 0.719531 0.674219 0.703125 0.6875 0.703125 0.697656 0.700781 0.700781 0.697656
1 0.705469 0.742969 0.7 0.738281 0.696875 0.749219 0.675 0.755469 0.669531 0.755469 0.671094 0.763281 0.690625 0.764844 0.698438 0.767188 0.704688 0.771875 0.707031 0.771094 0.708594 0.767969 0.707812 0.75
1 0.795312 0.677344 0.791406 0.678906 0.79375 0.696875 0.791406 0.725 0.786719 0.735156 0.784375 0.746094 0.767188 0.775781 0.775781 0.774219 0.78125 0.767969 0.792969 0.749219 0.804688 0.723437 0.8054690000000001 0.708594 0.803125 0.695312 0.798438 0.68125
1 1 0.771094 0.9976559999999999 0.771094 0.9914059999999999 0.778906 0.989062 0.7875 0.982812 0.797656 0.984375 0.803125 0.9851560000000001 0.829688 0.99375 0.826562 0.9976559999999999 0.8195309999999999 1 0.81875
1 0.987656 0.867578 0.9786719999999999 0.894453 0.974844 0.907188 0.9929690000000001 0.9382810000000001 1 0.9382810000000001 0.9842189999999998 0.902344 0.988359 0.8975 0.992422 0.874297
1 0.8054690000000001 0.9195309999999999 0.8148440000000001 0.9304690000000001 0.8257809999999999 0.9367189999999999 0.849219 0.9351559999999999 0.8617190000000001 0.9367189999999999 0.8820309999999999 0.934375 0.8898439999999999 0.926562 0.889062 0.921875 0.878906 0.920312 0.8414059999999999 0.925 0.839844 0.923438 0.8429689999999999 0.9210939999999999 0.842187 0.9148440000000001 0.839063 0.915625 0.834375 0.9226560000000001 0.8117189999999999 0.917188
1 0.734766 0.769531 0.740469 0.784453 0.747656 0.779687 0.756641 0.774375 0.767031 0.776016 0.763359 0.780469 0.751172 0.783906 0.744453 0.790391 0.736719 0.798438 0.733594 0.802344 0.730469 0.800781 0.725781 0.792969 0.721094 0.780469 0.719453 0.773047 0.714844 0.770312 0.728125 0.758594
1 0.317969 0.126562 0.320312 0.136719 0.33125 0.151562 0.345313 0.166406 0.355469 0.182812 0.364063 0.184375 0.389062 0.176563 0.389844 0.173437 0.388281 0.171875 0.378125 0.16875 0.364063 0.171094 0.361719 0.16875 0.360938 0.1625 0.35625 0.152344 0.340625 0.135156 0.325 0.125 0.319531 0.125
1 0.149219 0.42109399999999997 0.146875 0.419531 0.142969 0.42109399999999997 0.128125 0.43281200000000003 0.123438 0.439063 0.121094 0.450781 0.11875 0.45390600000000003 0.11484399999999999 0.455469 0.110937 0.454688 0.101562 0.458594 0.101562 0.463281 0.103125 0.464844 0.110156 0.463281 0.124219 0.46406200000000003 0.127344 0.46093799999999996 0.128125 0.455469 0.146094 0.43125 0.149219 0.425
1 0.053125 0.501563 0.051562 0.514844 0.053125 0.521094 0.05625 0.525 0.060937 0.527344 0.072656 0.525781 0.078906 0.521875 0.077344 0.51875 0.06875 0.514844 0.057031 0.5
1 0.075781 0.135937 0.075 0.146875 0.083594 0.170313 0.09375 0.1875 0.10703100000000002 0.199219 0.109375 0.209375 0.11484399999999999 0.21640600000000002 0.11953100000000001 0.213281 0.139063 0.209375 0.142969 0.204687 0.153906 0.202344 0.170313 0.194531 0.178125 0.196094 0.178125 0.188281 0.175 0.185156 0.158594 0.185938 0.144531 0.190625 0.127344 0.19375 0.124219 0.189844 0.125 0.184375 0.121094 0.174219 0.117188 0.171875 0.10703100000000002 0.170313 0.095312 0.153125 0.088281 0.139063 0.083594 0.134375 0.078906 0.133594
1 0.104688 0.208594 0.092188 0.20625 0.073281 0.212266 0.086016 0.21703100000000003 0.10390600000000001 0.21875 0.11617199999999998 0.21734400000000004 0.110156 0.2125
1 0.084375 0.9523439999999999 0.084375 0.95625 0.0875 0.9617190000000001 0.10390600000000001 0.974219 0.126562 0.9773440000000001 0.128125 0.98125 0.133594 0.9851560000000001 0.150781 0.985938 0.189844 0.975 0.186719 0.971875 0.170313 0.967187 0.157812 0.9679689999999999 0.154688 0.964844 0.139844 0.96875 0.115625 0.96875 0.101562 0.963281 0.088281 0.9523439999999999
1 0 0.9695310000000001 0 1 0.032031 1 0.03125 0.995313 0.024219 0.9820309999999999 0.014063 0.971875 0.010156 0.9695310000000001
1 0.067187 0.285156 0.065625 0.2875 0.067187 0.302344 0.075781 0.315625 0.085156 0.325 0.092188 0.326562 0.089844 0.311719 0.082031 0.296875 0.072656 0.285938