2 0.779687 0.539062 0.783594 0.533594 0.785156 0.528125 0.785156 0.523438 0.783594 0.521875 0.778125 0.524219 0.773438 0.532031 0.772656 0.541406 0.775 0.547656 0.778906 0.545312 0.779687 0.539062
2 0.4375 0.557031 0.447656 0.557812 0.458594 0.560937 0.461719 0.559375 0.461719 0.55625 0.44843700000000003 0.546875 0.439063 0.546094 0.435937 0.54375 0.43125 0.54375 0.43281200000000003 0.552344 0.4375 0.557031
2 0.35156200000000004 0.421875 0.35156200000000004 0.401563 0.35 0.399219 0.345313 0.4 0.345313 0.410937 0.342187 0.420312 0.342187 0.424219 0.34453100000000003 0.425781 0.35 0.425 0.35156200000000004 0.421875
1 0.42968799999999996 0.425781 0.451562 0.424219 0.457031 0.420312 0.450781 0.413281 0.44375 0.410937 0.434375 0.410937 0.427344 0.415625 0.428125 0.424219 0.42968799999999996 0.425781
2 0.039062 0 0.039844000000000004 0.0125 0.044531 0.03125 0.053125 0.034375 0.05625 0.03125 0.054688 0.011719 0.053125 0.009375 0.051562 0 0.039062 0
2 0.058594 0.021093999999999998 0.0625 0.028905999999999998 0.06640599999999999 0.033594 0.06875 0.046094 0.079687 0.05625 0.086719 0.067187 0.096094 0.06875 0.099219 0.064844 0.098437 0.051562 0.094531 0.042187999999999996 0.075781 0.017188000000000002 0.064844 0.00625 0.060937 0.0039059999999999997 0.05625 0.003125 0.055469000000000004 0.007031 0.058594 0.021093999999999998
2 0.135937 0.896875 0.134375 0.8773440000000001 0.13125 0.8734379999999999 0.12734399999999998 0.8757809999999999 0.128125 0.8882809999999999 0.124219 0.894531 0.124219 0.896875 0.125781 0.896875 0.129688 0.9007809999999999 0.133594 0.9 0.135937 0.896875
2 0.049219 0.48125 0.071875 0.50625 0.088281 0.517188 0.090625 0.517188 0.095312 0.520313 0.1 0.519531 0.098437 0.505469 0.091406 0.49375 0.076563 0.479688 0.072656 0.478125 0.054688 0.464844 0.045312000000000005 0.46093799999999996 0.040625 0.46093799999999996 0.040625 0.465625 0.049219 0.48125
1 0.175 0.639844 0.18125 0.644531 0.18515600000000002 0.64375 0.188281 0.646094 0.190625 0.646094 0.196094 0.635937 0.209375 0.624219 0.211719 0.617969 0.210156 0.615625 0.20781299999999997 0.614844 0.196875 0.615625 0.1875 0.621094 0.18125 0.628906 0.178906 0.626563 0.16953100000000002 0.627344 0.1625 0.630469 0.1625 0.635156 0.16406199999999999 0.6375 0.175 0.639844
2 0.046094 0.680469 0.054688 0.671875 0.059375 0.669531 0.045312000000000005 0.669531 0.035937000000000004 0.673438 0.035937000000000004 0.678906 0.039062 0.682031 0.046094 0.680469
1 0.865625 0.47656200000000004 0.871094 0.464844 0.875 0.435156 0.873437 0.433594 0.8726559999999999 0.427344 0.8695309999999999 0.42109399999999997 0.8648440000000001 0.421875 0.8585940000000001 0.43125 0.854688 0.442187 0.853125 0.455469 0.8507809999999999 0.461719 0.8507809999999999 0.46875 0.848437 0.475781 0.85625 0.482031 0.8617190000000001 0.480469 0.865625 0.47656200000000004
2 0.8910159999999999 0.283828 0.8929690000000001 0.28125 0.8929690000000001 0.278906 0.894531 0.276563 0.8960940000000001 0.267969 0.895937 0.262656 0.897344 0.259141 0.896875 0.255469 0.892188 0.25781200000000004 0.8851559999999999 0.274219 0.885938 0.28125 0.886016 0.287031 0.889922 0.287734 0.8910159999999999 0.283828
1 0.903125 0.578125 0.9007809999999999 0.592187 0.901563 0.6 0.9039059999999999 0.604687 0.9117190000000001 0.610938 0.9132809999999999 0.617969 0.9164059999999999 0.621875 0.9304690000000001 0.63125 0.9375 0.632031 0.935937 0.627344 0.9367190000000001 0.614063 0.9351559999999999 0.610938 0.9304690000000001 0.610156 0.9273440000000001 0.605469 0.925 0.59375 0.91875 0.58125 0.917969 0.575781 0.9195309999999999 0.567969 0.915625 0.563281 0.90625 0.571875 0.903125 0.578125
2 0.871094 0.840625 0.879687 0.8382809999999999 0.8804690000000001 0.832031 0.876563 0.828125 0.875 0.8296870000000001 0.864062 0.83125 0.8539059999999999 0.834375 0.851562 0.8382809999999999 0.85625 0.840625 0.871094 0.840625
2 0.934375 0.85625 0.939063 0.8664059999999999 0.9476559999999999 0.8664059999999999 0.9507809999999999 0.86875 0.9539059999999999 0.867188 0.954688 0.8648440000000001 0.953125 0.8625 0.9476559999999999 0.859375 0.9429690000000001 0.853125 0.934375 0.8453120000000001 0.9304690000000001 0.84375 0.9273440000000001 0.84375 0.925781 0.8453120000000001 0.9273440000000001 0.8492190000000001 0.934375 0.85625