1 0.485938 0.359766 0.464844 0.359766 0.4625 0.351953 0.427344 0.342578 0.426953 0.330469 0.470313 0.330078 0.485938 0.337891 0.49921899999999997 0.325391 0.508203 0.321875 0.508594 0.314453 0.584766 0.314844 0.584375 0.331641 0.572656 0.331641 0.554688 0.342578 0.528906 0.345703 0.515625 0.350391 0.491406 0.351953 0.486328 0.353906 0.485938 0.359766
0 0.799219 0.579688 0.775 0.580469 0.769531 0.592187 0.759375 0.65 0.759375 0.661719 0.747656 0.678125 0.745313 0.685156 0.746875 0.689063 0.755469 0.689063 0.765625 0.692187 0.764062 0.696094 0.764844 0.7 0.775 0.7 0.777344 0.697656 0.776563 0.695312 0.76875 0.69375 0.76875 0.692187 0.782813 0.692187 0.796875 0.6625 0.801562 0.639062
0 0.435937 0.800781 0.433594 0.804688 0.435937 0.81875 0.451562 0.848437 0.4625 0.863281 0.467187 0.8757810000000001 0.47343799999999997 0.88125 0.47343799999999997 0.885156 0.460156 0.898438 0.457031 0.904687 0.46406200000000003 0.9054689999999999 0.48125 0.946875 0.484375 0.949219 0.4875 0.95625 0.497656 0.9664059999999999 0.503125 0.965625 0.505469 0.963281 0.509375 0.941406 0.5125 0.9398440000000001 0.524219 0.951562 0.527344 0.957031 0.532031 0.957031 0.533594 0.9554690000000001 0.534375 0.947656 0.533594 0.934375 0.529687 0.91875 0.524219 0.907813 0.514062 0.895312 0.507031 0.890625 0.502344 0.890625 0.49921899999999997 0.885938 0.491406 0.880469 0.49375 0.86875 0.49375 0.8523440000000001 0.491406 0.840625 0.4875 0.840625 0.486719 0.85 0.482812 0.849219 0.477344 0.832812 0.466406 0.816406 0.459375 0.809375 0.440625 0.8
0 0.154688 0.603125 0.142969 0.605469 0.121875 0.616406 0.115625 0.624219 0.11796900000000002 0.632812 0.11953100000000001 0.634375 0.127344 0.635156 0.146875 0.622656 0.152344 0.615625
0 0.789844 0.4 0.792188 0.404687 0.802344 0.407813 0.80625 0.416406 0.829688 0.425 0.8414059999999999 0.427344 0.860938 0.425781 0.8679690000000001 0.432031 0.8875 0.434375 0.907813 0.440625 0.9382810000000001 0.44375 0.959375 0.444531 0.9617190000000001 0.442969 0.9601559999999999 0.435937 0.953125 0.42656299999999997 0.9382810000000001 0.41718700000000003 0.9304690000000001 0.414844 0.903125 0.41093799999999997 0.870313 0.415625 0.864844 0.41875 0.860938 0.41875 0.8445310000000001 0.403125 0.838281 0.4 0.8132810000000001 0.396875 0.810937 0.394531 0.791406 0.398438
0 0.641406 0.188281 0.627344 0.192969 0.609375 0.20781299999999997 0.603125 0.219531 0.602344 0.235937 0.598437 0.250781 0.599219 0.267969 0.602344 0.270313 0.607031 0.26875 0.611719 0.269531 0.621094 0.279687 0.625781 0.291406 0.6375 0.30625 0.65 0.328125 0.654687 0.332031 0.657031 0.345313 0.6625 0.353125 0.664062 0.360156 0.671094 0.371875 0.675781 0.385156 0.682813 0.386719 0.685937 0.375781 0.685937 0.334375 0.682813 0.321875 0.675 0.305469 0.666406 0.29375 0.660156 0.288281 0.658594 0.284375 0.658594 0.2625 0.657031 0.260937 0.655469 0.239844 0.651563 0.23046899999999998 0.646094 0.228125 0.644531 0.21484399999999998 0.647656 0.20546899999999998 0.653125 0.201563 0.653125 0.196875 0.65 0.189062
0 0.770312 0.082031 0.769531 0.085156 0.771875 0.0875 0.779687 0.0875 0.795312 0.092188 0.817187 0.103125 0.84375 0.12265600000000002 0.86875 0.146094 0.873437 0.144531 0.8726559999999999 0.132031 0.864844 0.107813 0.8601560000000001 0.099219 0.8507809999999999 0.088281 0.8304690000000001 0.071875 0.826562 0.073438 0.81875 0.070312 0.807813 0.06875 0.789844 0.069531 0.779687 0.074219
0 0.357031 0.49375 0.352344 0.49218799999999996 0.3375 0.496094 0.3125 0.509375 0.289062 0.53125 0.260937 0.576562 0.260156 0.598437 0.251563 0.614062 0.244531 0.617188 0.23203100000000002 0.617969 0.22109399999999998 0.623437 0.21484399999999998 0.624219 0.20078100000000002 0.63125 0.195312 0.632031 0.182812 0.641406 0.166406 0.665625 0.160938 0.695312 0.160938 0.703125 0.164062 0.707031 0.173437 0.708594 0.185938 0.707812 0.197656 0.696875 0.208594 0.690625 0.217188 0.682813 0.220312 0.684375 0.219531 0.698438 0.225 0.699219 0.248438 0.678125 0.264062 0.658594 0.272656 0.638281 0.275 0.624219 0.288281 0.617969 0.303125 0.603125 0.329688 0.5875 0.329688 0.578906 0.342187 0.578125 0.346094 0.575 0.35 0.578906 0.35625 0.580469 0.350781 0.584375 0.357812 0.585938 0.358594 0.583594 0.35625 0.579688 0.355469 0.570312 0.346875 0.55625 0.339844 0.549219 0.339844 0.545312 0.345313 0.539062 0.345313 0.533594 0.353125 0.517188
0 0.747656 0.864062 0.742969 0.86875 0.742188 0.8773440000000001 0.752344 0.9054689999999999 0.754687 0.9226560000000001 0.763281 0.94375 0.769531 0.9507809999999999 0.775 0.9507809999999999 0.778906 0.946875 0.782031 0.9375 0.782813 0.927344 0.780469 0.907813 0.772656 0.8882809999999999 0.7625 0.870313 0.75625 0.865625
0 0.755469 0.758594 0.75625 0.763281 0.775781 0.778906 0.786719 0.794531 0.796875 0.804688 0.80625 0.8101559999999999 0.8117189999999999 0.808594 0.8117189999999999 0.801562 0.8054690000000001 0.778125 0.800781 0.770312 0.79375 0.763281 0.785937 0.757812 0.777344 0.754687 0.763281 0.754687
0 0.321094 0.10234400000000002 0.321875 0.110156 0.327344 0.123438 0.328125 0.129688 0.338281 0.142969 0.352344 0.166406 0.357031 0.171875 0.364063 0.175781 0.372656 0.173437 0.374219 0.178125 0.378125 0.18125 0.3875 0.197656 0.403125 0.209375 0.408594 0.210938 0.408594 0.196875 0.402344 0.179688 0.392969 0.170313 0.374219 0.170313 0.370312 0.148438 0.349219 0.110937 0.336719 0.101562 0.325 0.10078099999999998
0 0.451562 0.285156 0.444531 0.285156 0.439063 0.2875 0.42968799999999996 0.300781 0.42656299999999997 0.313281 0.42656299999999997 0.329688 0.428906 0.333594 0.434375 0.332031 0.44218799999999997 0.319531 0.44843700000000003 0.3 0.45390600000000003 0.289844 0.45390600000000003 0.286719
0 0.291406 0.535156 0.274219 0.554688 0.261719 0.575 0.259375 0.591406 0.263281 0.599219 0.267969 0.598437 0.282813 0.589063 0.288281 0.588281 0.292969 0.583594 0.294531 0.575 0.292187 0.5625 0.292969 0.547656 0.291406 0.545312
0 0.151562 0.43671899999999997 0.150781 0.440625 0.16875 0.4625 0.196094 0.48515600000000003 0.217188 0.496875 0.23125 0.508594 0.242188 0.513281 0.250781 0.528906 0.274219 0.550781 0.278125 0.549219 0.290625 0.53125 0.298438 0.523438 0.299219 0.520312 0.297656 0.517188 0.290625 0.514062 0.283594 0.505469 0.278906 0.507031 0.275781 0.503906 0.270313 0.48906299999999997 0.254688 0.46875 0.244531 0.458594 0.23046899999999998 0.44843700000000003 0.209375 0.439844 0.199219 0.439844 0.189062 0.442969 0.167969 0.434375 0.154688 0.434375
0 0.653125 0.925781 0.649219 0.925 0.639844 0.93125 0.634375 0.947656 0.630469 0.9695310000000001 0.610938 0.9867190000000001 0.60625 0.99375 0.604688 1 0.621875 1 0.622656 0.9976559999999999 0.633594 0.9914059999999999 0.641406 0.982812 0.641406 0.978906 0.659375 0.9523439999999999 0.657031 0.948438 0.657031 0.933594
0 0.716406 0.9 0.714063 0.902344 0.717187 0.9304690000000001 0.716406 0.9773440000000001 0.717187 0.982812 0.721875 0.9851560000000001 0.728906 0.976562 0.736719 0.960938 0.740625 0.941406 0.740625 0.93125 0.733594 0.910937 0.727344 0.904687 0.722656 0.9039059999999999
0 0.599219 0.707812 0.601562 0.713281 0.622656 0.71875 0.639062 0.721094 0.667188 0.721875 0.689844 0.726562 0.7 0.726562 0.702344 0.725 0.700781 0.715625 0.695312 0.70625 0.682813 0.696875 0.667969 0.691406 0.646094 0.690625 0.632031 0.692969 0.619531 0.696875
0 0.225 0.946875 0.235937 0.963281 0.24765600000000002 0.9757809999999999 0.254688 0.980469 0.26875 0.9867190000000001 0.282031 0.988281 0.289844 0.9867190000000001 0.291406 0.9820309999999999 0.280469 0.976562 0.270313 0.9679689999999999 0.24375 0.9507809999999999 0.228906 0.9445309999999999
0 0.034375 0.93125 0.035156 0.939063 0.042969 0.953125 0.050781 0.960938 0.0625 0.9664059999999999 0.074219 0.978906 0.0875 0.9835939999999999 0.096875 0.982812 0.1 0.978906 0.1 0.9710940000000001 0.10234400000000002 0.96875 0.110156 0.9679689999999999 0.11484399999999999 0.96875 0.121094 0.978125 0.126562 0.98125 0.153906 0.9875 0.173437 0.989062 0.189844 0.988281 0.217188 0.982812 0.21640600000000002 0.978125 0.204687 0.9695310000000001 0.171875 0.959375 0.148438 0.958594 0.142187 0.95625 0.139844 0.959375 0.114062 0.964063 0.1 0.9617190000000001 0.089844 0.954688 0.082031 0.951562 0.075781 0.945312 0.073438 0.9382810000000001 0.069531 0.933594 0.054688 0.925 0.04375 0.925
0 0.313281 0.732031 0.310937 0.735156 0.311719 0.780469 0.315625 0.798438 0.317969 0.802344 0.33125 0.807031 0.336719 0.801562 0.340625 0.782031 0.341406 0.767188 0.339844 0.754687 0.33125 0.734375 0.326562 0.73125
0 0.305469 0.730469 0.300781 0.730469 0.294531 0.734375 0.286719 0.747656 0.278125 0.784375 0.275781 0.8101559999999999 0.270313 0.810937 0.259375 0.817187 0.249219 0.828125 0.235156 0.8585939999999999 0.232813 0.8726559999999999 0.228125 0.878906 0.227344 0.890625 0.23203100000000002 0.89375 0.23671899999999998 0.894531 0.24531200000000003 0.890625 0.264062 0.869531 0.260937 0.85 0.267969 0.839844 0.277344 0.8195309999999999 0.291406 0.8054690000000001 0.307812 0.767969 0.310937 0.752344 0.310156 0.738281 0.308594 0.732812
0 0.38125 0.6125 0.370312 0.61875 0.360938 0.629687 0.35625 0.638281 0.35625 0.650781 0.345313 0.653906 0.333594 0.667188 0.328125 0.680469 0.327344 0.686719 0.328906 0.690625 0.333594 0.692969 0.339062 0.692187 0.359375 0.667188 0.364063 0.658594 0.363281 0.650781 0.373437 0.638281 0.374219 0.632812 0.38125 0.622656 0.383594 0.615625
0 0.435937 0.633594 0.43125 0.633594 0.425781 0.639062 0.409375 0.663281 0.402344 0.682031 0.402344 0.694531 0.403906 0.696875 0.408594 0.696094 0.428906 0.670312 0.42968799999999996 0.665625 0.43828100000000003 0.648438 0.439063 0.642188
0 0.8882809999999999 0.517188 0.8757810000000001 0.515625 0.84375 0.521875 0.8101559999999999 0.5375 0.788281 0.555469 0.773438 0.578125 0.767969 0.582812 0.747656 0.588281 0.735938 0.594531 0.714063 0.609375 0.703906 0.619531 0.70625 0.621094 0.720313 0.619531 0.74375 0.608594 0.765625 0.603125 0.773438 0.584375 0.778906 0.584375 0.782031 0.58125 0.796094 0.58125 0.799219 0.583594 0.799219 0.580469 0.803125 0.577344 0.828125 0.566406 0.865625 0.542969 0.879687 0.530469 0.886719 0.521875
0 1 0.291406 0.984375 0.295312 0.963281 0.305469 0.9351559999999999 0.309375 0.925 0.313281 0.915625 0.320312 0.9125 0.325781 0.9125 0.330469 0.9148440000000001 0.332031 0.925781 0.332031 0.926562 0.334375 0.9242190000000001 0.341406 0.925781 0.346094 0.9304690000000001 0.348438 0.939063 0.348438 0.972656 0.334375 1 0.328906
0 0.5625 0.157031 0.563281 0.160156 0.567187 0.160156 0.576562 0.157031 0.595313 0.15625 0.657031 0.170313 0.661719 0.16875 0.664844 0.1625 0.661719 0.153906 0.6625 0.149219 0.658594 0.145313 0.641406 0.134375 0.630469 0.129688 0.621875 0.128125 0.604688 0.128906 0.584375 0.135937 0.571875 0.142969
0 0.311719 0.047656 0.310156 0.057031 0.3125 0.061719 0.328906 0.076563 0.357031 0.094531 0.363281 0.095312 0.365625 0.09375 0.365625 0.086719 0.360938 0.078125 0.345313 0.060156 0.321875 0.045312 0.314844 0.045312
0 0.094531 0.219531 0.095312 0.221875 0.098437 0.22265600000000002 0.105469 0.228906 0.121094 0.23125 0.145313 0.23125 0.160156 0.233594 0.170313 0.232813 0.202344 0.235156 0.20625 0.233594 0.209375 0.228906 0.20546899999999998 0.219531 0.199219 0.219531 0.189062 0.21640600000000002 0.170313 0.20625 0.149219 0.203125 0.129688 0.203906 0.115625 0.208594 0.107813 0.215625 0.10234400000000002 0.21640600000000002 0.099219 0.219531
0 0.10390600000000001 0.146875 0.099219 0.147656 0.095312 0.153906 0.088281 0.180469 0.086719 0.211719 0.091406 0.215625 0.101562 0.21484399999999998 0.10625 0.210938 0.109375 0.203125 0.110937 0.190625 0.113281 0.186719 0.11484399999999999 0.159375 0.1125 0.151562 0.109375 0.148438
2 0.535937 0.553516 0.520703 0.553125 0.520703 0.525781 0.526563 0.525391 0.541406 0.511328 0.557813 0.503516 0.558594 0.49570299999999995 0.590625 0.49570299999999995 0.591016 0.509375 0.583594 0.509766 0.576953 0.521875 0.55625 0.539453 0.545312 0.545703 0.538281 0.545703 0.535937 0.553516
1 0.9992189999999999 0.9847660000000001 0.992578 0.984375 0.992578 0.978906 0.984375 0.9675779999999999 0.976953 0.967187 0.9773440000000001 0.883203 0.987891 0.8835940000000001 0.9941410000000002 0.917188 0.9992189999999999 0.923828
1 0.704688 0.091016 0.689453 0.089063 0.689844 0.070703 0.734766 0.071094 0.734375 0.080078 0.722656 0.081641 0.704688 0.091016
2 0.692187 0.666016 0.657031 0.666016 0.653125 0.656641 0.645703 0.65625 0.645703 0.642969 0.659375 0.641016 0.661719 0.633203 0.707812 0.633203 0.709766 0.65 0.70625 0.655078 0.694531 0.658203 0.692187 0.666016
1 0.185938 0.180078 0.146875 0.164453 0.108594 0.158203 0.10820300000000001 0.141406 0.154688 0.137891 0.155078 0.11484399999999999 0.159375 0.11132800000000001 0.161328 0.123438 0.170703 0.142187 0.178125 0.147266 0.186328 0.132031 0.198828 0.120313 0.205078 0.108594 0.212891 0.103125 0.213281 0.095703 0.259375 0.095703 0.259766 0.109375 0.249219 0.11132800000000001 0.24531200000000003 0.117578 0.241406 0.117578 0.22109399999999998 0.131641 0.198828 0.153906 0.185938 0.180078
2 0.560937 0.316016 0.545703 0.315625 0.545703 0.275781 0.553516 0.273438 0.561328 0.257031 0.572266 0.246875 0.572656 0.239453 0.603125 0.239453 0.603516 0.257812 0.595703 0.260156 0.587891 0.278125 0.567578 0.304688 0.561328 0.308594 0.560937 0.316016
1 0 0.783203 0.00625 0.783203 0.006640999999999999 0.790625 0.016406 0.797266 0.034375 0.797266 0.038281 0.800391 0.047266 0.800781 0.046875 0.8066410000000002 0.039844 0.8066410000000002 0.039062 0.809766 0.019531 0.8191409999999999 0.015625 0.8285160000000001 0.007031 0.8285160000000001 0.006640999999999999 0.8210940000000001 0 0.814453
2 0.560937 0.159766 0.556641 0.159375 0.556641 0.153906 0.548828 0.139844 0.539062 0.131641 0.503125 0.11132800000000001 0.496094 0.11132800000000001 0.49570299999999995 0.096094 0.528125 0.095703 0.528906 0.101953 0.551562 0.109766 0.553906 0.114453 0.559375 0.11132800000000001 0.566016 0.13125 0.572266 0.132031 0.571875 0.134766 0.566016 0.135156 0.560937 0.159766
1 0.379688 0.059766 0.376953 0.059375 0.373828 0.047656 0.359766 0.027344 0.351562 0.019141 0.345703 0.01875 0.346094 0.0019530000000000003 0.365625 0.0019530000000000003 0.366016 0.009375 0.371875 0.011328 0.376953 0.017969 0.383203 0.032031 0.383203 0.05 0.380078 0.052344 0.379688 0.059766
1 0.314453 0 0.314453 0.046875 0.298438 0.084766 0.289453 0.084375 0.289453 0
1 0.103125 0.372266 0.094531 0.372266 0.094141 0.366406 0.077344 0.356641 0.066016 0.34375 0.062891 0.322656 0.059375 0.319141 0.051953000000000006 0.31875 0.052344 0.300391 0.060937 0.300391 0.062891 0.30625 0.081641 0.322656 0.095703 0.346875 0.10351599999999998 0.347656 0.103125 0.372266
1 0.196875 0.566016 0.186719 0.566016 0.186328 0.560156 0.167578 0.545312 0.159766 0.527344 0.151953 0.526563 0.152344 0.45195299999999994 0.164453 0.45234399999999997 0.166016 0.467187 0.162891 0.475781 0.162891 0.49531200000000003 0.173828 0.507031 0.189453 0.539062 0.197266 0.541406 0.196875 0.566016
1 0.9992189999999999 0.805078 0.995703 0.807031 0.9941410000000002 0.815625 0.9753909999999999 0.851562 0.948438 0.8753910000000001 0.9398440000000001 0.8753910000000001 0.939453 0.839844 0.9472660000000002 0.8375 0.9691410000000001 0.799219 0.992578 0.776563 0.9910159999999999 0.763281 0.9941410000000002 0.746094 0.9992189999999999 0.745703
1 0.04375 0.595703 0.033594 0.594141 0.017578 0.579688 0.014452999999999999 0.573438 0.016016 0.564844 0.0019530000000000003 0.559375 0.002344 0.547266 0.021875 0.550391 0.031641 0.545312 0.032031 0.539453 0.036328 0.539844 0.031641 0.565625 0.045703 0.586719 0.04375 0.595703
2 0.567187 0.053515999999999994 0.546094 0.053515999999999994 0.545703 0.038281 0.553125 0.037891 0.558203 0.032813 0.558594 0.026952999999999998 0.595703 0.027344 0.59375 0.036328 0.569531 0.045703 0.567187 0.053515999999999994
1 0.970313 0.766016 0.958594 0.766016 0.95625 0.758203 0.927344 0.753516 0.9269529999999999 0.739844 0.951562 0.739453 0.9519529999999999 0.745313 0.95625 0.745703 0.957031 0.739453 0.970313 0.739453 0.970313 0.766016
0 0.809375 0.251953 0.796094 0.251953 0.782813 0.23476599999999997 0.775 0.23164100000000004 0.727344 0.22695300000000002 0.726953 0.213281 0.745313 0.20976600000000004 0.750781 0.205078 0.767188 0.205078 0.785937 0.212891 0.792969 0.189453 0.8125 0.189453 0.8148440000000001 0.201953 0.834375 0.20039100000000004 0.8347659999999999 0.203125 0.8289060000000001 0.20351599999999997 0.820703 0.210156 0.816016 0.233594 0.8191409999999999 0.242188 0.817187 0.24726600000000004 0.809375 0.251953
1 0.975 0.222266 0.9617190000000001 0.222266 0.961328 0.21640600000000002 0.954688 0.21132800000000002 0.921875 0.20039100000000004 0.9085940000000001 0.198828 0.908203 0.186719 0.923438 0.186328 0.932031 0.191016 0.954688 0.195703 0.9628910000000002 0.172656 0.972266 0.157812 0.972266 0.152344 0.990625 0.151953 0.9910159999999999 0.164062 0.981641 0.167969 0.976953 0.180469 0.975 0.222266
1 0.781641 0 0.784766 0.020313 0.788281 0.025391000000000004 0.828125 0.031641 0.8285160000000001 0.035937 0.8210940000000001 0.036328 0.815625 0.041016 0.797656 0.042578 0.779687 0.056641 0.771094 0.056641 0.770703 0
2 0.22343799999999997 0.709766 0.214453 0.709375 0.214453 0.678906 0.221875 0.678516 0.239844 0.656641 0.251563 0.651953 0.258203 0.645312 0.264844 0.620703 0.278125 0.620703 0.278516 0.648438 0.270703 0.649219 0.267578 0.659375 0.250391 0.679688 0.223828 0.702344 0.22343799999999997 0.709766
2 0.59375 0.389453 0.583203 0.389062 0.583203 0.371094 0.591016 0.370312 0.605078 0.349219 0.616016 0.340625 0.616406 0.333203 0.659766 0.333594 0.659375 0.344141 0.646094 0.348828 0.629687 0.364453 0.59375 0.389453
1 0.596875 0.9582029999999999 0.558594 0.9582029999999999 0.550781 0.9519529999999999 0.547266 0.941406 0.539453 0.940625 0.539453 0.902344 0.556641 0.902344 0.556641 0.910937 0.551953 0.9148440000000001 0.551953 0.926562 0.560156 0.939453 0.58125 0.9441409999999999 0.589844 0.950391 0.596875 0.950391 0.596875 0.9582029999999999
1 0.859375 0.728516 0.8507809999999999 0.728516 0.8503909999999999 0.721094 0.834375 0.709766 0.824219 0.711328 0.815625 0.717578 0.808203 0.715625 0.8019529999999999 0.692969 0.795703 0.692187 0.796094 0.645703 0.816016 0.646094 0.816016 0.65625 0.808203 0.665625 0.8222660000000002 0.686719 0.8222660000000002 0.695312 0.839063 0.695703 0.853906 0.708203 0.859375 0.708203 0.859375 0.728516
1 0.310937 0.9472660000000002 0.308203 0.946875 0.308203 0.9398440000000001 0.298828 0.927344 0.289453 0.923438 0.289844 0.883203 0.3 0.883203 0.300391 0.889062 0.314844 0.898828 0.353516 0.900781 0.353516 0.904687 0.34375 0.9113279999999999 0.317578 0.916406 0.317578 0.9375 0.311328 0.941406 0.310937 0.9472660000000002
1 0.060937 0.491016 0.045703 0.490625 0.045703 0.464844 0.051562 0.46445299999999995 0.071094 0.442578 0.090625 0.439453 0.092969 0.42070299999999994 0.104688 0.42070299999999994 0.10820300000000001 0.44218799999999997 0.11601599999999998 0.444531 0.11601599999999998 0.451562 0.099219 0.456641 0.078906 0.4691409999999999 0.06132800000000001 0.48359399999999997 0.060937 0.491016
1 0.110937 0.12226600000000001 0.10390600000000001 0.12226600000000001 0.097266 0.10390600000000001 0.089453 0.101562 0.089844 0.026952999999999998 0.109766 0.027344 0.11914099999999998 0.069531 0.117578 0.096875 0.11953100000000001 0.10039099999999998 0.128516 0.10078099999999998 0.128516 0.110937 0.11484399999999999 0.11132800000000001 0.11132800000000001 0.11484399999999999 0.110937 0.12226600000000001
1 0.584375 0.684766 0.576953 0.684375 0.576953 0.646094 0.582812 0.645703 0.591406 0.637891 0.603516 0.634375 0.601953 0.616406 0.605078 0.607031 0.620703 0.580469 0.633594 0.567578 0.639453 0.565625 0.639844 0.558203 0.665625 0.558203 0.666016 0.575 0.658203 0.577344 0.648828 0.596875 0.628516 0.621094 0.620703 0.635938 0.600391 0.650781 0.584375 0.684766
1 0.801562 0.297266 0.758594 0.297266 0.758203 0.285156 0.773438 0.281641 0.807813 0.266016 0.831641 0.227344 0.841016 0.220312 0.8414059999999999 0.214453 0.871875 0.214453 0.872266 0.22968700000000003 0.8644529999999999 0.23203100000000002 0.8503909999999999 0.254688 0.835938 0.269141 0.807031 0.286328 0.8019529999999999 0.291406 0.801562 0.297266
0 0.710938 0.136719 0.695312 0.140625 0.684375 0.147656 0.660937 0.173437 0.65 0.189062 0.642188 0.20546899999999998 0.642188 0.21406200000000003 0.639062 0.220312 0.639062 0.244531 0.649219 0.289062 0.653906 0.297656 0.657031 0.295312 0.659375 0.288281 0.657031 0.252344 0.657813 0.242188 0.654687 0.232813 0.65625 0.221875 0.66875 0.20625 0.689844 0.185938 0.703125 0.16875 0.708594 0.157812 0.713281 0.138281
0 0.007812000000000001 0.185156 0.007812000000000001 0.189844 0.01875 0.201563 0.041406 0.21484399999999998 0.067969 0.22343799999999997 0.08125 0.22343799999999997 0.084375 0.22109399999999998 0.083594 0.217969 0.079687 0.21484399999999998 0.079687 0.2125 0.072656 0.20546899999999998 0.05625 0.195312 0.046875 0.191406 0.03125 0.190625 0.0125 0.184375
0 0.708594 0.701562 0.711719 0.710938 0.717187 0.7125 0.720313 0.710156 0.727344 0.710156 0.748437 0.704688 0.776563 0.700781 0.782813 0.697656 0.782813 0.69375 0.779687 0.691406 0.769531 0.689844 0.746875 0.689063 0.744531 0.686719 0.732031 0.690625 0.716406 0.685156
0 0.9070310000000001 0.325781 0.901563 0.323437 0.875 0.319531 0.860938 0.321094 0.860938 0.327344 0.873437 0.328906 0.8742189999999999 0.330469 0.824219 0.359375 0.803125 0.376563 0.795312 0.388281 0.795312 0.392969 0.815625 0.389844 0.832031 0.382812 0.840625 0.38125 0.879687 0.35625 0.896875 0.348438 0.90625 0.338281
0 0.278906 0.747656 0.270313 0.751563 0.26875 0.757031 0.273438 0.764062 0.271875 0.778125 0.272656 0.798438 0.274219 0.804688 0.279687 0.8125 0.28125 0.810937 0.28125 0.776563 0.286719 0.749219
0 0.794531 0.8742189999999999 0.789844 0.8929690000000001 0.786719 0.9445309999999999 0.79375 0.945312 0.794531 0.947656 0.8 0.947656 0.802344 0.942969 0.797656 0.9398440000000001 0.803125 0.934375 0.8054690000000001 0.9375 0.8125 0.9375 0.810937 0.932031 0.804688 0.932031 0.804688 0.927344 0.8101559999999999 0.914062 0.8101559999999999 0.900781 0.801562 0.878125 0.799219 0.875
0 0.455469 0.585156 0.45 0.585938 0.444531 0.592187 0.439844 0.614062 0.439844 0.630469 0.44375 0.63125 0.446875 0.629687 0.45234399999999997 0.622656 0.455469 0.607812
0 0.279687 0.623437 0.278125 0.625781 0.279687 0.64375 0.296094 0.686719 0.3 0.692969 0.3 0.697656 0.30625 0.705469 0.314063 0.709375 0.317969 0.707031 0.322656 0.707031 0.325 0.705469 0.322656 0.700781 0.33125 0.696875 0.326562 0.689063 0.326562 0.674219 0.322656 0.671875 0.31875 0.672656 0.316406 0.669531 0.311719 0.648438 0.3125 0.642188 0.2875 0.623437
3 0.35625 0.288281 0.349219 0.289844 0.345313 0.294531 0.341406 0.309375 0.33125 0.297656 0.328125 0.298438 0.326562 0.302344 0.328906 0.325 0.333594 0.3375 0.335156 0.348438 0.338281 0.353906 0.346875 0.360156 0.349219 0.364844 0.349219 0.371875 0.340625 0.399219 0.341406 0.40546899999999997 0.346094 0.40546899999999997 0.348438 0.403125 0.352344 0.392969 0.3625 0.377344 0.3625 0.369531 0.365625 0.364844 0.391406 0.357812 0.398438 0.353906 0.396094 0.349219 0.376563 0.349219 0.36875 0.344531 0.369531 0.324219 0.367969 0.310937 0.360156 0.292187
0 0.420312 0.080469 0.414844 0.079687 0.411719 0.082812 0.40546899999999997 0.082031 0.385156 0.085156 0.374219 0.091406 0.371094 0.096094 0.385937 0.096875 0.407813 0.092969 0.416406 0.088281 0.420312 0.084375
0 0.725 0.261719 0.701562 0.264062 0.684375 0.273438 0.671094 0.285156 0.667969 0.289844 0.667188 0.295312 0.679688 0.314063 0.682031 0.314844 0.7 0.296875 0.703906 0.289062 0.725 0.267188 0.726562 0.264062
0 0.788281 0.303125 0.774219 0.303906 0.76875 0.310156 0.753125 0.335156 0.747656 0.352344 0.747656 0.3625 0.752344 0.363281 0.759375 0.360938 0.783594 0.335938 0.794531 0.314844 0.79375 0.310156
0 0.310156 0.9664059999999999 0.310156 0.975 0.325781 1 0.359375 1 0.357031 0.994531 0.342187 0.9773440000000001 0.322656 0.967187