0 0.675 0.396875 0.635937 0.32031200000000004 0.627344 0.307031 0.616406 0.29609399999999997 0.611719 0.29375 0.607031 0.294531 0.605469 0.302344 0.607031 0.31875 0.611719 0.332031 0.628125 0.364844 0.630469 0.373437 0.6375 0.380469 0.646875 0.396875 0.657031 0.409375 0.664062 0.413281 0.676563 0.413281 0.678125 0.40703100000000003 0.675 0.396875
0 0.96875 0.8585940000000001 0.95625 0.8679690000000001 0.954688 0.873437 0.9585940000000001 0.8773440000000001 0.9632809999999999 0.8773440000000001 0.970313 0.8742190000000001 0.996875 0.8539059999999999 0.996875 0.8507809999999999 0.990625 0.8507809999999999 0.96875 0.8585940000000001
0 0.796875 0.319531 0.778906 0.329688 0.775 0.333594 0.774219 0.33906200000000003 0.78125 0.350781 0.790625 0.353906 0.799219 0.353125 0.8117190000000001 0.346094 0.8210940000000001 0.3375 0.8351559999999999 0.330469 0.8460940000000001 0.317969 0.847656 0.310156 0.8273440000000001 0.310937 0.796875 0.319531
0 0.8695309999999999 0.13125 0.8648440000000001 0.13125 0.847656 0.125781 0.8429690000000001 0.126562 0.8523440000000001 0.14375 0.8609370000000001 0.15390600000000002 0.8757809999999999 0.163281 0.884375 0.16406199999999999 0.8914059999999999 0.15859399999999998 0.890625 0.151562 0.8695309999999999 0.13125
2 0.803125 0.176953 0.816797 0.171875 0.816406 0.120703 0.8074220000000001 0.121094 0.8058590000000001 0.134375 0.799609 0.14453100000000002 0.7980470000000001 0.170313 0.803125 0.176953
1 0.339844 0.509766 0.35156200000000004 0.517578 0.35859399999999997 0.517578 0.365625 0.526953 0.373047 0.526563 0.372656 0.49570299999999995 0.35 0.49570299999999995 0.347656 0.5035160000000001 0.334375 0.5035160000000001 0.333984 0.509375 0.339844 0.509766
2 0.848047 0.378906 0.848438 0.384766 0.855469 0.384766 0.855859 0.377344 0.8699220000000001 0.359375 0.871484 0.349219 0.879297 0.346875 0.879297 0.316406 0.871484 0.314063 0.8695309999999999 0.301953 0.855859 0.302344 0.855859 0.314063 0.8496090000000001 0.32890600000000003 0.848047 0.353125 0.8460940000000001 0.356641 0.840234 0.357031 0.840234 0.376563 0.848047 0.378906
1 0.49960899999999997 0.571875 0.505469 0.572266 0.505859 0.563281 0.5121089999999999 0.554688 0.5167970000000001 0.53125 0.513672 0.508594 0.530469 0.5050779999999999 0.542969 0.49726600000000004 0.559375 0.475391 0.566797 0.475 0.566406 0.44570299999999996 0.554688 0.44570299999999996 0.554297 0.451562 0.549219 0.456641 0.526562 0.47382799999999997 0.511719 0.49257799999999996 0.502734 0.496094 0.5011720000000001 0.54375 0.496484 0.560937 0.49960899999999997 0.571875
1 0.5480470000000001 0.18359399999999998 0.5574220000000001 0.20781299999999997 0.566797 0.22265600000000002 0.566797 0.228125 0.574219 0.228516 0.5746089999999999 0.203906 0.568359 0.190625 0.565234 0.16796899999999998 0.585156 0.161328 0.617188 0.137891 0.622656 0.137891 0.623047 0.11484399999999999 0.6 0.114453 0.597656 0.12226600000000001 0.579688 0.131641 0.560156 0.14882800000000002 0.551563 0.14414100000000002 0.546094 0.153516 0.540234 0.15390600000000002 0.540234 0.18125 0.5480470000000001 0.18359399999999998
2 0.372656 0.772266 0.373047 0.779687 0.385938 0.789453 0.40703100000000003 0.789453 0.42265600000000003 0.781641 0.428125 0.775391 0.435156 0.775391 0.435547 0.764844 0.415625 0.7644529999999999 0.413281 0.772266 0.390625 0.773828 0.38125 0.772266 0.378906 0.7644529999999999 0.365625 0.7644529999999999 0.365234 0.771875 0.372656 0.772266
1 0.9617190000000001 0.06445300000000001 0.9664059999999999 0.06132800000000001 0.9792970000000001 0.046875 0.984375 0.036328 0.989063 0.039453 0.998047 0.039062 0.9976559999999999 0.014452999999999999 0.9746090000000001 0.014844 0.9683590000000001 0.040625 0.9601559999999999 0.053515999999999994 0.9527340000000001 0.053905999999999996 0.9527340000000001 0.064062 0.9617190000000001 0.06445300000000001
1 1 0.189453 0.975 0.189453 0.972656 0.197266 0.9589840000000001 0.20078100000000002 0.9589840000000001 0.210938 0.9789059999999999 0.214453 0.979687 0.222266 1 0.222266 1 0.189453
1 0.847656 0.523828 0.851172 0.527344 0.851562 0.5347660000000001 0.8585940000000001 0.5347660000000001 0.862109 0.522656 0.86875 0.516016 0.884375 0.506641 0.8917970000000001 0.50625 0.8917970000000001 0.496094 0.859375 0.49570299999999995 0.8589840000000001 0.501563 0.848047 0.515625 0.840234 0.517969 0.840234 0.523438 0.847656 0.523828
1 0.379687 0.050391 0.384375 0.053515999999999994 0.391797 0.053125 0.391797 0.022656000000000003 0.383984 0.020313 0.382031 0.0019529999999999999 0.362109 0.0023439999999999997 0.362109 0.028125 0.379687 0.050391
2 0.9320309999999999 0.43476600000000004 0.932813 0.428516 0.946875 0.42226600000000003 0.9664059999999999 0.42070299999999994 0.966797 0.408594 0.929688 0.408203 0.9289059999999999 0.41445299999999996 0.908984 0.419531 0.908984 0.434375 0.9320309999999999 0.43476600000000004
1 0.561719 0.330078 0.566406 0.325391 0.5886720000000001 0.36406299999999997 0.595313 0.370703 0.6042970000000001 0.37031200000000003 0.6042970000000001 0.353906 0.596484 0.35156200000000004 0.580859 0.310937 0.578906 0.295703 0.566797 0.29609399999999997 0.566797 0.303125 0.560547 0.314063 0.552734 0.316406 0.552734 0.329688 0.561719 0.330078
1 0.9554690000000001 0.397266 0.955859 0.39140600000000003 0.965234 0.384375 0.971484 0.37421899999999997 0.9792970000000001 0.371875 0.9789059999999999 0.333203 0.9621090000000001 0.333594 0.9621090000000001 0.342187 0.955859 0.352344 0.9542970000000001 0.3625 0.9464840000000001 0.364844 0.9464840000000001 0.396875 0.9554690000000001 0.397266
2 0.808594 0.295703 0.8136720000000001 0.29765600000000003 0.8140620000000001 0.303516 0.8179690000000001 0.303516 0.81875 0.297266 0.8304690000000001 0.294141 0.840625 0.286328 0.848047 0.28593799999999997 0.848047 0.271094 0.8125 0.270703 0.8101559999999999 0.278516 0.778125 0.28476599999999996 0.7777339999999999 0.29218700000000003 0.808594 0.295703
1 0.663281 0.444141 0.6683589999999999 0.478125 0.676172 0.49218799999999996 0.707813 0.523828 0.714062 0.526953 0.723047 0.526563 0.723047 0.508594 0.7125 0.5050779999999999 0.6980470000000001 0.490625 0.685547 0.46406200000000003 0.679297 0.446875 0.678906 0.42695299999999997 0.651562 0.42695299999999997 0.650781 0.43476600000000004 0.640234 0.43671899999999997 0.640234 0.44531200000000004 0.663281 0.444141
1 0.8265629999999999 0.667578 0.8414059999999999 0.667578 0.841797 0.689063 0.8453120000000001 0.695703 0.8496090000000001 0.695312 0.8527340000000001 0.674219 0.8605470000000001 0.671875 0.8601559999999999 0.6457029999999999 0.853125 0.6457029999999999 0.847656 0.650391 0.834375 0.650391 0.8125 0.641016 0.8117190000000001 0.633203 0.789062 0.633203 0.788672 0.642188 0.8265629999999999 0.667578
1 0.396094 0.47851600000000005 0.39843799999999996 0.470703 0.40546899999999997 0.46914100000000003 0.42617200000000005 0.45 0.44492200000000004 0.415625 0.446484 0.400781 0.466406 0.40039100000000005 0.466406 0.392578 0.45625 0.391016 0.45390600000000003 0.383203 0.43710899999999997 0.383594 0.435547 0.39531299999999997 0.40117200000000003 0.43828100000000003 0.393359 0.45390600000000003 0.391797 0.46406200000000003 0.383984 0.466406 0.383984 0.478125 0.396094 0.47851600000000005
1 0.669531 0.053515999999999994 0.671875 0.045703 0.700781 0.030078 0.709375 0.020703 0.714844 0.022266 0.720313 0.030078 0.732812 0.034766000000000005 0.758594 0.036328 0.8039059999999999 0.028516000000000003 0.804297 0.016406 0.753125 0.011328000000000001 0.748047 0.009375 0.747656 0.0019529999999999999 0.70625 0.0019529999999999999 0.705469 0.009766 0.68125 0.025391000000000004 0.663672 0.041406 0.662109 0.053125 0.669531 0.053515999999999994
1 0.096094 0.067578 0.099609 0.075 0.115625 0.087891 0.135156 0.086328 0.143359 0.104688 0.154297 0.10625 0.154297 0.080469 0.146484 0.078125 0.146484 0.067969 0.154297 0.067187 0.15390600000000002 0.058203000000000005 0.140625 0.058203000000000005 0.138672 0.071875 0.133594 0.075391 0.114062 0.06601599999999999 0.11171899999999998 0.058203000000000005 0.090625 0.058203000000000005 0.09023400000000001 0.067187 0.096094 0.067578
1 0.45585899999999996 0.196875 0.45742200000000005 0.186719 0.47460899999999995 0.1625 0.477734 0.150781 0.48398399999999997 0.142187 0.48867200000000005 0.11953100000000001 0.505859 0.095312 0.508984 0.083594 0.5167970000000001 0.08125 0.5167970000000001 0.033594 0.5105470000000001 0.032812999999999995 0.510156 0.026952999999999998 0.49492200000000003 0.027344 0.49492200000000003 0.035937000000000004 0.48867200000000005 0.046094 0.47460899999999995 0.08984400000000001 0.47617200000000004 0.120313 0.46367200000000003 0.132031 0.45429700000000006 0.151562 0.446484 0.15390600000000002 0.446484 0.196875 0.45585899999999996 0.196875
1 0.241406 0.747266 0.24179699999999998 0.741406 0.278125 0.7082029999999999 0.284375 0.712891 0.291797 0.7125 0.291406 0.6769529999999999 0.279687 0.6769529999999999 0.279297 0.684375 0.255859 0.702344 0.233594 0.731641 0.22773400000000002 0.732031 0.22773400000000002 0.746875 0.241406 0.747266
0 0.413281 0.9117190000000001 0.407813 0.9125 0.397656 0.925 0.37421899999999997 0.9398440000000001 0.369531 0.9476559999999999 0.375 0.949219 0.380469 0.954688 0.390625 0.954688 0.402344 0.949219 0.421875 0.925781 0.42968799999999996 0.909375 0.430469 0.9007809999999999 0.427344 0.9 0.413281 0.9117190000000001
0 0.23203100000000002 0.964063 0.21406299999999998 0.964844 0.16953100000000002 0.960938 0.14843800000000001 0.960938 0.14453100000000002 0.9632809999999999 0.14843800000000001 0.9710940000000001 0.161719 0.982812 0.180469 0.9875 0.197656 0.988281 0.23125 0.9820309999999999 0.23828100000000002 0.978125 0.24843700000000002 0.967187 0.249219 0.9625 0.241406 0.9617190000000001 0.23203100000000002 0.964063
0 0.165625 0.595313 0.12343699999999999 0.639062 0.11484399999999999 0.642188 0.1 0.653906 0.1 0.655469 0.10390600000000001 0.657031 0.10781199999999999 0.653125 0.11640600000000001 0.65 0.11953100000000001 0.658594 0.09765599999999999 0.692187 0.09765599999999999 0.700781 0.103125 0.700781 0.12343699999999999 0.689844 0.151563 0.660937 0.16875 0.635938 0.18515600000000002 0.607812 0.185937 0.578906 0.173438 0.585156 0.165625 0.595313
0 0 0.720313 0.015625 0.71875 0.0375 0.703906 0.06640599999999999 0.675 0.09218699999999999 0.635156 0.10078100000000001 0.635938 0.10703100000000002 0.632031 0.12265600000000002 0.630469 0.1375 0.622656 0.184375 0.576562 0.1875 0.564063 0.185937 0.5625 0.178125 0.5625 0.165625 0.567969 0.1 0.6125 0.090625 0.614844 0.08984400000000001 0.617969 0.086719 0.620313 0.072656 0.625 0.027344 0.670312 0.015625 0.678906 0.0125 0.683594 0 0.691406 0 0.720313
0 0.321094 0.60625 0.270312 0.617188 0.2625 0.621094 0.257031 0.629687 0.24609399999999998 0.639844 0.239844 0.639844 0.242188 0.628906 0.241406 0.621875 0.227344 0.624219 0.20078100000000002 0.646875 0.155469 0.671094 0.141406 0.675781 0.11796899999999999 0.692187 0.117188 0.697656 0.139062 0.704688 0.15 0.704688 0.16796899999999998 0.700781 0.20078100000000002 0.683594 0.228906 0.659375 0.23203100000000002 0.658594 0.23281200000000002 0.65625 0.240625 0.654687 0.242969 0.651563 0.257031 0.64375 0.265625 0.635156 0.267969 0.628125 0.288281 0.635156 0.3125 0.633594 0.328125 0.628125 0.341406 0.621094 0.357812 0.608594 0.369531 0.594531 0.357031 0.594531 0.321094 0.60625
0 0.360938 0.607812 0.3375 0.627344 0.326562 0.630469 0.322656 0.633594 0.3125 0.646875 0.30468799999999996 0.653906 0.30468799999999996 0.658594 0.310937 0.663281 0.31875 0.664844 0.33593799999999996 0.65625 0.359375 0.632031 0.36875 0.615625 0.371094 0.607812 0.370313 0.604688 0.367969 0.603906 0.360938 0.607812
0 0.478125 0.621875 0.447656 0.652344 0.419531 0.673438 0.367969 0.696094 0.34296899999999997 0.696094 0.339844 0.697656 0.34453100000000003 0.703125 0.350781 0.704688 0.360938 0.7125 0.378906 0.7125 0.378906 0.717187 0.37578100000000003 0.723437 0.36875 0.730469 0.367969 0.734375 0.372656 0.739062 0.377344 0.735156 0.385156 0.734375 0.410937 0.717969 0.430469 0.701562 0.439844 0.690625 0.448438 0.686719 0.460156 0.677344 0.47656200000000004 0.653906 0.486719 0.633594 0.489844 0.621875 0.4875 0.619531 0.478125 0.621875
0 0.48359399999999997 0.8523440000000001 0.4625 0.835938 0.44531200000000004 0.814063 0.440625 0.8023440000000001 0.442187 0.783594 0.439844 0.776563 0.43671899999999997 0.774219 0.432031 0.775781 0.425 0.785156 0.42109399999999997 0.8023440000000001 0.42109399999999997 0.8148440000000001 0.427344 0.826562 0.441406 0.8445309999999999 0.450781 0.851562 0.464063 0.8570309999999999 0.479688 0.857812 0.48359399999999997 0.854688 0.48359399999999997 0.8523440000000001
0 0.492969 0.7 0.48125 0.705469 0.475781 0.70625 0.464063 0.7125 0.453125 0.715625 0.451562 0.719531 0.45234399999999997 0.725 0.457812 0.728125 0.472656 0.728125 0.49218799999999996 0.719531 0.510937 0.701562 0.5125 0.694531 0.510937 0.689063 0.5 0.69375 0.492969 0.7
0 0.467187 0.564844 0.460156 0.578125 0.457812 0.5875 0.459375 0.607812 0.466406 0.620313 0.471094 0.617188 0.475781 0.580469 0.48359399999999997 0.561719 0.482812 0.557813 0.479688 0.557031 0.474219 0.558594 0.467187 0.564844
0 0.761719 0.534375 0.728125 0.54375 0.717969 0.549219 0.699219 0.553906 0.677344 0.564063 0.658594 0.569531 0.654687 0.571875 0.653125 0.580469 0.664844 0.590625 0.673438 0.59375 0.692969 0.592969 0.721094 0.584375 0.735156 0.576562 0.748437 0.565625 0.770313 0.541406 0.775781 0.528906 0.770313 0.528906 0.761719 0.534375
0 0.520313 0.185938 0.520313 0.160938 0.514062 0.135156 0.502344 0.10390600000000001 0.497656 0.103125 0.488281 0.11796899999999999 0.4875 0.12734399999999998 0.489844 0.13828100000000002 0.489844 0.14843800000000001 0.49921899999999997 0.185938 0.503906 0.192188 0.511719 0.194531 0.514844 0.19375 0.520313 0.185938
0 0.472656 0.346875 0.454688 0.361719 0.442969 0.369531 0.442969 0.375 0.451562 0.38125 0.4625 0.382031 0.475 0.37578100000000003 0.502344 0.35156200000000004 0.509375 0.341406 0.516406 0.325 0.517969 0.307031 0.5125 0.30625 0.472656 0.346875
0 0.20703100000000002 0.353906 0.18984399999999998 0.353906 0.159375 0.34843799999999997 0.150781 0.34843799999999997 0.13125 0.35859399999999997 0.12343699999999999 0.364844 0.12343699999999999 0.36718799999999996 0.12734399999999998 0.371094 0.145312 0.376563 0.190625 0.378906 0.202344 0.376563 0.208594 0.373437 0.217969 0.364844 0.21875 0.36015600000000003 0.215625 0.357031 0.20703100000000002 0.353906
0 0.061719 0.22968700000000003 0.042187999999999996 0.24375 0.032031 0.25468799999999997 0.023438 0.269531 0.023438 0.275781 0.03125 0.2875 0.038280999999999996 0.2875 0.047656 0.28125 0.083594 0.241406 0.0875 0.233594 0.088281 0.217969 0.082812 0.21875 0.061719 0.22968700000000003
0 0 0.43671899999999997 0.00625 0.435156 0.015625 0.4375 0.029687 0.435937 0.055469000000000004 0.428125 0.057031 0.423438 0.053905999999999996 0.421875 0.029687 0.420312 0.008594000000000001 0.414844 0.007031 0.4125 0.007031 0.392969 0.005469 0.39140600000000003 0 0.39375 0 0.43671899999999997
0 0.321094 0.314063 0.321094 0.309375 0.303906 0.269531 0.303906 0.25078100000000003 0.298438 0.23203100000000002 0.291406 0.22343799999999997 0.2875 0.221875 0.296875 0.210938 0.303125 0.177344 0.303125 0.15390600000000002 0.299219 0.13828100000000002 0.295312 0.13281199999999999 0.291406 0.135156 0.28906200000000004 0.141406 0.2875 0.15390600000000002 0.279687 0.175 0.275 0.196875 0.278125 0.213281 0.286719 0.221875 0.286719 0.224219 0.275781 0.23671899999999998 0.271094 0.25078100000000003 0.271875 0.269531 0.275 0.286719 0.279687 0.302344 0.286719 0.317969 0.289844 0.321094 0.309375 0.31875 0.321094 0.314063
0 0.384375 0.185938 0.369531 0.160938 0.359375 0.151562 0.350781 0.151562 0.347656 0.160938 0.35 0.17421899999999998 0.353125 0.18359399999999998 0.360938 0.196094 0.369531 0.204687 0.380469 0.210156 0.39140600000000003 0.210156 0.4 0.20546899999999998 0.399219 0.202344 0.384375 0.185938
0 0.504688 0 0.5 0.009375 0.5 0.017188000000000002 0.515625 0.045312000000000005 0.548438 0.086719 0.55625 0.092188 0.560937 0.092188 0.564063 0.094531 0.573437 0.09375 0.574219 0.090625 0.565625 0.07421900000000001 0.555469 0.061719 0.536719 0.029687 0.523438 0.010936999999999999 0.51875 0 0.504688 0
0 0.747656 0.126562 0.745312 0.135156 0.734375 0.15390600000000002 0.719531 0.185938 0.704688 0.228125 0.704688 0.23828100000000002 0.707813 0.240625 0.717187 0.235156 0.733594 0.217969 0.757812 0.178125 0.757812 0.16953100000000002 0.753906 0.160938 0.7515620000000001 0.149219 0.7515620000000001 0.142187 0.753906 0.139844 0.757031 0.12890600000000002 0.755469 0.124219 0.7515620000000001 0.123438 0.747656 0.126562
0 0.692969 0.211719 0.670312 0.23203100000000002 0.664844 0.23906299999999997 0.6625 0.24765600000000002 0.664062 0.252344 0.635156 0.27656200000000003 0.63125 0.284375 0.63125 0.291406 0.639844 0.291406 0.657031 0.279687 0.660156 0.269531 0.667969 0.264062 0.670312 0.260156 0.66875 0.252344 0.676563 0.25078100000000003 0.68125 0.242969 0.6875 0.240625 0.689844 0.235937 0.69375 0.235937 0.697656 0.23203100000000002 0.701562 0.233594 0.7 0.228906 0.703906 0.225781 0.709375 0.21640600000000002 0.7125 0.203125 0.707813 0.203125 0.692969 0.211719
0 0.283594 0.369531 0.279687 0.365625 0.265625 0.364844 0.264062 0.366406 0.253906 0.364844 0.225781 0.36875 0.22265600000000002 0.372656 0.22265600000000002 0.377344 0.234375 0.4 0.240625 0.40703100000000003 0.24531299999999998 0.409375 0.25625 0.40546899999999997 0.271875 0.39531299999999997 0.286719 0.38125 0.290625 0.371875 0.288281 0.36875 0.283594 0.369531
0 0.492969 0.621094 0.489062 0.63125 0.489844 0.639844 0.496875 0.657813 0.501563 0.657031 0.504688 0.653125 0.511719 0.629687 0.509375 0.619531 0.503906 0.616406 0.496094 0.617969 0.492969 0.621094
0 0.8617190000000001 0.23203100000000002 0.8601559999999999 0.228125 0.8265629999999999 0.198437 0.780469 0.151562 0.76875 0.14453100000000002 0.761719 0.14296899999999998 0.755469 0.14375 0.753125 0.146875 0.753125 0.154688 0.759375 0.177344 0.774219 0.20078100000000002 0.794531 0.217188 0.8125 0.235156 0.828125 0.24609399999999998 0.839844 0.251563 0.8578129999999999 0.25 0.8609370000000001 0.24531200000000003 0.8617190000000001 0.23203100000000002
0 0.95 0.34843799999999997 0.9367190000000001 0.334375 0.898438 0.303125 0.875 0.28046899999999997 0.865625 0.275781 0.85625 0.275781 0.853125 0.290625 0.855469 0.298438 0.8742190000000001 0.324219 0.895312 0.34375 0.9070309999999999 0.352344 0.9320309999999999 0.363281 0.9539059999999999 0.36406299999999997 0.954688 0.35859399999999997 0.95 0.34843799999999997
0 0.9085940000000001 0.3625 0.901563 0.407813 0.9039059999999999 0.41718700000000003 0.9085940000000001 0.415625 0.9125 0.410156 0.9234370000000001 0.385156 0.926562 0.364844 0.9234370000000001 0.360938 0.9164059999999999 0.357031 0.910937 0.357031 0.9085940000000001 0.3625
0 0.9085940000000001 0.672656 0.901563 0.670312 0.885938 0.661719 0.8726559999999999 0.648438 0.8648440000000001 0.646875 0.863281 0.649219 0.864063 0.660156 0.871094 0.671094 0.882812 0.680469 0.895312 0.6875 0.9039059999999999 0.690625 0.91875 0.689844 0.925 0.686719 0.9320309999999999 0.678906 0.9320309999999999 0.674219 0.9085940000000001 0.672656
0 0.8835940000000001 0.792188 0.86875 0.795312 0.8257809999999999 0.814063 0.8195309999999999 0.81875 0.81875 0.8226559999999999 0.8273440000000001 0.8304690000000001 0.8460940000000001 0.829688 0.8757809999999999 0.814063 0.895312 0.8 0.8992190000000001 0.799219 0.903125 0.794531 0.898438 0.792188 0.8835940000000001 0.792188
0 0.8140620000000001 0.085938 0.78125 0.096094 0.773438 0.10078100000000001 0.767969 0.10703100000000002 0.76875 0.11171899999999998 0.777344 0.11484399999999999 0.7875 0.114062 0.799219 0.104688 0.803125 0.10390600000000001 0.8070309999999999 0.099219 0.8195309999999999 0.092188 0.8226559999999999 0.0875 0.820312 0.085938 0.8140620000000001 0.085938
0 0.642969 0.0125 0.605469 0.009375 0.633594 0.028125 0.642188 0.029687 0.65 0.033594 0.659375 0.033594 0.65625 0.025 0.642969 0.0125
0 0.691406 0.595313 0.688281 0.609375 0.685937 0.64375 0.682812 0.652344 0.682812 0.658594 0.684375 0.6625 0.6875 0.664062 0.704688 0.660937 0.714062 0.644531 0.719531 0.619531 0.71875 0.6 0.717187 0.591406 0.714062 0.5875 0.695312 0.592187 0.691406 0.595313
0 0.579688 0.271094 0.571875 0.227344 0.564844 0.217969 0.560937 0.215625 0.55625 0.21640600000000002 0.553125 0.228906 0.553125 0.249219 0.555469 0.260156 0.564063 0.282813 0.575 0.283594 0.579688 0.278906 0.579688 0.271094
0 0.896875 0.055469000000000004 0.8835940000000001 0.064062 0.884375 0.071094 0.8976559999999999 0.086719 0.90625 0.09375 0.915625 0.098437 0.921875 0.09765599999999999 0.9210940000000001 0.089063 0.896875 0.055469000000000004
0 0.8929690000000001 0.602344 0.8835940000000001 0.569531 0.882812 0.55625 0.88125 0.553125 0.8726559999999999 0.552344 0.86875 0.554688 0.8679690000000001 0.560937 0.8734379999999999 0.592187 0.8804690000000001 0.608594 0.8851559999999999 0.614062 0.890625 0.614062 0.8929690000000001 0.611719 0.8929690000000001 0.602344
0 0.890625 0.915625 0.8757809999999999 0.9242190000000001 0.8726559999999999 0.932813 0.898438 0.932813 0.91875 0.925781 0.93125 0.917188 0.932813 0.9117190000000001 0.928125 0.902344 0.9210940000000001 0.902344 0.890625 0.915625
0 0.951562 1 0.951562 0.9976559999999999 0.948438 0.9976559999999999 0.9359379999999999 0.990625 0.8992190000000001 0.975 0.890625 0.972656 0.885938 0.9742190000000001 0.8898440000000001 0.982812 0.90625 1 0.951562 1
0 0.785938 0.839063 0.775 0.847656 0.76875 0.8492190000000001 0.7640629999999999 0.853125 0.7640629999999999 0.8570309999999999 0.755469 0.86875 0.755469 0.871875 0.773438 0.8625 0.784375 0.8539059999999999 0.803125 0.845313 0.807812 0.8375 0.8148440000000001 0.8304690000000001 0.8210940000000001 0.8273440000000001 0.820312 0.823438 0.8179690000000001 0.821875 0.785938 0.839063
0 0.711719 0.707031 0.699219 0.68125 0.689844 0.670312 0.685156 0.670312 0.684375 0.704688 0.689844 0.73125 0.707031 0.771875 0.716406 0.784375 0.721094 0.784375 0.720313 0.75 0.711719 0.707031
0 0.614844 0.60625 0.60625 0.6125 0.599219 0.614844 0.576562 0.629687 0.538281 0.65 0.533594 0.655469 0.535938 0.657031 0.553125 0.657813 0.588281 0.646094 0.605469 0.635156 0.616406 0.625 0.624219 0.613281 0.627344 0.611719 0.627344 0.603125 0.624219 0.605469 0.614844 0.60625
0 0.607812 0.8148440000000001 0.582813 0.8148440000000001 0.564844 0.8101559999999999 0.558594 0.8101559999999999 0.553906 0.8132809999999999 0.553125 0.8179690000000001 0.550781 0.820312 0.5 0.8429690000000001 0.490625 0.8492190000000001 0.489844 0.8539059999999999 0.49921899999999997 0.8539059999999999 0.533594 0.8445309999999999 0.548438 0.834375 0.554688 0.8226559999999999 0.559375 0.823438 0.569531 0.832812 0.594531 0.839063 0.614063 0.839063 0.621094 0.8375 0.64375 0.828125 0.661719 0.815625 0.663281 0.8101559999999999 0.653125 0.807813 0.607812 0.8148440000000001
0 0.379687 0.713281 0.375 0.722656 0.36015600000000003 0.739062 0.345313 0.759375 0.34375 0.763281 0.345313 0.767969 0.369531 0.752344 0.39375 0.728906 0.395312 0.725 0.394531 0.721094 0.39843799999999996 0.717969 0.4 0.707812 0.389062 0.707812 0.379687 0.713281
0 0.0875 0.751563 0.080469 0.748437 0.071875 0.75 0.057813 0.767969 0.048437999999999995 0.784375 0.046875 0.795312 0.049219 0.796094 0.058594 0.776563 0.06406300000000001 0.771875 0.06406300000000001 0.76875 0.071875 0.763281 0.0875 0.773438 0.10625 0.769531 0.117188 0.764062 0.12734399999999998 0.75625 0.126563 0.753906 0.121094 0.752344 0.0875 0.751563
0 0.2 0.609375 0.19375 0.597656 0.19531199999999999 0.591406 0.188281 0.591406 0.186719 0.604688 0.18359399999999998 0.610938 0.184375 0.614844 0.189063 0.615625 0.196875 0.622656 0.20156200000000002 0.623437 0.202344 0.61875 0.2 0.609375
0 0.37578100000000003 0.22343799999999997 0.364844 0.225 0.34375 0.221875 0.342187 0.226562 0.34453100000000003 0.22968700000000003 0.353906 0.23203100000000002 0.369531 0.232813 0.379687 0.23046899999999998 0.38984399999999997 0.225 0.392188 0.219531 0.3875 0.217969 0.37578100000000003 0.22343799999999997
0 0.264062 0.439063 0.24609399999999998 0.4125 0.23046899999999998 0.392969 0.22109399999999998 0.372656 0.21640600000000002 0.37421899999999997 0.2125 0.38281200000000004 0.208594 0.37968799999999997 0.20468799999999998 0.380469 0.19921899999999998 0.385156 0.196875 0.38984399999999997 0.196875 0.399219 0.20156200000000002 0.396875 0.203125 0.39140600000000003 0.20781200000000002 0.388281 0.209375 0.38281200000000004 0.2125 0.403125 0.226562 0.425781 0.25078100000000003 0.442969 0.251563 0.447656 0.261719 0.45 0.26640600000000003 0.449219 0.267188 0.446875 0.264062 0.439063
0 0.505469 0.208594 0.496875 0.233594 0.496875 0.25078100000000003 0.501563 0.261719 0.501563 0.265625 0.50625 0.267188 0.507031 0.261719 0.515625 0.253125 0.515625 0.246875 0.5125 0.23906299999999997 0.5125 0.217188 0.515625 0.202344 0.514062 0.19921899999999998 0.509375 0.202344 0.505469 0.208594