0 0.275781 0.282813 0.270313 0.282813 0.261719 0.292969 0.25 0.322656 0.23125 0.35625 0.23125 0.361719 0.233594 0.367188 0.239844 0.371094 0.24375 0.376563 0.249219 0.427344 0.253906 0.432031 0.257031 0.432031 0.2625 0.41093799999999997 0.2625 0.389844 0.258594 0.378906 0.250781 0.371094 0.264062 0.357031 0.270313 0.342969 0.270313 0.329688 0.276562 0.301563 0.277344 0.290625
0 0.959375 0.303906 0.954688 0.305469 0.946875 0.313281 0.911719 0.330469 0.900781 0.339062 0.895312 0.339844 0.8929690000000001 0.3375 0.8820309999999999 0.335938 0.875 0.3375 0.878125 0.342187 0.8773440000000001 0.346094 0.878906 0.349219 0.8875 0.357031 0.8898439999999999 0.364844 0.885938 0.377344 0.878906 0.391406 0.880469 0.396875 0.8882809999999999 0.389844 0.8976559999999999 0.373437 0.898438 0.360938 0.900781 0.358594 0.920312 0.359375 0.934375 0.35625 0.94375 0.35 0.9523439999999999 0.341406 0.959375 0.330469 0.9617190000000001 0.321875 0.9617190000000001 0.308594
0 0.879687 0.298438 0.876563 0.296094 0.860938 0.3 0.849219 0.307812 0.842187 0.305469 0.832812 0.307812 0.821875 0.316406 0.817969 0.324219 0.817969 0.328125 0.820312 0.329688 0.834375 0.328125 0.84375 0.323437 0.8523440000000001 0.3125 0.867188 0.307031
0 0.8039059999999999 0.2875 0.8132810000000001 0.3 0.8273439999999999 0.307031 0.829688 0.303125 0.828125 0.299219 0.832812 0.294531 0.8460940000000001 0.289062 0.854688 0.282813 0.8523440000000001 0.28125 0.809375 0.282813 0.80625 0.28125
0 0.764844 0.11796900000000002 0.764062 0.123438 0.771875 0.135156 0.774219 0.152344 0.790625 0.178906 0.798438 0.185938 0.8039059999999999 0.185938 0.804688 0.177344 0.807031 0.175 0.808594 0.178125 0.807031 0.185938 0.8101559999999999 0.185938 0.8132810000000001 0.189844 0.84375 0.210938 0.8679690000000001 0.221875 0.875 0.22265600000000002 0.876563 0.22109399999999998 0.873437 0.2125 0.865625 0.204687 0.848437 0.192188 0.829688 0.182812 0.815625 0.182031 0.817969 0.16875 0.8101559999999999 0.157031 0.800781 0.135937 0.786719 0.121875 0.779687 0.117188 0.769531 0.11484399999999999
0 0.978125 0 0.951562 0 0.946875 0.050781 0.9539060000000001 0.046875 0.958594 0.051562 0.963281 0.050781 0.9757809999999999 0.020313
0 0.803125 0.0625 0.797656 0.066406 0.780469 0.089844 0.76875 0.109375 0.755469 0.11796900000000002 0.753125 0.146094 0.741406 0.192188 0.742969 0.203906 0.747656 0.208594 0.752344 0.203125 0.767188 0.176563 0.773438 0.155469 0.771875 0.134375 0.764844 0.12265600000000002 0.765625 0.115625 0.767969 0.113281 0.771875 0.114062 0.779687 0.11171899999999998 0.792188 0.098437 0.803125 0.075781 0.8054690000000001 0.064844
0 0.779687 0 0.735156 0 0.732031 0.00625 0.725781 0.007812000000000001 0.719531 0.013280999999999998 0.726562 0.015625 0.732031 0.014844 0.734375 0.017188 0.733594 0.021875 0.732031 0.023438 0.726562 0.022656 0.720313 0.026561999999999995 0.71875 0.038281 0.714063 0.050781 0.711719 0.053905999999999996 0.708594 0.053905999999999996 0.703906 0.060156 0.696875 0.077344 0.694531 0.092969 0.698438 0.096094 0.696875 0.1 0.705469 0.097656 0.735156 0.072656 0.738281 0.065625 0.739062 0.054688 0.742188 0.045312 0.741406 0.036719 0.7375 0.028905999999999998 0.739062 0.024219 0.749219 0.023438 0.764844 0.030469000000000003 0.771875 0.036719 0.778906 0.046875 0.783594 0.048438 0.786719 0.052344 0.789844 0.050781 0.791406 0.044531 0.786719 0.041406 0.779687 0.028905999999999998 0.775781 0.025 0.7625 0.017969 0.776563 0.007812000000000001
0 0.673438 0.24765600000000002 0.671875 0.252344 0.673438 0.261719 0.678125 0.264844 0.689063 0.278125 0.701562 0.2875 0.710938 0.290625 0.717187 0.296875 0.751563 0.345313 0.774219 0.369531 0.784375 0.377344 0.791406 0.378125 0.792188 0.372656 0.782031 0.342187 0.764844 0.307812 0.7625 0.30625 0.765625 0.302344 0.760156 0.298438 0.753125 0.296875 0.736719 0.282031 0.726562 0.278125 0.717187 0.278125 0.711719 0.267188 0.69375 0.253125 0.685937 0.249219
0 0.578125 0.045312 0.573438 0.047656 0.575 0.060937 0.571875 0.09375 0.572656 0.115625 0.58125 0.132812 0.590625 0.146094 0.595313 0.148438 0.599219 0.146875 0.601562 0.148438 0.603125 0.158594 0.60625 0.163281 0.620313 0.203906 0.626563 0.217969 0.63125 0.221875 0.635156 0.220312 0.639062 0.196094 0.639062 0.185156 0.634375 0.169531 0.633594 0.157812 0.619531 0.14375 0.611719 0.139844 0.613281 0.135156 0.611719 0.088281 0.608594 0.078906 0.601562 0.066406 0.589844 0.052344 0.582031 0.046094
0 0.674219 0.361719 0.671094 0.364844 0.66875 0.375 0.653906 0.409375 0.647656 0.415625 0.6375 0.441406 0.635938 0.50625 0.638281 0.510938 0.642969 0.509375 0.646875 0.504687 0.652344 0.494531 0.660937 0.463281 0.660937 0.440625 0.658594 0.428906 0.6625 0.428125 0.675781 0.43671899999999997 0.678906 0.43671899999999997 0.675781 0.42968799999999996 0.664844 0.420312 0.674219 0.408594 0.678125 0.392188 0.678125 0.371875
0 0.480469 0.417969 0.47968700000000003 0.420312 0.482031 0.42656299999999997 0.488281 0.43671899999999997 0.496094 0.467187 0.500781 0.475 0.508594 0.482031 0.528906 0.482031 0.532031 0.48906299999999997 0.532813 0.498437 0.536719 0.50625 0.552344 0.51875 0.564063 0.525 0.582031 0.545312 0.588281 0.546875 0.588281 0.541406 0.582812 0.532813 0.573438 0.507031 0.564844 0.49375 0.560156 0.489844 0.55625 0.48906299999999997 0.552344 0.49218799999999996 0.535937 0.48515600000000003 0.532031 0.47343799999999997 0.53125 0.457031 0.525781 0.44218799999999997 0.521094 0.4375 0.49375 0.420312 0.484375 0.41718700000000003
0 0.55625 0.521094 0.552344 0.533594 0.552344 0.553125 0.55625 0.564844 0.55625 0.599219 0.565625 0.599219 0.571094 0.596094 0.575781 0.589844 0.589844 0.605469 0.607031 0.61875 0.634375 0.633594 0.639844 0.633594 0.640625 0.630469 0.600781 0.585156 0.588281 0.577344 0.580469 0.577344 0.573438 0.570312 0.569531 0.564063 0.575781 0.557813 0.578906 0.547656 0.578906 0.540625 0.574219 0.536719 0.573438 0.532813 0.567187 0.525
0 0.486719 0.430469 0.471094 0.44531200000000004 0.458594 0.46093799999999996 0.454688 0.470313 0.454688 0.475781 0.45781299999999997 0.482031 0.464844 0.489844 0.45781299999999997 0.5 0.45625 0.505469 0.457031 0.530469 0.465625 0.559375 0.46953100000000003 0.585156 0.471875 0.592969 0.47656200000000004 0.6 0.48125 0.599219 0.484375 0.594531 0.491406 0.5625 0.488281 0.517188 0.48125 0.500781 0.47343799999999997 0.491406 0.482812 0.47968700000000003 0.488281 0.460156 0.489844 0.439063
0 0.553906 0.170313 0.550781 0.170313 0.546875 0.175 0.539844 0.192969 0.534375 0.23203100000000002 0.536719 0.23906299999999997 0.540625 0.240625 0.539062 0.244531 0.545312 0.278125 0.548438 0.28125 0.551562 0.279687 0.553125 0.275 0.553906 0.250781 0.542188 0.240625 0.549219 0.23828100000000002 0.552344 0.233594 0.559375 0.211719 0.559375 0.189062 0.55625 0.172656
0 0.55 0 0.532813 0 0.532031 0.002344 0.525 0.005469 0.521094 0.013280999999999998 0.514844 0.00625 0.501563 0.009375 0.49375 0.015625 0.474219 0.022656 0.45 0.035937 0.444531 0.040625 0.442969 0.046094 0.446094 0.049219 0.45390600000000003 0.049219 0.503125 0.039844 0.513281 0.039844 0.520312 0.032031 0.520312 0.023438 0.51875 0.021094 0.521094 0.019531 0.523438 0.021875 0.527344 0.021875 0.533594 0.017969 0.536719 0.0125 0.55 0.002344
0 0.44218799999999997 0.114062 0.43828100000000003 0.11171899999999998 0.41875 0.11640599999999998 0.397656 0.11796900000000002 0.386719 0.121875 0.375 0.129688 0.364844 0.144531 0.358594 0.144531 0.342969 0.129688 0.325 0.12265600000000002 0.314063 0.121094 0.289844 0.12265600000000002 0.265625 0.133594 0.251563 0.142187 0.248438 0.145313 0.248438 0.152344 0.288281 0.159375 0.308594 0.158594 0.345313 0.1625 0.35 0.158594 0.353906 0.151562 0.388281 0.151562 0.399219 0.147656 0.417969 0.1375 0.43828100000000003 0.120313
0 0.355469 0 0.351562 0.017188 0.353125 0.034375 0.360938 0.05 0.371094 0.050781 0.375781 0.053125 0.378125 0.080469 0.380469 0.085938 0.384375 0.117188 0.386719 0.120313 0.391406 0.120313 0.396094 0.11796900000000002 0.398438 0.114062 0.402344 0.086719 0.398438 0.067187 0.392969 0.05625 0.378906 0.052344 0.378906 0.049219 0.385156 0.042969 0.389062 0.032031 0.389062 0
2 0.40625 0.20078100000000002 0.408594 0.204687 0.420312 0.20703100000000002 0.45234399999999997 0.20781299999999997 0.461719 0.20546899999999998 0.45625 0.20078100000000002 0.416406 0.189844 0.409375 0.192188
0 0.439844 0.36875 0.435156 0.364844 0.41718700000000003 0.357812 0.396875 0.357031 0.382812 0.3625 0.376563 0.367969 0.372656 0.375 0.360391 0.375078 0.359297 0.363437 0.353906 0.374219 0.325781 0.374219 0.304688 0.380469 0.299219 0.389062 0.305469 0.396094 0.324219 0.40546899999999997 0.345313 0.4125 0.353906 0.411719 0.367188 0.40625 0.376563 0.397656 0.3875 0.396094 0.396875 0.396875 0.417969 0.389062 0.4375 0.373437
0 0.388281 0.529687 0.386719 0.533594 0.39375 0.564844 0.392969 0.576562 0.395313 0.578906 0.4 0.59375 0.40625 0.603125 0.427344 0.626563 0.439063 0.635156 0.44218799999999997 0.634375 0.442969 0.628125 0.434375 0.602344 0.425 0.588281 0.40546899999999997 0.56875 0.399219 0.546094 0.392969 0.534375
2 0.360938 0.329688 0.3625 0.332813 0.380469 0.329688 0.389062 0.333594 0.396094 0.341406 0.402344 0.342187 0.403125 0.3375 0.400781 0.3375 0.397656 0.334375 0.397656 0.327344 0.389844 0.323437 0.378125 0.321094 0.366406 0.324219
0 0.42265600000000003 0.642969 0.421875 0.646875 0.439844 0.678125 0.444531 0.689844 0.45390600000000003 0.700781 0.4625 0.704688 0.475 0.702344 0.48125 0.703906 0.489844 0.703125 0.496094 0.70625 0.500781 0.705469 0.497656 0.7 0.48515600000000003 0.695312 0.478906 0.6875 0.470313 0.689063 0.46796899999999997 0.686719 0.459375 0.66875 0.457031 0.653906 0.451562 0.645312 0.447656 0.64375 0.44375 0.645312 0.441406 0.651563 0.439063 0.653125 0.428125 0.644531
0 0.394531 0.664062 0.396094 0.679688 0.411719 0.710938 0.425 0.725 0.435156 0.728906 0.442969 0.729688 0.45390600000000003 0.7375 0.464844 0.738281 0.491406 0.744531 0.50625 0.744531 0.525781 0.740625 0.535937 0.736719 0.561719 0.721094 0.56875 0.714844 0.570312 0.710938 0.569531 0.70625 0.566406 0.703906 0.532813 0.704688 0.496094 0.708594 0.48125 0.7125 0.466406 0.721875 0.447656 0.722656 0.446094 0.721094 0.446094 0.704688 0.433594 0.692969 0.411719 0.676562 0.400781 0.664844 0.396875 0.6625
0 0.399219 0.786719 0.398438 0.792188 0.415625 0.815625 0.432031 0.8304690000000001 0.458594 0.85 0.466406 0.846875 0.480469 0.8507809999999999 0.485938 0.857812 0.494219 0.8601560000000001 0.5 0.8679690000000001 0.511484 0.8816409999999999 0.525234 0.9003910000000002 0.520859 0.8828910000000001 0.50625 0.864844 0.5 0.857812 0.497656 0.8523440000000001 0.494531 0.8507809999999999 0.490625 0.851562 0.478906 0.840625 0.474219 0.839844 0.471094 0.8414059999999999 0.46953100000000003 0.839844 0.470313 0.825 0.457031 0.8125 0.425 0.79375 0.40625 0.786719
0 0.458594 0.8914060000000001 0.45781299999999997 0.894531 0.460156 0.904687 0.465625 0.914062 0.470313 0.928125 0.482031 0.94375 0.489844 0.948438 0.492969 0.9617190000000001 0.49921899999999997 0.971875 0.508594 0.98125 0.5125 0.988281 0.515625 1 0.5375 1 0.545312 0.990625 0.541406 0.980469 0.528906 0.979688 0.525781 0.976562 0.521094 0.980469 0.517188 0.974219 0.516406 0.967187 0.524219 0.9554690000000001 0.523438 0.9507809999999999 0.502344 0.933594 0.490625 0.915625 0.475 0.9 0.46406200000000003 0.892188
0 0.2375 0.9507809999999999 0.24531200000000003 0.9601559999999999 0.255469 0.965625 0.266406 0.9757809999999999 0.271094 0.9773440000000001 0.276562 0.976562 0.283594 0.96875 0.299219 0.98125 0.309375 0.985938 0.319531 0.9875 0.338281 0.9875 0.365625 0.9835939999999999 0.404687 0.970313 0.40703100000000003 0.967187 0.40625 0.963281 0.398438 0.958594 0.352344 0.948438 0.321094 0.9460940000000001 0.298438 0.949219 0.290625 0.951562 0.285938 0.95625 0.26875 0.954688 0.264844 0.9523439999999999 0.251563 0.9523439999999999 0.248438 0.946875
0 0.23046899999999998 0.71875 0.228125 0.721094 0.227344 0.744531 0.23203100000000002 0.771875 0.2375 0.789062 0.242188 0.79375 0.249219 0.796875 0.26875 0.796875 0.271875 0.799219 0.270313 0.8101559999999999 0.259375 0.8304690000000001 0.257812 0.840625 0.259375 0.889062 0.261719 0.896094 0.264062 0.8976559999999999 0.267969 0.890625 0.275781 0.855469 0.278125 0.8351559999999999 0.275781 0.8148440000000001 0.276562 0.800781 0.282813 0.7875 0.285938 0.767188 0.272656 0.749219 0.261719 0.739062 0.235156 0.719531
1 0 0.96875 0.00625 0.9679689999999999 0.009375 0.963281 0.015625 0.967187 0.022656 0.96875 0.034375 0.9679689999999999 0.057813 0.9601559999999999 0.064062 0.954688 0.061719 0.9523439999999999 0.053125 0.951562 0.047656 0.953125 0.032813 0.953125 0.009375 0.95 0.008594 0.953125 0.004687 0.954688 0.002344 0.963281 0 0.964063
0 0.10703100000000002 0.8195309999999999 0.096094 0.817187 0.084375 0.817969 0.053125 0.8289060000000001 0.053125 0.854688 0.047656 0.892188 0.05 0.8976559999999999 0.057031 0.898438 0.059375 0.896875 0.066406 0.880469 0.074219 0.8726559999999999 0.084375 0.849219 0.088281 0.83125 0.092188 0.835938 0.092969 0.8414059999999999 0.098437 0.851562 0.113281 0.865625 0.120313 0.865625 0.120313 0.853125 0.117188 0.838281
0 0.084375 0.735156 0.079687 0.735938 0.071875 0.747656 0.064062 0.772656 0.060156 0.772656 0.047656 0.765625 0.039844 0.764062 0.029687 0.75625 0.022656 0.753125 0.016406 0.752344 0.013280999999999998 0.754687 0.013280999999999998 0.7625 0.025781 0.78125 0.057813 0.8125 0.060937 0.8125 0.083594 0.791406 0.085156 0.783594 0.092188 0.774219 0.092188 0.7625
2 0.051562 0.721094 0.05 0.722656 0.048438 0.742188 0.049219 0.760156 0.051562 0.766406 0.057031 0.769531 0.059375 0.767969 0.060937 0.746094 0.057031 0.728125 0.054688 0.722656
2 0.20546899999999998 0.699219 0.20078100000000002 0.698438 0.194531 0.700781 0.186719 0.707812 0.167187 0.739844 0.167187 0.745313 0.170313 0.746094 0.180469 0.739062 0.199219 0.721094 0.204687 0.709375
2 0.139063 0.624219 0.136719 0.628125 0.141406 0.658594 0.15 0.675781 0.160156 0.690625 0.165625 0.696094 0.170313 0.697656 0.171094 0.690625 0.166406 0.675 0.166406 0.650781 0.1625 0.646875 0.161719 0.642188 0.15625 0.633594 0.151562 0.630469 0.150781 0.626563 0.146094 0.623437
0 0.295312 0.647656 0.290625 0.649219 0.289062 0.651563 0.28125 0.68125 0.265625 0.705469 0.257812 0.73125 0.259375 0.735938 0.263281 0.7375 0.265625 0.742969 0.275 0.753125 0.279687 0.752344 0.282813 0.759375 0.284375 0.75625 0.283594 0.745313 0.289062 0.722656 0.289062 0.703906 0.285938 0.692187 0.29375 0.684375 0.296094 0.678125 0.296875 0.661719
0 0.174219 0.546094 0.175 0.553125 0.184375 0.571875 0.196094 0.58125 0.204687 0.579688 0.208594 0.591406 0.217969 0.605469 0.235156 0.622656 0.26875 0.640625 0.279687 0.64375 0.286719 0.642969 0.286719 0.638281 0.278125 0.623437 0.2625 0.604688 0.221875 0.575 0.217188 0.575781 0.209375 0.567969 0.20625 0.567187 0.192969 0.552344 0.189844 0.545312 0.18125 0.54375
0 0.121094 0.508594 0.123438 0.514062 0.142187 0.53125 0.16875 0.544531 0.185156 0.542969 0.189062 0.540625 0.19375 0.532813 0.20078100000000002 0.532031 0.201563 0.533594 0.197656 0.535156 0.198437 0.541406 0.203125 0.549219 0.209375 0.553125 0.232813 0.554688 0.25625 0.548438 0.263281 0.55 0.267188 0.553125 0.286719 0.55625 0.3 0.5625 0.314844 0.563281 0.317188 0.561719 0.316406 0.553906 0.298438 0.5375 0.29375 0.530469 0.280469 0.519531 0.257031 0.507031 0.221875 0.500781 0.197656 0.503906 0.195312 0.505469 0.194531 0.509375 0.195312 0.521875 0.19375 0.524219 0.189844 0.524219 0.182812 0.519531 0.140625 0.507031 0.124219 0.505469
0 0.055469000000000004 0.552344 0.052344 0.551562 0.049219 0.552344 0.048438 0.554688 0.042188 0.555469 0.032813 0.564063 0.032031 0.56875 0.028905999999999998 0.570312 0.027344 0.567187 0.032031 0.542969 0.028905999999999998 0.539844 0.014844 0.560156 0.011719 0.567969 0.011719 0.580469 0.015625 0.584375 0 0.596094 0 0.623437 0.0039060000000000006 0.622656 0.0125 0.616406 0.022656 0.60625 0.029687 0.594531 0.036719 0.6 0.042188 0.600781 0.04375 0.599219 0.054688 0.572656 0.058594 0.56875 0.059375 0.557031
0 0.077344 0.450781 0.078125 0.455469 0.082031 0.459375 0.10390600000000001 0.46953100000000003 0.117188 0.47343799999999997 0.124219 0.47343799999999997 0.126562 0.46953100000000003 0.128906 0.46953100000000003 0.130469 0.471094 0.128906 0.47343799999999997 0.128906 0.49531200000000003 0.134375 0.505469 0.175 0.517969 0.182031 0.517969 0.174219 0.5 0.1625 0.48359399999999997 0.148438 0.470313 0.135156 0.467187 0.134375 0.4625 0.126562 0.454688 0.1125 0.450781 0.089844 0.449219
0 0.028905999999999998 0.3125 0.028905999999999998 0.350781 0.040625 0.373437 0.038281 0.378906 0.032031 0.385937 0.028905999999999998 0.397656 0.027344 0.410156 0.028125 0.435937 0.034375 0.46796899999999997 0.040625 0.482031 0.045312 0.482812 0.049219 0.475 0.053905999999999996 0.446875 0.054688 0.421875 0.05 0.377344 0.046875 0.372656 0.047656 0.355469 0.046094 0.346094 0.033594 0.313281
2 0.291406 0.42109399999999997 0.2875 0.42656299999999997 0.279687 0.454688 0.279687 0.464844 0.282031 0.46796899999999997 0.296094 0.467187 0.3 0.460156 0.297656 0.435156 0.294531 0.425
0 0.353906 0.47656200000000004 0.34375 0.477344 0.322656 0.488281 0.315625 0.49375 0.315625 0.528906 0.321875 0.584375 0.326562 0.584375 0.328906 0.58125 0.334375 0.557813 0.335156 0.525781 0.332031 0.507812 0.333594 0.50625 0.347656 0.507812 0.349219 0.50625 0.336719 0.498437 0.335938 0.49375 0.341406 0.4875 0.353906 0.48125 0.35625 0.478906
0 0.502344 0.289844 0.496094 0.289844 0.47656200000000004 0.302344 0.477344 0.326562 0.482031 0.332031 0.484375 0.328125 0.48359399999999997 0.321094 0.489844 0.317969 0.49531200000000003 0.319531 0.507031 0.31875 0.507031 0.313281 0.502344 0.3
0 0.11796900000000002 0.158594 0.117188 0.163281 0.11953100000000001 0.16875 0.1625 0.217969 0.176563 0.226562 0.185938 0.226562 0.189062 0.228906 0.189062 0.249219 0.192188 0.257031 0.195312 0.260156 0.203906 0.260937 0.23203100000000002 0.270313 0.260937 0.267969 0.285156 0.260156 0.286719 0.254688 0.28125 0.246875 0.269531 0.23828100000000002 0.233594 0.217969 0.22265600000000002 0.21484399999999998 0.211719 0.21484399999999998 0.202344 0.217188 0.196875 0.221875 0.191406 0.22265600000000002 0.189844 0.22109399999999998 0.189844 0.208594 0.178125 0.190625 0.158594 0.175781 0.139844 0.165625 0.121875 0.157812
1 0.194531 0.2625 0.189844 0.257812 0.179688 0.257812 0.166406 0.265625 0.142187 0.297656 0.138281 0.304688 0.138281 0.309375 0.159375 0.309375 0.175781 0.313281 0.180469 0.3125 0.19375 0.289062 0.196875 0.272656
0 0 0.075 0 0.085156 0.002344 0.085156 0.007812000000000001 0.080469 0.015625 0.082812 0.032031 0.10078099999999998 0.034375 0.10625 0.032813 0.109375 0.028905999999999998 0.10234400000000002 0.01875 0.09375 0 0.092969 0 0.121875 0.025781 0.120313 0.028905999999999998 0.121094 0.033594 0.125781 0.0375 0.12265600000000002 0.039844 0.11640599999999998 0.042969 0.113281 0.049219 0.113281 0.063281 0.11796900000000002 0.11171899999999998 0.125781 0.115625 0.123438 0.113281 0.117188 0.092969 0.10234400000000002 0.074219 0.094531 0.060937 0.09375 0.053905999999999996 0.095312 0.044531 0.103125 0.041406 0.103125 0.036719 0.091406 0.026561999999999995 0.078125 0.010156 0.071875
0 0.130469 0.016406 0.124219 0.021094 0.11640599999999998 0.039844 0.117188 0.06875 0.123438 0.080469 0.12265600000000002 0.086719 0.126562 0.085938 0.136719 0.095312 0.144531 0.098437 0.146875 0.101562 0.146875 0.10625 0.141406 0.110937 0.139063 0.121875 0.139063 0.133594 0.140625 0.139063 0.151562 0.140625 0.154688 0.138281 0.15625 0.132812 0.15625 0.126562 0.151562 0.11875 0.152344 0.11171899999999998 0.155469 0.10703100000000002 0.160156 0.10625 0.164844 0.10078099999999998 0.160938 0.0875 0.160938 0.067969 0.154688 0.060156 0.138281 0.024219
2 0.23906299999999997 0.071875 0.23125 0.071094 0.209375 0.077344 0.20078100000000002 0.084375 0.197656 0.091406 0.198437 0.095312 0.2125 0.097656 0.21875 0.090625 0.233594 0.08125
1 0.132031 0.357031 0.134375 0.360938 0.153906 0.3625 0.157031 0.364844 0.161719 0.364844 0.165625 0.36875 0.170313 0.366406 0.174219 0.367188 0.185938 0.374219 0.2 0.371875 0.22265600000000002 0.371875 0.23125 0.369531 0.233594 0.365625 0.225781 0.35625 0.21484399999999998 0.351562 0.195312 0.353125 0.186719 0.35625 0.18125 0.360938 0.178125 0.360938 0.16875 0.352344 0.159375 0.350781 0.141406 0.353125
0 0.46406200000000003 0.9148440000000001 0.459375 0.9054689999999999 0.435156 0.8820309999999999 0.424219 0.8742189999999999 0.403125 0.8664059999999999 0.390625 0.8664059999999999 0.386719 0.8679690000000001 0.383594 0.871875 0.380469 0.8882809999999999 0.370312 0.8882809999999999 0.35625 0.901563 0.35 0.904687 0.3375 0.9039059999999999 0.305469 0.917969 0.284375 0.929688 0.282031 0.932813 0.282031 0.9367189999999999 0.288281 0.9398440000000001 0.310937 0.940625 0.33125 0.9382810000000001 0.347656 0.932813 0.3625 0.925781 0.372656 0.916406 0.377344 0.9085940000000001 0.378125 0.896094 0.38125 0.892188 0.389062 0.896875 0.392969 0.90625 0.409375 0.921875 0.425781 0.9304690000000001 0.442969 0.93125 0.455469 0.928125 0.46406200000000003 0.9226560000000001
1 0.154688 0.775 0.150781 0.773438 0.144531 0.775 0.139063 0.774219 0.136719 0.771094 0.135156 0.763281 0.11875 0.764844 0.097656 0.777344 0.058594 0.8125 0.052344 0.821875 0.052344 0.828125 0.067969 0.825 0.089844 0.816406 0.096875 0.809375 0.11484399999999999 0.796875 0.132031 0.780469 0.147656 0.779687
2 0.40156200000000003 0.251563 0.396875 0.25625 0.4 0.276562 0.404687 0.285156 0.420312 0.296875 0.42265600000000003 0.294531 0.41875 0.286719 0.420312 0.274219 0.41718700000000003 0.266406 0.40625 0.257812 0.40625 0.251563
3 0.607031 0.24765600000000002 0.607031 0.282031 0.603125 0.290625 0.599219 0.289062 0.595313 0.292969 0.591406 0.29375 0.5875 0.298438 0.583594 0.310156 0.583594 0.320312 0.5875 0.328906 0.603906 0.332031 0.607812 0.334375 0.607812 0.341406 0.603125 0.349219 0.603125 0.36875 0.607812 0.377344 0.609375 0.388281 0.615625 0.399219 0.620313 0.421875 0.625 0.433594 0.635156 0.44375 0.635938 0.440625 0.640625 0.43671899999999997 0.648438 0.411719 0.647656 0.360938 0.646094 0.353125 0.640625 0.342187 0.628906 0.332031 0.619531 0.330469 0.61875 0.326562 0.634375 0.326562 0.641406 0.323437 0.655469 0.310156 0.6625 0.296875 0.667969 0.270313 0.667969 0.261719 0.664844 0.255469 0.665625 0.251563 0.657813 0.250781 0.64375 0.259375 0.63125 0.270313 0.626563 0.271094 0.621094 0.265625 0.611719 0.249219