1 0.235156 0.292969 0.22109399999999998 0.285156 0.20625 0.279687 0.17968800000000001 0.275781 0.178125 0.267969 0.175 0.2625 0.165625 0.252344 0.160937 0.251563 0.15625 0.255469 0.16875 0.27031299999999997 0.16875 0.272656 0.166406 0.274219 0.157813 0.27343799999999996 0.15625 0.275 0.157031 0.277344 0.161719 0.279687 0.17421899999999998 0.28125 0.185937 0.291406 0.210938 0.300781 0.224219 0.303125 0.23593799999999998 0.303125 0.239844 0.30156299999999997 0.240625 0.298438 0.235156 0.292969
1 0.135938 0.28046899999999997 0.130469 0.2875 0.128125 0.298438 0.139062 0.303906 0.140625 0.295312 0.14843800000000001 0.284375 0.14843800000000001 0.278906 0.141406 0.277344 0.135938 0.28046899999999997
1 0.099219 0.290625 0.083594 0.302344 0.07656199999999999 0.310156 0.077344 0.314063 0.082812 0.316406 0.091406 0.314063 0.10703100000000002 0.302344 0.114062 0.294531 0.12734399999999998 0.286719 0.12343699999999999 0.28203100000000003 0.099219 0.290625
1 0 0.35859399999999997 0.010156 0.35859399999999997 0.016406 0.352344 0.021093999999999998 0.338281 0.026562999999999996 0.335156 0.025781 0.328125 0.028125 0.314844 0.03125 0.310156 0.042969 0.3 0.042187999999999996 0.296875 0.035156 0.29765600000000003 0.03125 0.3 0.023438 0.308594 0.01875 0.325 0.017188000000000002 0.326562 0.010156 0.326562 0.00625 0.329688 0.003125 0.336719 0.003125 0.345313 0 0.347656 0 0.35859399999999997
1 0.10703100000000002 0.458594 0.103125 0.458594 0.1 0.4625 0.101562 0.466406 0.099219 0.470313 0.099219 0.474219 0.09531300000000001 0.477344 0.09375 0.482812 0.096875 0.48359399999999997 0.10781199999999999 0.475 0.11093800000000001 0.46796899999999997 0.120313 0.465625 0.129687 0.460156 0.147656 0.439844 0.151563 0.430469 0.14375 0.430469 0.10703100000000002 0.458594
1 0.29765600000000003 0.295312 0.289844 0.298438 0.251563 0.30781200000000003 0.25 0.31328100000000003 0.24609399999999998 0.316406 0.242188 0.324219 0.242969 0.32890600000000003 0.249219 0.330469 0.261719 0.32734399999999997 0.263281 0.319531 0.259375 0.314844 0.260156 0.31328100000000003 0.289844 0.30781200000000003 0.303125 0.3 0.30468799999999996 0.294531 0.298438 0.29218700000000003 0.29765600000000003 0.295312
1 0.433594 0.303125 0.42265600000000003 0.289844 0.385938 0.261719 0.38125 0.26093700000000003 0.378125 0.25781200000000004 0.377344 0.24765600000000002 0.35859399999999997 0.22343799999999997 0.340625 0.203906 0.31875 0.19140600000000002 0.3125 0.182031 0.299219 0.16796899999999998 0.29375 0.166406 0.291406 0.16875 0.292188 0.19375 0.29609399999999997 0.20781299999999997 0.308594 0.22265600000000002 0.353125 0.267969 0.35 0.27031299999999997 0.338281 0.27031299999999997 0.333594 0.267188 0.328125 0.269531 0.32734399999999997 0.271875 0.338281 0.279687 0.354688 0.2875 0.37578100000000003 0.289844 0.38125 0.299219 0.3875 0.305469 0.392188 0.314844 0.396094 0.317969 0.4 0.316406 0.403906 0.31718799999999997 0.407813 0.321094 0.433594 0.33593799999999996 0.45234399999999997 0.35 0.474219 0.357812 0.478906 0.357812 0.482031 0.353125 0.467187 0.33281299999999997 0.433594 0.303125
1 0.44531200000000004 0.558594 0.446875 0.521875 0.45234399999999997 0.526563 0.466406 0.552344 0.471094 0.555469 0.471875 0.547656 0.46093799999999996 0.524219 0.442187 0.5 0.441406 0.496875 0.44531200000000004 0.488281 0.44375 0.478125 0.42265600000000003 0.450781 0.42109399999999997 0.446094 0.41875 0.44531200000000004 0.415625 0.446094 0.414844 0.449219 0.41875 0.472656 0.41875 0.486719 0.415625 0.49375 0.415625 0.503125 0.41875 0.51875 0.41875 0.551562 0.426562 0.582812 0.428906 0.585156 0.432031 0.585156 0.439844 0.576562 0.44531200000000004 0.558594
1 0.364062 0.427344 0.342187 0.41875 0.33593799999999996 0.41406200000000004 0.326562 0.41093799999999997 0.321094 0.411719 0.322656 0.416406 0.332031 0.428906 0.34453100000000003 0.434375 0.364844 0.435156 0.365625 0.43125 0.364062 0.427344
1 0.528906 0.20078100000000002 0.505469 0.220312 0.489844 0.23671899999999998 0.479688 0.27031299999999997 0.471875 0.278906 0.4625 0.300781 0.45390600000000003 0.315625 0.455469 0.321094 0.466406 0.330469 0.475 0.322656 0.484375 0.30625 0.490625 0.288281 0.5 0.278125 0.516406 0.267188 0.545312 0.234375 0.553125 0.217969 0.553125 0.209375 0.548438 0.196094 0.540625 0.19531199999999999 0.528906 0.20078100000000002
1 0.05625 0.549219 0.044531 0.553125 0.038280999999999996 0.559375 0.038280999999999996 0.561719 0.040625 0.565625 0.05625 0.564063 0.071875 0.559375 0.07421900000000001 0.554688 0.067969 0.55 0.05625 0.549219
1 0.08203099999999999 0.66875 0.07656199999999999 0.664844 0.071875 0.667188 0.073438 0.677344 0.071875 0.685156 0.064844 0.692969 0.058281000000000006 0.698594 0.055547 0.707188 0.071641 0.701562 0.078125 0.691406 0.084375 0.682813 0.091406 0.685156 0.103125 0.684375 0.114062 0.678125 0.117188 0.674219 0.11640600000000001 0.670312 0.091406 0.671094 0.08203099999999999 0.66875
1 0.051562 0.742969 0.0375 0.739062 0.025 0.744531 0.011719 0.754687 0.014062 0.7625 0.023438 0.764844 0.038280999999999996 0.761719 0.045312000000000005 0.753125 0.057031 0.757031 0.06406300000000001 0.761719 0.072656 0.760156 0.069531 0.755469 0.051562 0.742969
1 0.7671870000000001 0.094531 0.757031 0.085938 0.7375 0.075 0.725781 0.065625 0.721094 0.063281 0.715625 0.064062 0.714062 0.069531 0.717187 0.077344 0.728125 0.092969 0.742188 0.10703100000000002 0.759375 0.117188 0.767969 0.11875 0.773438 0.115625 0.775 0.104688 0.7671870000000001 0.094531
1 0.8960940000000001 0.10078100000000001 0.8835940000000001 0.10390600000000001 0.8765620000000001 0.103125 0.8625 0.107813 0.8445309999999999 0.108594 0.8414059999999999 0.10625 0.8351559999999999 0.110156 0.835938 0.115625 0.8445309999999999 0.11640600000000001 0.875 0.11484399999999999 0.8921870000000001 0.110156 0.902344 0.105469 0.9046879999999999 0.10234399999999999 0.902344 0.10078100000000001 0.8960940000000001 0.10078100000000001
1 0.171094 0.01875 0.166406 0.025781 0.157031 0.032812999999999995 0.15625 0.041406 0.151563 0.05 0.146094 0.054688 0.145312 0.071094 0.15 0.08984400000000001 0.15390600000000002 0.09375 0.15859399999999998 0.092969 0.167188 0.073438 0.16875 0.059375 0.164844 0.039062 0.167188 0.035937000000000004 0.178125 0.029687 0.185937 0.020313 0.19375 0.00625 0.18984399999999998 0.003125 0.18359399999999998 0.00625 0.171094 0.01875
1 0.678125 0.11171899999999998 0.671875 0.110937 0.664062 0.115625 0.6625 0.123438 0.666406 0.12890600000000002 0.664062 0.15 0.664844 0.165625 0.670312 0.165625 0.674219 0.159375 0.674219 0.15390600000000002 0.679688 0.142187 0.678125 0.126562 0.685156 0.11875 0.689063 0.11875 0.696094 0.11171899999999998 0.699219 0.10390600000000001 0.698437 0.10234399999999999 0.684375 0.110156 0.678125 0.11171899999999998
1 0.546875 0.435156 0.535938 0.44531200000000004 0.532813 0.450781 0.532031 0.457031 0.523438 0.466406 0.520313 0.475 0.477344 0.528125 0.471094 0.539844 0.471094 0.542969 0.474219 0.547656 0.4875 0.54375 0.5 0.535937 0.50625 0.535156 0.509375 0.532031 0.514062 0.534375 0.517969 0.53125 0.5375 0.486719 0.539844 0.46796899999999997 0.539922 0.463906 0.548125 0.45593700000000004 0.556484 0.450078 0.559297 0.44703099999999996 0.562188 0.44179700000000005 0.568438 0.435391 0.5757030000000001 0.43062500000000004 0.583281 0.426094 0.590938 0.41867200000000004 0.580469 0.42109399999999997 0.563281 0.424219 0.546875 0.435156
1 0.678906 0.513281 0.66875 0.489844 0.663281 0.484375 0.653906 0.47968700000000003 0.65 0.46875 0.634375 0.461719 0.619531 0.45 0.596094 0.435937 0.5875 0.43671899999999997 0.589844 0.44531200000000004 0.603125 0.4625 0.621875 0.471875 0.64375 0.475 0.646875 0.478125 0.654687 0.496875 0.665625 0.510938 0.677344 0.522656 0.68125 0.525 0.684375 0.524219 0.684375 0.521094 0.678906 0.513281
1 0.638281 0.35 0.610938 0.347656 0.592969 0.340625 0.586719 0.341406 0.588281 0.346094 0.59375 0.346875 0.603906 0.35468700000000003 0.624219 0.361719 0.655469 0.35859399999999997 0.661719 0.35625 0.663281 0.353906 0.651562 0.34843799999999997 0.638281 0.35
1 1 0.284375 0.99375 0.282813 0.959375 0.2875 0.9234370000000001 0.288281 0.9195309999999999 0.299219 0.925 0.303125 0.95 0.30781200000000003 0.964844 0.303906 1 0.305469 1 0.284375
1 1 0.316406 0.99375 0.31875 0.978125 0.329688 0.9695309999999999 0.33906200000000003 0.964844 0.341406 0.964844 0.346875 0.971875 0.36406299999999997 0.978125 0.369531 0.979687 0.36875 0.975 0.35 0.988281 0.34375 1 0.333594 1 0.316406
1 1 0.267188 0.9820309999999999 0.251563 0.9679690000000001 0.248438 0.967187 0.246875 0.95625 0.251563 0.9507809999999999 0.25078100000000003 0.95 0.248438 0.954688 0.23828100000000002 0.954688 0.226562 0.9460940000000001 0.208594 0.940625 0.202344 0.9234370000000001 0.18984399999999998 0.9085940000000001 0.182812 0.89375 0.180469 0.8835940000000001 0.18125 0.882812 0.185938 0.884375 0.18984399999999998 0.8929690000000001 0.19375 0.9132809999999999 0.210156 0.933594 0.233594 0.945312 0.253125 0.951562 0.25625 0.954688 0.252344 0.9625 0.25625 0.98125 0.271875 0.996875 0.28125 1 0.28125 1 0.267188
1 0.9054690000000001 0.340625 0.902344 0.350781 0.89375 0.363281 0.8890629999999999 0.38281200000000004 0.890625 0.4125 0.89375 0.416406 0.896875 0.416406 0.8992190000000001 0.41406200000000004 0.90625 0.399219 0.9085940000000001 0.38984399999999997 0.9085940000000001 0.364844 0.9054690000000001 0.35468700000000003 0.9210940000000001 0.342187 0.929219 0.333125 0.9376559999999999 0.320625 0.9164059999999999 0.334375 0.9054690000000001 0.340625
1 0.9554690000000001 0.507812 0.948438 0.508594 0.948438 0.514062 0.954688 0.521875 0.9625 0.521875 0.976562 0.50625 0.976562 0.501563 0.967187 0.502344 0.9554690000000001 0.507812
1 0.823437 0.553906 0.832813 0.575781 0.8351559999999999 0.585938 0.835938 0.603906 0.8375 0.607031 0.8421879999999999 0.60625 0.8453120000000001 0.596094 0.8453120000000001 0.579688 0.846875 0.576562 0.8429690000000001 0.553906 0.85 0.546094 0.8617190000000001 0.546094 0.865625 0.540625 0.8617190000000001 0.5375 0.8289059999999999 0.5375 0.8140620000000001 0.534375 0.8125 0.541406 0.823437 0.553906
1 0.8125 0.646094 0.789844 0.61875 0.767969 0.6125 0.759375 0.614844 0.760156 0.621094 0.770313 0.630469 0.772656 0.635938 0.785156 0.642188 0.789062 0.648438 0.796094 0.654687 0.8039059999999999 0.654687 0.821875 0.6625 0.8257809999999999 0.6625 0.8257809999999999 0.657813 0.8125 0.646094
1 1 0.809375 0.9976559999999999 0.808594 0.9929690000000001 0.801562 0.980469 0.789062 0.970313 0.782813 0.972656 0.779687 0.972656 0.775781 0.9601559999999999 0.764844 0.933594 0.758594 0.9210940000000001 0.759375 0.91875 0.761719 0.91875 0.764844 0.9234370000000001 0.765625 0.925 0.771875 0.9304690000000001 0.773438 0.9320309999999999 0.775781 0.946875 0.783594 0.954688 0.785937 0.960938 0.797656 0.9929690000000001 0.825 1 0.8273440000000001 1 0.809375
1 0.9210940000000001 0.728906 0.903125 0.728125 0.8898440000000001 0.73125 0.894531 0.740625 0.8914059999999999 0.74375 0.8929690000000001 0.771875 0.895547 0.782188 0.894531 0.790625 0.890625 0.8101559999999999 0.8921870000000001 0.8132809999999999 0.896875 0.8125 0.8992190000000001 0.8101559999999999 0.90625 0.796875 0.907188 0.787891 0.910703 0.7787499999999999 0.9087500000000001 0.7634369999999999 0.9078120000000001 0.751563 0.902344 0.744531 0.9054690000000001 0.742188 0.925 0.739062 0.939063 0.733594 0.953125 0.721875 0.951562 0.717969 0.929688 0.727344 0.9210940000000001 0.728906
1 0.744766 0.789531 0.750703 0.814766 0.746875 0.835938 0.740625 0.853125 0.742969 0.8570309999999999 0.748437 0.854688 0.75625 0.8460940000000001 0.760156 0.839063 0.764844 0.8226559999999999 0.7640629999999999 0.814063 0.765625 0.8101559999999999 0.7640629999999999 0.8023440000000001 0.755469 0.798438 0.7537499999999999 0.7921090000000001 0.773438 0.784375 0.778906 0.779687 0.7875 0.767969 0.784375 0.765625 0.7625 0.780469 0.744766 0.789531
1 0.735938 0.796094 0.728906 0.792188 0.711719 0.790625 0.705469 0.794531 0.707031 0.799219 0.716406 0.8054690000000001 0.742188 0.808594 0.746875 0.8070309999999999 0.749219 0.8039059999999999 0.745312 0.798438 0.735938 0.796094
1 0.701562 0.939063 0.692188 0.923438 0.682031 0.914062 0.674219 0.909375 0.675781 0.9054690000000001 0.674219 0.8992190000000001 0.666406 0.8914059999999999 0.627344 0.865625 0.622656 0.865625 0.621875 0.8695309999999999 0.630469 0.88125 0.664844 0.915625 0.673438 0.9195309999999999 0.689844 0.9351559999999999 0.690625 0.9398440000000001 0.696094 0.946875 0.696875 0.951562 0.701562 0.959375 0.705469 0.9601559999999999 0.70625 0.953125 0.701562 0.939063
1 0.78125 1 0.783594 0.99375 0.790625 0.9914059999999999 0.807812 0.990625 0.815625 0.992188 0.817188 0.9875 0.816406 0.985938 0.8054690000000001 0.982812 0.778906 0.982812 0.777344 0.9867190000000001 0.7640629999999999 0.9976559999999999 0.7640629999999999 1 0.78125 1
1 0.488281 0.803125 0.474219 0.789844 0.458594 0.782813 0.44375 0.779687 0.413281 0.777344 0.360938 0.778906 0.35859399999999997 0.782031 0.360938 0.785937 0.3875 0.798438 0.432031 0.8 0.451562 0.803125 0.457031 0.80625 0.488281 0.8375 0.492969 0.839844 0.501563 0.839063 0.508594 0.84375 0.511719 0.842187 0.510156 0.835938 0.488281 0.803125
1 0.609375 0.767188 0.603125 0.771094 0.595313 0.779687 0.589844 0.794531 0.583594 0.8054690000000001 0.579688 0.855469 0.5875 0.901563 0.590625 0.9039059999999999 0.591406 0.9070309999999999 0.592969 0.9054690000000001 0.591406 0.8851559999999999 0.592969 0.876563 0.589844 0.8664059999999999 0.592187 0.8617190000000001 0.590625 0.857812 0.592187 0.8539059999999999 0.590625 0.8507809999999999 0.592187 0.846875 0.590625 0.840625 0.6 0.8257809999999999 0.603906 0.826562 0.610156 0.821875 0.613281 0.810937 0.627344 0.792969 0.642969 0.763281 0.646094 0.748437 0.645313 0.736719 0.642969 0.733594 0.635937 0.734375 0.609375 0.767188
1 0.392969 0.620313 0.380469 0.620313 0.370313 0.626563 0.364062 0.626563 0.346875 0.63125 0.32734399999999997 0.640625 0.3125 0.652344 0.309375 0.658594 0.3125 0.660156 0.325781 0.659375 0.33125 0.65625 0.339844 0.654687 0.346094 0.65 0.357812 0.648438 0.363281 0.642969 0.37421899999999997 0.638281 0.384375 0.630469 0.389062 0.63125 0.408594 0.642969 0.414844 0.64375 0.417188 0.642188 0.414844 0.638281 0.392969 0.620313
1 0.30468799999999996 0.68125 0.305469 0.675 0.308594 0.669531 0.307031 0.659375 0.303125 0.65625 0.288281 0.652344 0.267969 0.642969 0.260938 0.642188 0.260938 0.646875 0.26640600000000003 0.65625 0.28046899999999997 0.666406 0.296875 0.674219 0.296875 0.6875 0.299219 0.697656 0.302344 0.700781 0.305469 0.700781 0.307813 0.697656 0.30468799999999996 0.68125
1 0.25078100000000003 0.696875 0.244531 0.675 0.244531 0.669531 0.23671899999999998 0.671094 0.235156 0.690625 0.23281200000000002 0.698438 0.228125 0.704688 0.228906 0.707031 0.23203100000000002 0.708594 0.25 0.707812 0.257031 0.705469 0.261719 0.7 0.25078100000000003 0.696875
1 0.303125 0.79375 0.275 0.791406 0.26484399999999997 0.786719 0.253906 0.784375 0.224219 0.767188 0.225781 0.775781 0.23203100000000002 0.78125 0.25078100000000003 0.792969 0.276563 0.804688 0.291406 0.8054690000000001 0.30468799999999996 0.803125 0.31875 0.798438 0.322656 0.795312 0.321094 0.791406 0.303125 0.79375
1 0.228906 1 0.228906 0.9976559999999999 0.22109399999999998 0.9914059999999999 0.2125 0.989062 0.202344 0.982812 0.196875 0.984375 0.170312 0.9851559999999999 0.173438 0.99375 0.180469 0.9976559999999999 0.18125 1 0.228906 1
1 0.09281199999999999 0.974844 0.061719 0.9929690000000001 0.061719 1 0.09765599999999999 0.9842190000000001 0.1025 0.988359 0.125703 0.992422 0.13242199999999998 0.987656 0.10554699999999999 0.9786720000000001 0.09281199999999999 0.974844
1 0.063281 0.8257809999999999 0.064844 0.8492190000000001 0.063281 0.8617190000000001 0.065625 0.8820309999999999 0.073438 0.8898440000000001 0.078125 0.889062 0.07968800000000001 0.878906 0.075 0.8414059999999999 0.07656199999999999 0.839844 0.078906 0.8429690000000001 0.085156 0.842187 0.084375 0.839063 0.077344 0.834375 0.082812 0.8117190000000001 0.080469 0.8054690000000001 0.069531 0.8148440000000001 0.063281 0.8257809999999999
1 0.241406 0.728125 0.22968799999999998 0.714844 0.22695300000000002 0.719453 0.219531 0.721094 0.20703100000000002 0.725781 0.19921899999999998 0.730469 0.197656 0.733594 0.20156200000000002 0.736719 0.209609 0.744453 0.216094 0.7511720000000001 0.219531 0.763359 0.22398400000000002 0.767031 0.22562500000000002 0.756641 0.22031299999999998 0.747656 0.21554700000000002 0.740469 0.23046899999999998 0.734766 0.241406 0.728125
1 0.848438 0.33125 0.8335940000000001 0.345313 0.817188 0.355469 0.815625 0.36406299999999997 0.823437 0.389062 0.8265629999999999 0.38984399999999997 0.828125 0.388281 0.83125 0.378125 0.8289059999999999 0.36406299999999997 0.83125 0.361719 0.8375 0.360938 0.847656 0.35625 0.8648440000000001 0.340625 0.875 0.325 0.875 0.319531 0.8734379999999999 0.317969 0.863281 0.32031200000000004 0.848438 0.33125
1 0.578906 0.14296899999999998 0.567188 0.128125 0.560937 0.123438 0.549219 0.121094 0.546094 0.11875 0.544531 0.11484399999999999 0.545312 0.110937 0.541406 0.101562 0.536719 0.101562 0.535156 0.103125 0.536719 0.110156 0.535938 0.124219 0.539062 0.12734399999999998 0.544531 0.128125 0.56875 0.146094 0.575 0.149219 0.578906 0.149219 0.580469 0.146875 0.578906 0.14296899999999998
1 0.478906 0.053125 0.475 0.05625 0.472656 0.060937 0.474219 0.072656 0.478125 0.078906 0.48125 0.077344 0.48515600000000003 0.06875 0.5 0.057031 0.498437 0.053125 0.48515600000000003 0.051562 0.478906 0.053125
1 0.8296870000000001 0.083594 0.8125 0.09375 0.800781 0.10703100000000002 0.790625 0.109375 0.783594 0.11484399999999999 0.786719 0.11953100000000001 0.790625 0.139063 0.7953129999999999 0.14296899999999998 0.797656 0.15390600000000002 0.8054690000000001 0.170313 0.8039059999999999 0.178125 0.8117190000000001 0.178125 0.8148440000000001 0.175 0.8140620000000001 0.15859399999999998 0.809375 0.14453100000000002 0.80625 0.12734399999999998 0.8101559999999999 0.124219 0.815625 0.125 0.8257809999999999 0.121094 0.828125 0.117188 0.8296870000000001 0.10703100000000002 0.846875 0.095312 0.8609370000000001 0.088281 0.865625 0.083594 0.8664059999999999 0.078906 0.864063 0.075781 0.853125 0.075 0.8296870000000001 0.083594
1 0.787734 0.073281 0.782969 0.08601600000000001 0.78125 0.10390600000000001 0.782656 0.11617200000000001 0.7875 0.110156 0.791406 0.104688 0.79375 0.092188 0.787734 0.073281
1 0.038280999999999996 0.0875 0.025781 0.10390600000000001 0.022656000000000003 0.126562 0.01875 0.128125 0.014844 0.133594 0.014062 0.150781 0.025 0.18984399999999998 0.028125 0.186719 0.032812999999999995 0.170313 0.032031 0.157812 0.035156 0.154688 0.03125 0.139844 0.03125 0.115625 0.036719 0.101562 0.047656 0.088281 0.047656 0.084375 0.04375 0.084375 0.038280999999999996 0.0875
1 0 0 0 0.032031 0.004687 0.03125 0.017969 0.024218999999999997 0.028125 0.014063 0.030469000000000003 0.010156 0.030469000000000003 0 0 0
1 0.697656 0.067187 0.684375 0.075781 0.675 0.085156 0.673438 0.092188 0.688281 0.08984400000000001 0.703125 0.08203099999999999 0.714062 0.072656 0.714844 0.067187 0.7125 0.065625 0.697656 0.067187