2 0.965625 0.298438 0.963281 0.296094 0.958594 0.296094 0.9460940000000001 0.30625 0.9460940000000001 0.307812 0.947656 0.309375 0.9523439999999999 0.309375 0.959375 0.307031 0.964844 0.303125
1 0.04375 0.132812 0.04375 0.135156 0.049219 0.142187 0.060156 0.153125 0.064844 0.154688 0.065625 0.159375 0.067969 0.161719 0.073438 0.164062 0.077344 0.164062 0.080469 0.1625 0.082031 0.157812 0.082031 0.149219 0.079687 0.146094 0.072656 0.141406 0.064844 0.141406 0.054688 0.1375 0.045312 0.132031
2 0.15 0.04375 0.149219 0.0625 0.155469 0.072656 0.161719 0.078906 0.16875 0.082812 0.176563 0.082812 0.18125 0.080469 0.183594 0.077344 0.183594 0.075 0.169531 0.0625 0.154688 0.044531
2 0.369531 0.548438 0.379688 0.553125 0.407813 0.560937 0.4125 0.560937 0.421875 0.557813 0.42656299999999997 0.553125 0.425781 0.551562 0.421875 0.55 0.411719 0.549219 0.408594 0.547656 0.395313 0.548438 0.375 0.546875
1 0.385156 0.708594 0.380469 0.708594 0.378125 0.715625 0.379688 0.726562 0.386719 0.735938 0.386719 0.739062 0.380469 0.75625 0.380469 0.764844 0.385156 0.760938 0.396094 0.738281 0.400781 0.733594 0.402344 0.728906 0.395313 0.717187
1 0.602734 0.538906 0.610938 0.553906 0.621094 0.563281 0.625781 0.576562 0.632812 0.582812 0.635938 0.584375 0.639844 0.584375 0.640625 0.578125 0.635938 0.560937 0.635156 0.551562 0.625781 0.551562 0.618828 0.55 0.613594 0.545859
2 0.488281 0.454688 0.482031 0.451562 0.478906 0.459375 0.46796899999999997 0.472656 0.45 0.482031 0.4375 0.48515600000000003 0.4375 0.488281 0.439063 0.489844 0.447656 0.490625 0.465625 0.486719 0.471094 0.484375 0.471094 0.482812 0.477344 0.477344 0.482031 0.467187 0.484375 0.465625
2 0.578125 0.317969 0.580469 0.321094 0.583594 0.322656 0.600781 0.323437 0.602344 0.322656 0.603906 0.31875 0.607812 0.31875 0.596094 0.314844 0.580469 0.315625
1 0.65 0.149219 0.65 0.157031 0.655156 0.162344 0.66 0.165391 0.658281 0.170313 0.661797 0.172812 0.665625 0.166406 0.665625 0.161719 0.6625 0.160156 0.653906 0.150781
1 0.80625 0.272656 0.800781 0.271875 0.789844 0.273438 0.773438 0.282813 0.773438 0.288281 0.775 0.289062 0.791406 0.28125 0.79375 0.282813 0.79375 0.292187 0.792188 0.296875 0.789844 0.298438 0.789062 0.307031 0.790625 0.307812 0.796875 0.307031 0.803125 0.303125 0.804688 0.289844 0.8101559999999999 0.280469 0.8101559999999999 0.276562
1 0.853125 0.310156 0.847656 0.310937 0.8445310000000001 0.317969 0.845313 0.329688 0.848437 0.330469 0.85625 0.338281 0.8570309999999999 0.341406 0.8523440000000001 0.345313 0.851562 0.35 0.853906 0.353125 0.854688 0.349219 0.85625 0.347656 0.8601560000000001 0.346094 0.8664059999999999 0.333594 0.867188 0.329688 0.864844 0.31875
1 0.928125 0.677344 0.926562 0.678906 0.923438 0.678906 0.921875 0.682813 0.914062 0.688281 0.90625 0.689063 0.900781 0.691406 0.89375 0.698438 0.8882809999999999 0.710156 0.8875 0.721094 0.889062 0.726562 0.896094 0.726562 0.901563 0.721875 0.907813 0.710156 0.909375 0.7 0.911719 0.697656 0.920312 0.694531 0.925 0.689844