0 0.407813 0.646094 0.403906 0.645312 0.371094 0.663281 0.346094 0.688281 0.335156 0.708594 0.33125 0.723437 0.33125 0.736719 0.3375 0.748437 0.342187 0.750781 0.346875 0.750781 0.352344 0.746094 0.360156 0.74375 0.369531 0.730469 0.382031 0.721094 0.394531 0.70625 0.402344 0.691406 0.40703100000000003 0.674219 0.409375 0.648438
0 0.558594 0.43828100000000003 0.553906 0.439063 0.542188 0.449219 0.535156 0.466406 0.539062 0.485938 0.544531 0.491406 0.549219 0.492969 0.557031 0.49218799999999996 0.560937 0.486719 0.559375 0.467187 0.563281 0.458594 0.564844 0.447656 0.5625 0.441406
0 0.157812 0.105469 0.154688 0.10390600000000001 0.149219 0.105469 0.1375 0.117188 0.132812 0.126562 0.132031 0.1375 0.129688 0.142187 0.130469 0.145313 0.141406 0.142187 0.147656 0.1375 0.160156 0.114062 0.160156 0.108594
0 0.607031 0.350781 0.607031 0.358594 0.6125 0.361719 0.614844 0.373437 0.619531 0.377344 0.621094 0.384375 0.632812 0.391406 0.642188 0.4 0.646875 0.40703100000000003 0.655469 0.40625 0.654687 0.4 0.642969 0.378125 0.625 0.353125
0 0.646875 0.133594 0.646094 0.145313 0.650781 0.154688 0.650781 0.173437 0.649219 0.184375 0.64375 0.20078100000000002 0.64375 0.209375 0.648438 0.20781299999999997 0.65625 0.19375 0.664844 0.171875 0.665625 0.164062 0.671875 0.163281 0.671875 0.157812 0.664844 0.149219 0.653906 0.139844 0.649219 0.138281
0 0.817187 0.446094 0.817187 0.451562 0.839844 0.482031 0.839844 0.48515600000000003 0.8375 0.4875 0.840625 0.485938 0.847656 0.486719 0.846875 0.47968700000000003 0.835938 0.461719 0.822656 0.446875
0 0.683594 0.477344 0.684375 0.482812 0.698438 0.503906 0.705469 0.519531 0.710938 0.523438 0.715625 0.523438 0.716406 0.5125 0.707031 0.488281 0.697656 0.480469 0.689844 0.47656200000000004
0 0.854688 0.539844 0.849219 0.539062 0.833594 0.545312 0.825 0.550781 0.8 0.558594 0.780469 0.559375 0.7625 0.554688 0.760156 0.56875 0.7625 0.572656 0.763281 0.583594 0.766406 0.588281 0.767969 0.607031 0.771094 0.609375 0.772656 0.608594 0.774219 0.595313 0.772656 0.592969 0.771875 0.580469 0.767188 0.575781 0.767188 0.567969 0.782031 0.574219 0.797656 0.577344 0.8148440000000001 0.575 0.838281 0.5625 0.851562 0.547656
0 1 0.714844 0.992188 0.717187 0.972656 0.727344 0.967187 0.728125 0.964063 0.73125 0.946875 0.732031 0.946875 0.736719 0.95 0.739844 0.957812 0.761719 0.965625 0.794531 0.9757809999999999 0.8195309999999999 0.9820309999999999 0.828125 0.9875 0.8273439999999999 0.989062 0.8195309999999999 0.985938 0.785937 0.980469 0.767188 0.971875 0.752344 0.9601559999999999 0.739844 0.9625 0.738281 0.9710940000000001 0.739062 0.990625 0.726562 1 0.722656
0 0.196094 0.1375 0.190625 0.134375 0.172656 0.133594 0.142187 0.140625 0.128125 0.147656 0.110937 0.160156 0.101562 0.169531 0.1 0.174219 0.110156 0.178906 0.142969 0.177344 0.158594 0.173437 0.184375 0.157031 0.19375 0.146094
0 0.599219 0.65625 0.596094 0.659375 0.596094 0.689844 0.6 0.702344 0.604688 0.73125 0.614844 0.748437 0.620313 0.747656 0.622656 0.75 0.63125 0.749219 0.632812 0.747656 0.628125 0.739844 0.629687 0.735938 0.625 0.733594 0.623437 0.728125 0.619531 0.73125 0.617969 0.729688 0.621094 0.717969 0.621094 0.70625 0.615625 0.683594 0.601562 0.657813
0 0.417969 0.757031 0.410156 0.75625 0.403906 0.763281 0.386719 0.771875 0.36875 0.775781 0.360938 0.779687 0.353125 0.778906 0.35 0.8445310000000001 0.351562 0.847656 0.359375 0.85 0.36875 0.859375 0.373437 0.85625 0.376563 0.847656 0.377344 0.817969 0.375 0.797656 0.367969 0.785156 0.373437 0.7875 0.375 0.785937 0.386719 0.785156 0.395313 0.782031 0.41875 0.763281 0.419531 0.758594
0 0.49218799999999996 0.513281 0.494531 0.526563 0.514062 0.55625 0.533594 0.596875 0.539062 0.605469 0.546094 0.6125 0.549219 0.613281 0.553125 0.607812 0.557813 0.594531 0.557813 0.579688 0.55625 0.571875 0.547656 0.552344 0.539844 0.539062 0.521094 0.521875 0.507031 0.514062
0 0.376563 0.379688 0.378125 0.385156 0.3875 0.399219 0.400781 0.411719 0.41406200000000004 0.415625 0.423438 0.410156 0.425781 0.403906 0.42265600000000003 0.396875 0.396875 0.372656 0.388281 0.371094 0.382031 0.374219
0 0.024219 0.227344 0.027344 0.23125 0.066406 0.24375 0.075 0.24531200000000003 0.092188 0.24375 0.099219 0.24765600000000002 0.10703100000000002 0.24765600000000002 0.11796900000000002 0.25625 0.11796900000000002 0.260156 0.115625 0.263281 0.11640599999999998 0.267969 0.141406 0.277344 0.1625 0.28125 0.179688 0.282031 0.196094 0.285938 0.203125 0.285938 0.204687 0.284375 0.203125 0.278906 0.19375 0.265625 0.161719 0.23906299999999997 0.15 0.233594 0.1375 0.23125 0.09375 0.23203100000000002 0.091406 0.23046899999999998 0.089063 0.22109399999999998 0.084375 0.21640600000000002 0.057031 0.197656 0.052344 0.198437
0 0.35 0.052344 0.345313 0.055469000000000004 0.340625 0.063281 0.319531 0.085938 0.305469 0.096094 0.276562 0.125 0.272656 0.134375 0.267188 0.138281 0.267188 0.14375 0.269531 0.146094 0.271094 0.153906 0.276562 0.160938 0.280469 0.174219 0.277344 0.178906 0.277344 0.182031 0.286719 0.196094 0.289062 0.19375 0.288281 0.172656 0.285156 0.165625 0.28125 0.161719 0.282031 0.157812 0.277344 0.15 0.277344 0.146094 0.279687 0.142969 0.299219 0.142187 0.313281 0.138281 0.335156 0.12265600000000002 0.35 0.096094 0.350781 0.067969 0.352344 0.055469000000000004
0 0.509375 0.128906 0.509375 0.14375 0.515625 0.150781 0.525781 0.151562 0.532813 0.146875 0.539844 0.154688 0.557813 0.160156 0.56875 0.160156 0.573438 0.158594 0.575781 0.155469 0.575781 0.15 0.571875 0.147656 0.555469 0.146094 0.539844 0.141406 0.534375 0.141406 0.530469 0.145313 0.525 0.144531 0.521094 0.148438 0.519531 0.146875 0.517969 0.135937 0.514062 0.128125
0 0.6125 0.113281 0.610938 0.110937 0.60625 0.109375 0.589063 0.109375 0.571875 0.11484399999999999 0.546094 0.11796900000000002 0.545312 0.121094 0.546875 0.126562 0.553906 0.13125 0.572656 0.130469 0.595313 0.125781 0.610156 0.11796900000000002
0 0.689844 0.067969 0.685156 0.067969 0.682813 0.071094 0.671094 0.101562 0.6625 0.113281 0.648438 0.126562 0.647656 0.134375 0.65 0.136719 0.6625 0.133594 0.671094 0.127344 0.685156 0.110937 0.690625 0.101562 0.69375 0.091406 0.69375 0.083594
0 0.8101559999999999 0.11640599999999998 0.807813 0.125781 0.8101559999999999 0.151562 0.8210940000000001 0.173437 0.825 0.175781 0.83125 0.185938 0.8375 0.189844 0.8585939999999999 0.195312 0.86875 0.202344 0.878906 0.213281 0.907813 0.23125 0.921875 0.23671899999999998 0.93125 0.235937 0.932031 0.23125 0.926562 0.215625 0.911719 0.199219 0.896875 0.189062 0.880469 0.18125 0.849219 0.170313 0.835938 0.169531 0.8304690000000001 0.15 0.816406 0.125781 0.8148440000000001 0.11796900000000002
0 1 0.040625 0.9976559999999999 0.040625 0.976562 0.072656 0.96875 0.088281 0.9679689999999999 0.096094 0.971875 0.096094 0.988281 0.085156 1 0.080469
0 0.817969 0.352344 0.8132810000000001 0.364844 0.8101559999999999 0.4125 0.804688 0.439063 0.80625 0.442969 0.810937 0.442969 0.8273439999999999 0.428125 0.83125 0.42109399999999997 0.835938 0.40546899999999997 0.835938 0.389844 0.832812 0.377344 0.822656 0.353125
0 0.584375 0.46093799999999996 0.584375 0.467187 0.586719 0.471094 0.595313 0.478906 0.60625 0.484375 0.614062 0.48515600000000003 0.615625 0.492969 0.624219 0.503125 0.636719 0.502344 0.642969 0.498437 0.653906 0.49531200000000003 0.653906 0.48906299999999997 0.650781 0.486719 0.625 0.478125 0.616406 0.478906 0.614062 0.474219 0.605469 0.467187 0.588281 0.459375
0 0.488281 0.584375 0.484375 0.592969 0.48515600000000003 0.615625 0.48359399999999997 0.623437 0.490625 0.63125 0.49218799999999996 0.640625 0.484375 0.666406 0.486719 0.671094 0.491406 0.673438 0.500781 0.663281 0.503125 0.657031 0.503906 0.64375 0.502344 0.636719 0.514844 0.626563 0.516406 0.621875 0.5125 0.619531 0.508594 0.623437 0.504687 0.624219 0.503125 0.622656 0.503906 0.609375 0.501563 0.594531 0.49375 0.585156
0 0.353125 0.847656 0.350781 0.853125 0.353125 0.8742189999999999 0.357031 0.885156 0.364063 0.9507809999999999 0.360938 0.954688 0.357812 0.947656 0.349219 0.946875 0.349219 0.9507809999999999 0.346094 0.954688 0.345313 0.964063 0.357812 1 0.432031 1 0.43281200000000003 0.9976559999999999 0.442969 0.992188 0.455469 0.978125 0.455469 0.972656 0.453125 0.9773440000000001 0.442969 0.978906 0.435937 0.9757809999999999 0.41718700000000003 0.9617190000000001 0.404687 0.959375 0.392969 0.954688 0.400781 0.946875 0.40703100000000003 0.945312 0.407813 0.935937 0.4125 0.9304690000000001 0.42109399999999997 0.929688 0.42265600000000003 0.927344 0.4125 0.925781 0.40703100000000003 0.921875 0.40156200000000003 0.901563 0.395313 0.886719 0.382812 0.871094 0.3625 0.8507809999999999
2 0.348438 0.397266 0.314844 0.397266 0.314453 0.380469 0.320312 0.380078 0.341406 0.356641 0.3875 0.330078 0.391406 0.320703 0.420312 0.320703 0.41757799999999995 0.340625 0.409766 0.354687 0.384375 0.375391 0.359375 0.389453 0.349219 0.391016 0.348438 0.397266
0 0.58125 0.832031 0.584375 0.842187 0.585156 0.853906 0.588281 0.8570309999999999 0.583594 0.8617190000000001 0.589844 0.864844 0.592187 0.8726559999999999 0.599219 0.884375 0.601562 0.89375 0.60625 0.8992190000000001 0.609375 0.9085940000000001 0.616406 0.9195309999999999 0.6375 0.941406 0.651563 0.9625 0.675781 0.982812 0.684375 0.985938 0.701562 0.9851560000000001 0.703125 0.9835939999999999 0.703125 0.9773440000000001 0.7 0.96875 0.6875 0.949219 0.675781 0.935937 0.644531 0.9085940000000001 0.638281 0.9070310000000001 0.629687 0.902344 0.626563 0.898438 0.61875 0.896094 0.623437 0.890625 0.625 0.894531 0.628125 0.89375 0.627344 0.890625 0.624219 0.889062 0.622656 0.879687 0.625 0.88125 0.632031 0.88125 0.63125 0.8742189999999999 0.623437 0.867188 0.620313 0.860938 0.60625 0.851562 0.584375 0.83125
0 0.571094 0.814063 0.574219 0.822656 0.599219 0.845313 0.625781 0.864844 0.657813 0.878906 0.6625 0.878906 0.673438 0.882812 0.68125 0.88125 0.678906 0.8742189999999999 0.660156 0.851562 0.625781 0.8257809999999999 0.597656 0.8132810000000001
0 0.611719 0.644531 0.610938 0.646875 0.617188 0.660937 0.627344 0.678125 0.638281 0.690625 0.650781 0.695312 0.653906 0.690625 0.653125 0.676562 0.646094 0.663281 0.629687 0.649219 0.619531 0.644531
0 0.641406 0.520312 0.640625 0.525 0.642188 0.528906 0.6625 0.550781 0.678125 0.58125 0.678906 0.585938 0.682031 0.588281 0.685937 0.596094 0.685156 0.604688 0.686719 0.6125 0.696094 0.635156 0.696094 0.64375 0.697656 0.646875 0.707031 0.654687 0.713281 0.654687 0.729688 0.635938 0.732031 0.630469 0.736719 0.628906 0.725 0.591406 0.7125 0.573438 0.7 0.558594 0.6875 0.548438 0.684375 0.541406 0.678125 0.535156 0.667188 0.528906
0 0.372656 0.728906 0.369531 0.732031 0.36875 0.739062 0.385937 0.764844 0.39375 0.769531 0.4125 0.760938 0.41406200000000004 0.7625 0.4125 0.766406 0.403906 0.773438 0.40156200000000003 0.779687 0.42656299999999997 0.797656 0.435156 0.802344 0.44375 0.803125 0.433594 0.780469 0.420312 0.763281 0.414844 0.759375 0.415625 0.755469 0.389844 0.735156 0.377344 0.728906
0 0.314063 0.489844 0.313281 0.494531 0.348438 0.530469 0.364844 0.554688 0.36875 0.557813 0.373437 0.555469 0.378125 0.547656 0.378125 0.536719 0.367969 0.517969 0.361719 0.510156 0.35 0.49921899999999997 0.335156 0.49218799999999996
0 0.30625 0.4625 0.302344 0.45625 0.294531 0.451562 0.282031 0.44843700000000003 0.249219 0.44843700000000003 0.23046899999999998 0.451562 0.210938 0.457031 0.192188 0.466406 0.189062 0.470313 0.189844 0.477344 0.170313 0.472656 0.161719 0.47343799999999997 0.145313 0.478906 0.11953100000000001 0.490625 0.114062 0.494531 0.113281 0.498437 0.134375 0.503906 0.170313 0.503906 0.184375 0.496094 0.189062 0.490625 0.192188 0.482812 0.204687 0.48906299999999997 0.220312 0.492969 0.2375 0.490625 0.24531200000000003 0.48515600000000003 0.269531 0.48359399999999997 0.286719 0.480469 0.296094 0.475781 0.304688 0.467187
0 0.080469 0.430469 0.078125 0.428125 0.074219 0.428125 0.058594 0.435156 0 0.47656200000000004 0 0.49375 0.007812000000000001 0.496094 0.017969 0.496094 0.03125 0.49218799999999996 0.047656 0.482812 0.0625 0.46953100000000003 0.070312 0.458594 0.079687 0.43671899999999997
1 0.648438 0.328516 0.645703 0.328125 0.64375 0.320703 0.632812 0.317578 0.608203 0.317188 0.608594 0.283203 0.640625 0.283203 0.641016 0.289062 0.658594 0.303516 0.664062 0.303516 0.68125 0.291016 0.683594 0.283203 0.744141 0.283594 0.742188 0.292578 0.716406 0.300391 0.678125 0.319141 0.649219 0.322266 0.648438 0.328516
1 0.490625 0.44726600000000005 0.46953100000000003 0.44726600000000005 0.46875 0.439453 0.449219 0.4378909999999999 0.435937 0.426953 0.426953 0.425 0.426953 0.414844 0.446875 0.41445300000000007 0.44726600000000005 0.420312 0.45234399999999997 0.423828 0.471875 0.425391 0.477344 0.43007800000000007 0.490625 0.43164100000000005 0.490625 0.44726600000000005
0 0.279687 0.728516 0.227344 0.728516 0.22695300000000002 0.722656 0.221875 0.719141 0.196094 0.717578 0.165625 0.705078 0.152344 0.703516 0.151953 0.692969 0.192188 0.692578 0.210938 0.697266 0.214453 0.686719 0.217969 0.684766 0.221875 0.684766 0.225781 0.692578 0.2375 0.692578 0.253125 0.691016 0.265625 0.684766 0.267969 0.676953 0.328125 0.676953 0.328516 0.685937 0.320703 0.688281 0.314453 0.701562 0.29375 0.717578 0.282031 0.720703 0.279687 0.728516
0 0.310937 0.138281 0.319531 0.142969 0.345313 0.148438 0.365625 0.146875 0.364844 0.142969 0.351562 0.132031 0.334375 0.124219
0 0.351562 0.078906 0.350781 0.089063 0.353125 0.091406 0.392188 0.099219 0.398438 0.098437 0.40156200000000003 0.096094 0.398438 0.091406 0.379688 0.08125 0.365625 0.077344 0.353125 0.077344
0 0.19375 0 0.194531 0.014063 0.198437 0.028125 0.20078100000000002 0.03125 0.20546899999999998 0.028125 0.213281 0.027344 0.21875 0.0375 0.232813 0.038281 0.233594 0.032813 0.217188 0.03125 0.217188 0.026561999999999995 0.21484399999999998 0.021875 0.217188 0.017969 0.215625 0.015625 0.21640600000000002 0
0 0.241406 0.9289059999999999 0.242188 0.942969 0.253906 0.9625 0.264062 0.970313 0.271875 0.970313 0.282813 0.965625 0.291406 0.9835939999999999 0.303906 1 0.357031 1 0.35625 0.9929690000000001 0.342969 0.9617190000000001 0.330469 0.957812 0.309375 0.946875 0.294531 0.9445309999999999 0.284375 0.9375 0.275781 0.935937 0.272656 0.93125 0.259375 0.9304690000000001 0.253125 0.928125
0 0.454688 0.540625 0.454688 0.576562 0.45781299999999997 0.615625 0.457031 0.640625 0.459375 0.642969 0.46875 0.638281 0.478125 0.626563 0.482031 0.610938 0.480469 0.570312 0.478125 0.560156 0.459375 0.541406
1 0.553125 0.528516 0.541406 0.528516 0.5375 0.519141 0.521875 0.511328 0.489844 0.506641 0.473828 0.478906 0.46445299999999995 0.475 0.46445299999999995 0.45234399999999997 0.484375 0.45195299999999994 0.4847659999999999 0.45781299999999997 0.500391 0.471094 0.503516 0.477344 0.505078 0.485938 0.501953 0.49531200000000003 0.525 0.49882799999999994 0.547656 0.514453 0.553125 0.514453 0.553125 0.528516
2 0.7875 0.9535160000000001 0.761719 0.9535160000000001 0.760938 0.945703 0.739453 0.940625 0.739844 0.8894529999999999 0.753516 0.8898439999999999 0.758203 0.914062 0.764844 0.9207029999999999 0.796094 0.9113279999999999 0.8125 0.9113279999999999 0.8148440000000001 0.914453 0.8222660000000002 0.9148440000000001 0.8222660000000002 0.925 0.816406 0.925391 0.8128910000000001 0.932813 0.801562 0.9425779999999999 0.789844 0.945703 0.7875 0.9535160000000001
1 0.934375 0.10664100000000001 0.9226560000000001 0.10664100000000001 0.9128909999999999 0.095312 0.903516 0.074219 0.8957029999999999 0.071875 0.896094 0.045703 0.9113279999999999 0.046094 0.9113279999999999 0.053125 0.9207029999999999 0.064844 0.9269529999999999 0.0875 0.934766 0.089844 0.934375 0.10664100000000001
1 0.2625 0.44570300000000007 0.235156 0.44570300000000007 0.22109399999999998 0.442578 0.220703 0.427344 0.228125 0.426953 0.24609399999999998 0.41601600000000005 0.264844 0.412891 0.303125 0.41757799999999995 0.326562 0.409766 0.327344 0.40195299999999995 0.347266 0.402344 0.346875 0.412891 0.339844 0.412891 0.325 0.423828 0.303125 0.43164100000000005 0.280469 0.426953 0.275391 0.435937 0.2625 0.44570300000000007
2 0.728125 0.739453 0.703906 0.736328 0.682031 0.725391 0.665625 0.709766 0.658594 0.709766 0.658203 0.689844 0.66875 0.689453 0.671094 0.697266 0.675 0.697266 0.697656 0.717578 0.721094 0.731641 0.728125 0.731641 0.728125 0.739453
1 0.434375 0.097266 0.42109399999999997 0.097266 0.41875 0.089453 0.3875 0.067578 0.364453 0.067187 0.364453 0.050781 0.370703 0.05 0.372266 0.039062 0.372266 0.027344 0.370312 0.023828 0.364453 0.023438 0.364844 0.014452999999999999 0.383203 0.014844 0.384766 0.048438 0.40546899999999997 0.06132800000000001 0.41406200000000004 0.062891 0.425391 0.072656 0.428906 0.080078 0.434375 0.080078 0.434375 0.097266
1 0.284375 0.361328 0.272656 0.361328 0.253125 0.341016 0.239844 0.337891 0.220312 0.317578 0.214453 0.317188 0.21484399999999998 0.283203 0.22695300000000002 0.283594 0.22695300000000002 0.290625 0.237891 0.299219 0.251953 0.321875 0.261328 0.327344 0.261328 0.332813 0.269141 0.338281 0.278906 0.351953 0.284766 0.352344 0.284375 0.361328
1 0.459375 0.603516 0.43828100000000003 0.603516 0.435937 0.595703 0.428906 0.594141 0.389062 0.562891 0.383594 0.562891 0.383203 0.546094 0.40156200000000003 0.545703 0.402344 0.553516 0.42968799999999996 0.567578 0.45234399999999997 0.591016 0.459375 0.591016 0.459375 0.603516
1 0.353125 0.06132800000000001 0.345703 0.060937 0.346094 0.051953000000000006 0.353516 0.052344 0.353125 0.06132800000000001
1 0.7875 0.9535160000000001 0.761719 0.9535160000000001 0.760938 0.945703 0.739453 0.940625 0.739844 0.8894529999999999 0.753516 0.8898439999999999 0.755078 0.904687 0.763281 0.9207029999999999 0.797656 0.9113279999999999 0.810937 0.9113279999999999 0.816406 0.9160160000000002 0.8222660000000002 0.916406 0.8222660000000002 0.923438 0.816406 0.923828 0.8128910000000001 0.932813 0.801562 0.9425779999999999 0.789844 0.945703 0.7875 0.9535160000000001
1 0.164062 0.459766 0.144531 0.459766 0.144141 0.45390600000000003 0.136328 0.44531200000000004 0.12382800000000001 0.42109399999999997 0.114453 0.41718700000000003 0.11484399999999999 0.389453 0.134766 0.389844 0.134766 0.396875 0.150391 0.413281 0.157031 0.43632799999999994 0.188281 0.423828 0.20351599999999997 0.425781 0.203125 0.43007800000000007 0.194531 0.43007800000000007 0.166406 0.45195299999999994 0.164062 0.459766
1 0.017188 0.172266 0.0019530000000000003 0.171875 0.0019530000000000003 0.11640599999999998 0.014063 0.11601599999999998 0.026561999999999995 0.109766 0.051953000000000006 0.090625 0.052344 0.083203 0.071875 0.083203 0.072266 0.090625 0.066016 0.091406 0.04375 0.11914099999999998 0.017578 0.128906 0.020703 0.157812 0.017578 0.161719 0.017188 0.172266
1 0.451562 0.353516 0.439844 0.350391 0.434375 0.342578 0.426953 0.342187 0.426953 0.321094 0.439063 0.320703 0.441406 0.323828 0.46875 0.322266 0.475391 0.314063 0.475391 0.308594 0.49414100000000005 0.295312 0.494531 0.289453 0.5125 0.289453 0.512891 0.296875 0.49570299999999995 0.315625 0.471875 0.337891 0.46406200000000003 0.342578 0.457031 0.342578 0.451562 0.353516
0 0.210938 0.547266 0.190625 0.544141 0.152344 0.545703 0.128906 0.536328 0.115625 0.525391 0.104688 0.530078 0.075781 0.525391 0.034375 0.505078 0.027344 0.505078 0.026952999999999998 0.489844 0.079687 0.489453 0.083594 0.49882799999999994 0.10625 0.505078 0.121094 0.516016 0.133594 0.511328 0.2 0.511328 0.22343799999999997 0.520703 0.225781 0.525391 0.23476599999999997 0.525781 0.234375 0.536328 0.227344 0.536328 0.22343799999999997 0.542578 0.210938 0.547266
0 0.179688 0.653516 0.158203 0.653125 0.158203 0.625781 0.165625 0.625391 0.194141 0.598437 0.196094 0.584766 0.203125 0.584766 0.208594 0.589453 0.215625 0.587891 0.23164100000000004 0.560937 0.236328 0.539844 0.246875 0.539453 0.24726600000000004 0.584375 0.241406 0.584766 0.223828 0.602344 0.23164100000000004 0.617969 0.230078 0.628125 0.22539100000000004 0.628125 0.21601600000000004 0.610156 0.208594 0.605078 0.206641 0.620313 0.201953 0.629687 0.1875 0.644141 0.180078 0.647656 0.179688 0.653516
1 0.098437 0.21601600000000004 0.089453 0.215625 0.089453 0.199219 0.096875 0.198828 0.105078 0.189062 0.105469 0.176953 0.123438 0.176953 0.125391 0.185938 0.133594 0.194141 0.141016 0.194531 0.141016 0.203125 0.132031 0.20351599999999997 0.121094 0.194141 0.109375 0.205078 0.10078099999999998 0.206641 0.098437 0.21601600000000004
1 0.735938 0.8332029999999999 0.732031 0.8332029999999999 0.714063 0.8113279999999999 0.708203 0.810937 0.708594 0.795703 0.740625 0.795703 0.741016 0.80625 0.736719 0.809766 0.759766 0.8148440000000001 0.759375 0.8222660000000002 0.739844 0.8222660000000002 0.735938 0.8332029999999999
2 0.609375 0.534766 0.564844 0.534766 0.560937 0.525391 0.551953 0.523438 0.551953 0.508594 0.571875 0.508203 0.574219 0.516016 0.609375 0.525391 0.609375 0.534766
1 0.073438 0.894141 0.067578 0.892188 0.067578 0.8664059999999999 0.059375 0.861328 0.051953000000000006 0.860938 0.052344 0.8269529999999999 0.069141 0.8273439999999999 0.072266 0.84375 0.066016 0.851562 0.082812 0.8582029999999999 0.087891 0.863281 0.087891 0.867188 0.081641 0.871094 0.080078 0.885938 0.073438 0.894141
1 0.684375 0.322266 0.658203 0.321875 0.658203 0.303906 0.664062 0.303516 0.68125 0.291016 0.683594 0.283203 0.744141 0.283594 0.742188 0.292578 0.732031 0.294141 0.686719 0.314453 0.684375 0.322266
1 0.504687 0.722266 0.49414100000000005 0.721875 0.49414100000000005 0.714844 0.487891 0.70625 0.4847659999999999 0.694531 0.47695300000000007 0.69375 0.477344 0.658203 0.511328 0.658594 0.510938 0.666016 0.49414100000000005 0.671094 0.49570299999999995 0.678125 0.505078 0.691406 0.504687 0.722266
1 0.539062 0.8285160000000001 0.502344 0.8285160000000001 0.5 0.820703 0.489844 0.8191409999999999 0.467187 0.8066410000000002 0.446094 0.800391 0.44570300000000007 0.777344 0.542188 0.776953 0.542578 0.784375 0.552344 0.789453 0.58125 0.789453 0.601953 0.796094 0.601953 0.804688 0.596875 0.8128910000000001 0.577344 0.816016 0.553906 0.809766 0.539453 0.822656 0.539062 0.8285160000000001