0 0.710938 0.41718700000000003 0.708594 0.384375 0.704688 0.37421899999999997 0.703125 0.363281 0.697656 0.353906 0.690625 0.34843799999999997 0.678906 0.345313 0.676563 0.34296899999999997 0.683594 0.332031 0.685156 0.317969 0.680469 0.30156299999999997 0.674219 0.289844 0.669531 0.285156 0.667969 0.286719 0.667187 0.295312 0.671875 0.325781 0.671875 0.336719 0.66875 0.34453100000000003 0.670312 0.365625 0.675781 0.3875 0.682031 0.396875 0.685156 0.409375 0.689063 0.41093799999999997 0.696875 0.420312 0.69375 0.424219 0.697656 0.425781 0.708594 0.42109399999999997 0.710938 0.41718700000000003
1 0.139062 0.21406200000000003 0.13281199999999999 0.209375 0.130469 0.204687 0.110156 0.192188 0.08203099999999999 0.18125 0.064844 0.178906 0.029687 0.16953100000000002 0.023438 0.16953100000000002 0.014062 0.173437 0.014844 0.178125 0.021875 0.182031 0.03125 0.19140600000000002 0.059375 0.20703100000000002 0.078906 0.21484399999999998 0.113281 0.22265600000000002 0.120313 0.22265600000000002 0.146094 0.23906299999999997 0.15390600000000002 0.242188 0.15625 0.240625 0.140625 0.21875 0.139062 0.21406200000000003
0 0 0.47656200000000004 0.013281000000000001 0.475 0.021875 0.46875 0.038280999999999996 0.46875 0.044531 0.465625 0.053905999999999996 0.464844 0.06406300000000001 0.460156 0.080469 0.447656 0.11171899999999998 0.41875 0.121094 0.40703100000000003 0.121875 0.4 0.120313 0.39843799999999996 0.109375 0.4 0.10625 0.403125 0.09765599999999999 0.40546899999999997 0.047656 0.432031 0.040625 0.441406 0.039844000000000004 0.449219 0.042187999999999996 0.45625 0.034375 0.457031 0.025 0.4625 0.017969 0.458594 0.005469 0.460156 0.0023439999999999997 0.457031 0 0.457031 0 0.47656200000000004
1 0.13828100000000002 0.444531 0.134375 0.44375 0.115625 0.451562 0.10703100000000002 0.453125 0.10390600000000001 0.45781299999999997 0.075 0.484375 0.063281 0.504687 0.06406300000000001 0.508594 0.071875 0.509375 0.088281 0.505469 0.096094 0.502344 0.117188 0.4875 0.129687 0.475 0.134375 0.467187 0.128125 0.46093799999999996 0.12890600000000002 0.457031 0.1375 0.451562 0.142188 0.451562 0.146875 0.44843700000000003 0.15234399999999998 0.447656 0.159375 0.439063 0.170312 0.435937 0.170312 0.428906 0.149219 0.43671899999999997 0.13828100000000002 0.444531
1 0.150781 0 0.153125 0.007031 0.173438 0.036719 0.18984399999999998 0.053905999999999996 0.19375 0.055469000000000004 0.203125 0.064062 0.20078100000000002 0.067187 0.20156200000000002 0.072656 0.21406299999999998 0.089063 0.23125 0.1 0.252344 0.10703100000000002 0.260156 0.107813 0.251563 0.0875 0.242188 0.073438 0.228906 0.060937 0.21875 0.057031 0.21875 0.051562 0.211719 0.028905999999999998 0.20546899999999998 0.017188000000000002 0.192969 0 0.150781 0
1 0.316406 0.088281 0.3125 0.103125 0.31328100000000003 0.123438 0.298438 0.129688 0.28125 0.149219 0.274219 0.1625 0.283594 0.16406199999999999 0.28906200000000004 0.171094 0.292188 0.171094 0.31875 0.140625 0.325 0.12890600000000002 0.321875 0.120313 0.332812 0.085938 0.338281 0.07421900000000001 0.338281 0.069531 0.32890600000000003 0.075 0.316406 0.088281
2 0.20078100000000002 0.35859399999999997 0.192969 0.357812 0.18984399999999998 0.36718799999999996 0.194531 0.372656 0.225 0.383594 0.233594 0.384375 0.235156 0.38281200000000004 0.234375 0.37968799999999997 0.20078100000000002 0.35859399999999997
1 0.270312 0.385156 0.265625 0.392188 0.263281 0.40703100000000003 0.264062 0.4125 0.259375 0.41406200000000004 0.25078100000000003 0.425 0.249219 0.435156 0.24609399999999998 0.439063 0.244531 0.450781 0.242969 0.45234399999999997 0.241406 0.48906299999999997 0.242969 0.498437 0.24765600000000002 0.501563 0.252344 0.500781 0.2625 0.48906299999999997 0.263281 0.482812 0.269531 0.471875 0.271094 0.463281 0.275 0.459375 0.28046899999999997 0.444531 0.28046899999999997 0.423438 0.272656 0.4125 0.275781 0.404687 0.278906 0.376563 0.276563 0.375 0.272656 0.377344 0.270312 0.385156
0 0.321875 0.396875 0.316406 0.404687 0.314063 0.415625 0.31171899999999997 0.41875 0.31171899999999997 0.428125 0.296875 0.446094 0.282813 0.478125 0.275 0.489844 0.275 0.494531 0.282813 0.490625 0.298438 0.475781 0.317187 0.454688 0.323438 0.44218799999999997 0.325781 0.440625 0.332812 0.442969 0.348125 0.45390600000000003 0.341797 0.444766 0.335156 0.4375 0.328125 0.428125 0.332031 0.424219 0.341406 0.420312 0.342266 0.41601600000000005 0.346875 0.41164100000000003 0.350234 0.40789099999999995 0.355469 0.403906 0.3625 0.396875 0.378125 0.37421899999999997 0.39140600000000003 0.350781 0.392188 0.34375 0.390625 0.342187 0.380469 0.34375 0.321875 0.396875
0 0.421875 0.10703100000000002 0.404687 0.135156 0.403125 0.141406 0.403906 0.15625 0.411719 0.166406 0.403125 0.172656 0.390625 0.188281 0.376563 0.21875 0.371094 0.239844 0.366406 0.269531 0.367969 0.2875 0.371875 0.290625 0.378125 0.288281 0.388281 0.274219 0.403125 0.244531 0.410156 0.234375 0.432813 0.18359399999999998 0.43671899999999997 0.167187 0.435937 0.16015600000000002 0.424219 0.159375 0.42265600000000003 0.157812 0.430469 0.14296899999999998 0.43828100000000003 0.121875 0.439063 0.1125 0.44531200000000004 0.096875 0.444531 0.091406 0.43671899999999997 0.094531 0.421875 0.10703100000000002
2 0.532031 0.13281199999999999 0.528906 0.126562 0.520313 0.09375 0.517188 0.091406 0.513281 0.09375 0.5125 0.11640600000000001 0.523438 0.142187 0.529687 0.15 0.532813 0.139844 0.532031 0.13281199999999999
2 0.485938 0.295312 0.464844 0.303906 0.457812 0.310937 0.446875 0.317969 0.446875 0.321094 0.45234399999999997 0.321875 0.48515600000000003 0.310937 0.489844 0.305469 0.49218799999999996 0.29609399999999997 0.490625 0.294531 0.485938 0.295312
0 0.584375 0.43125 0.561719 0.414844 0.523438 0.402344 0.511719 0.402344 0.498437 0.41093799999999997 0.486719 0.40703100000000003 0.467187 0.392969 0.446094 0.384375 0.435937 0.382031 0.435156 0.385156 0.45625 0.403125 0.45625 0.404687 0.414844 0.417969 0.388281 0.42109399999999997 0.37578100000000003 0.42656299999999997 0.373437 0.430469 0.37578100000000003 0.43671899999999997 0.403906 0.442969 0.45390600000000003 0.44375 0.482812 0.435156 0.501563 0.424219 0.510937 0.432031 0.566406 0.446094 0.592187 0.447656 0.595313 0.44375 0.59375 0.439844 0.584375 0.43125
1 0.525781 0.458594 0.516406 0.470313 0.50625 0.490625 0.492969 0.492969 0.475781 0.507031 0.463281 0.529687 0.45390600000000003 0.538281 0.43828100000000003 0.557031 0.435156 0.564063 0.435937 0.56875 0.442969 0.56875 0.463281 0.55625 0.482812 0.536719 0.49921899999999997 0.521875 0.503125 0.516406 0.514062 0.505469 0.515625 0.494531 0.525781 0.48515600000000003 0.528906 0.471094 0.538281 0.45625 0.545312 0.451562 0.545312 0.44375 0.540625 0.44531200000000004 0.525781 0.458594
1 0.40703100000000003 0.514844 0.401563 0.517188 0.4 0.521094 0.4 0.542969 0.39140600000000003 0.548438 0.37421899999999997 0.564063 0.36015600000000003 0.580469 0.339844 0.611719 0.335156 0.621875 0.33593799999999996 0.628125 0.341406 0.628906 0.357031 0.623437 0.371094 0.614844 0.390625 0.596875 0.409375 0.573438 0.417188 0.557813 0.414844 0.546094 0.417969 0.541406 0.415625 0.536719 0.416406 0.504687 0.410156 0.509375 0.40703100000000003 0.514844
1 0.510156 0.25468799999999997 0.48359399999999997 0.261719 0.472656 0.263281 0.465625 0.261719 0.45625 0.271875 0.489844 0.277344 0.494531 0.27656200000000003 0.514844 0.26640600000000003 0.519531 0.258594 0.517969 0.25468799999999997 0.510156 0.25468799999999997
1 0.736719 0.134375 0.709375 0.107813 0.685156 0.092969 0.671875 0.08984400000000001 0.661719 0.089063 0.659375 0.090625 0.660156 0.094531 0.682812 0.1125 0.685156 0.11875 0.70625 0.134375 0.723438 0.142187 0.726562 0.146875 0.732812 0.146094 0.738281 0.140625 0.739063 0.13828100000000002 0.736719 0.134375
0 0.8195309999999999 0.03125 0.804688 0.045312000000000005 0.799219 0.046875 0.789844 0.05625 0.789062 0.059375 0.7828120000000001 0.064062 0.7671870000000001 0.0875 0.763281 0.096094 0.757031 0.103125 0.75625 0.120313 0.759375 0.13828100000000002 0.755469 0.142187 0.738281 0.14453100000000002 0.719531 0.151562 0.700781 0.16406199999999999 0.685156 0.176563 0.683594 0.18125 0.673438 0.19531199999999999 0.673438 0.19921899999999998 0.680469 0.2 0.69375 0.194531 0.714062 0.18984399999999998 0.728906 0.182812 0.738281 0.175 0.754688 0.15390600000000002 0.763281 0.150781 0.767969 0.146875 0.773438 0.13828100000000002 0.780469 0.135156 0.792187 0.124219 0.803125 0.108594 0.80625 0.099219 0.8125 0.08984400000000001 0.820312 0.067187 0.8226559999999999 0.064844 0.8289059999999999 0.046094 0.8289059999999999 0.030469000000000003 0.8226559999999999 0.029687 0.8195309999999999 0.03125
2 0.9203129999999999 0.310156 0.8960940000000001 0.315625 0.89375 0.319531 0.8976559999999999 0.321094 0.928125 0.321094 0.9367190000000001 0.317969 0.9398440000000001 0.314844 0.9398440000000001 0.31171899999999997 0.9359379999999999 0.308594 0.9203129999999999 0.310156
2 0.8070309999999999 0.176563 0.790625 0.176563 0.788281 0.180469 0.788281 0.186719 0.790625 0.189062 0.8101559999999999 0.192969 0.8265629999999999 0.192969 0.8304690000000001 0.190625 0.823437 0.18359399999999998 0.8070309999999999 0.176563
0 0.901563 0.40703100000000003 0.8890629999999999 0.371875 0.886719 0.360938 0.8804690000000001 0.349219 0.8742190000000001 0.328125 0.8578129999999999 0.310937 0.8585940000000001 0.3 0.8679690000000001 0.29375 0.8804690000000001 0.274219 0.884375 0.2625 0.8890629999999999 0.227344 0.884375 0.210156 0.878906 0.202344 0.863281 0.186719 0.85625 0.18515600000000002 0.848438 0.188281 0.8351559999999999 0.201563 0.8289059999999999 0.2125 0.8257809999999999 0.23828100000000002 0.8273440000000001 0.26484399999999997 0.834375 0.288281 0.846875 0.303125 0.848438 0.310156 0.8453120000000001 0.317969 0.8445309999999999 0.33593799999999996 0.846875 0.350781 0.853125 0.367969 0.8679690000000001 0.39140600000000003 0.8898440000000001 0.4125 0.896875 0.415625 0.9007809999999999 0.41406200000000004 0.901563 0.40703100000000003
0 0.83125 0.49375 0.8101559999999999 0.490625 0.7828120000000001 0.489844 0.772656 0.49375 0.7671870000000001 0.504687 0.765625 0.501563 0.757031 0.498437 0.734375 0.49921899999999997 0.703906 0.505469 0.685156 0.513281 0.682812 0.517969 0.689063 0.521094 0.726562 0.526563 0.742188 0.525781 0.75625 0.519531 0.767969 0.50625 0.772656 0.511719 0.799219 0.522656 0.820312 0.525781 0.847656 0.524219 0.8601559999999999 0.520312 0.870312 0.514062 0.870312 0.510938 0.8625 0.505469 0.83125 0.49375
0 0.75625 0.457031 0.747656 0.449219 0.7375 0.44375 0.707813 0.435156 0.688281 0.433594 0.682031 0.4375 0.669531 0.439063 0.671094 0.44375 0.682812 0.44375 0.692188 0.45625 0.721875 0.47343799999999997 0.735938 0.47968700000000003 0.752344 0.48359399999999997 0.755469 0.482812 0.7625 0.47656200000000004 0.7625 0.46796899999999997 0.75625 0.457031
0 0.642969 0.31328100000000003 0.630469 0.302344 0.623437 0.299219 0.621875 0.27656200000000003 0.616406 0.25781200000000004 0.607812 0.239844 0.598438 0.235937 0.584375 0.22343799999999997 0.579688 0.224219 0.578906 0.22968700000000003 0.589062 0.26484399999999997 0.588281 0.271875 0.592969 0.275 0.607031 0.303906 0.616406 0.308594 0.626563 0.310937 0.644531 0.326562 0.650781 0.329688 0.650781 0.325 0.642969 0.31328100000000003
0 0.639844 0.619531 0.611719 0.613281 0.583594 0.613281 0.579688 0.61875 0.578125 0.615625 0.579688 0.610938 0.573437 0.603125 0.557031 0.6 0.535156 0.592969 0.501563 0.589063 0.482031 0.589063 0.477344 0.591406 0.48515600000000003 0.602344 0.496094 0.608594 0.54375 0.622656 0.55625 0.629687 0.5625 0.63125 0.571094 0.630469 0.576562 0.627344 0.578906 0.620313 0.58125 0.619531 0.584375 0.621875 0.5875 0.630469 0.596094 0.638281 0.617969 0.646875 0.624219 0.646875 0.628125 0.642188 0.63125 0.642188 0.641406 0.63125 0.642188 0.621875 0.639844 0.619531
0 0.773438 0.548438 0.755469 0.549219 0.728125 0.554688 0.724219 0.557813 0.720313 0.557031 0.717187 0.559375 0.704688 0.560937 0.689063 0.569531 0.679688 0.579688 0.676563 0.586719 0.676563 0.591406 0.661719 0.599219 0.630469 0.635156 0.626563 0.636719 0.623437 0.640625 0.611719 0.640625 0.607031 0.642969 0.617969 0.646875 0.627344 0.646875 0.635937 0.642969 0.670312 0.615625 0.674219 0.610156 0.676563 0.599219 0.680469 0.594531 0.6875 0.592969 0.711719 0.59375 0.725 0.590625 0.775781 0.5625 0.782031 0.557031 0.783594 0.552344 0.78125 0.55 0.773438 0.548438
0 0.765625 0.601562 0.7640629999999999 0.608594 0.767969 0.615625 0.767969 0.621875 0.760937 0.626563 0.748437 0.628125 0.742188 0.633594 0.728125 0.65 0.723438 0.659375 0.723438 0.667969 0.721875 0.669531 0.709375 0.671875 0.682812 0.6875 0.666406 0.703906 0.653906 0.713281 0.625 0.746094 0.621094 0.754687 0.622656 0.757812 0.633594 0.757031 0.653906 0.751563 0.692969 0.735156 0.694531 0.736719 0.696875 0.758594 0.700781 0.763281 0.705469 0.763281 0.711719 0.753125 0.716406 0.735156 0.719531 0.73125 0.725781 0.704688 0.733594 0.688281 0.733594 0.672656 0.750781 0.664062 0.7671870000000001 0.647656 0.7828120000000001 0.614844 0.7875 0.59375 0.7875 0.583594 0.7828120000000001 0.582812 0.765625 0.601562
2 0.7875 0.667188 0.775 0.674219 0.7375 0.688281 0.736719 0.692187 0.741406 0.696875 0.7515620000000001 0.7 0.771094 0.696875 0.782031 0.690625 0.79375 0.680469 0.800781 0.669531 0.794531 0.667188 0.7875 0.667188
1 0.745312 0.8367190000000001 0.744531 0.829688 0.733594 0.798438 0.722656 0.777344 0.71875 0.774219 0.71875 0.770312 0.713281 0.771094 0.710156 0.767969 0.698437 0.763281 0.685937 0.748437 0.682812 0.746875 0.682031 0.74375 0.680469 0.74375 0.680469 0.752344 0.685156 0.761719 0.696094 0.771875 0.710156 0.775781 0.705469 0.78125 0.703906 0.791406 0.70625 0.8054690000000001 0.710938 0.8148440000000001 0.727344 0.8367190000000001 0.739844 0.847656 0.746094 0.85 0.752344 0.840625 0.752344 0.8367190000000001 0.748437 0.839844 0.745312 0.8367190000000001
0 0.691406 0.9367190000000001 0.689844 0.9195309999999999 0.682812 0.886719 0.678125 0.8757809999999999 0.664844 0.8570309999999999 0.664062 0.853125 0.661719 0.8523440000000001 0.657813 0.855469 0.650781 0.85625 0.642969 0.8523440000000001 0.617969 0.829688 0.602344 0.81875 0.597656 0.8179690000000001 0.597656 0.828125 0.607031 0.8460940000000001 0.623437 0.8617190000000001 0.634375 0.867188 0.642188 0.867188 0.645313 0.8695309999999999 0.649219 0.90625 0.660156 0.928125 0.667969 0.939063 0.680469 0.95 0.689063 0.9554690000000001 0.694531 0.9554690000000001 0.696094 0.95 0.691406 0.9367190000000001
0 0.788281 1 0.789062 0.9976559999999999 0.800781 0.995313 0.8101559999999999 0.9875 0.808594 0.9835940000000001 0.778906 0.978125 0.767969 0.9742190000000001 0.760156 0.96875 0.753125 0.9679690000000001 0.749219 0.9617190000000001 0.74375 0.9585940000000001 0.73125 0.957031 0.7 0.9585940000000001 0.700781 0.964063 0.720313 0.973437 0.732031 0.9757809999999999 0.739063 0.9835940000000001 0.747656 0.9835940000000001 0.754688 0.9929690000000001 0.757031 1 0.788281 1
0 0.871094 0.739062 0.8609370000000001 0.745313 0.8523440000000001 0.757031 0.8375 0.770312 0.8335940000000001 0.770312 0.8289059999999999 0.766406 0.8265629999999999 0.7625 0.824219 0.767188 0.809375 0.782813 0.800781 0.8 0.789844 0.816406 0.778906 0.845313 0.7796879999999999 0.8523440000000001 0.783594 0.853125 0.788281 0.8507809999999999 0.797656 0.8414059999999999 0.816406 0.8148440000000001 0.824219 0.800781 0.8257809999999999 0.792969 0.8289059999999999 0.7875 0.8296870000000001 0.778125 0.834375 0.782031 0.840625 0.783594 0.8460940000000001 0.782813 0.865391 0.766328 0.8742190000000001 0.755469 0.878906 0.748437 0.8820309999999999 0.738281 0.8804690000000001 0.733594 0.8726559999999999 0.735156 0.871094 0.739062
0 1 0.742969 0.99375 0.742969 0.989063 0.746094 0.9859370000000001 0.742969 0.9867190000000001 0.728125 0.98125 0.728125 0.9695309999999999 0.733594 0.957812 0.742969 0.953125 0.74375 0.9398440000000001 0.752344 0.9304690000000001 0.755469 0.917188 0.764062 0.921875 0.767969 0.9460940000000001 0.767969 0.970313 0.760938 0.98125 0.763281 0.9945309999999999 0.761719 1 0.759375 1 0.742969
0 0.9625 0.939063 0.9601559999999999 0.9289059999999999 0.957031 0.928125 0.9554690000000001 0.923438 0.9398440000000001 0.9125 0.933594 0.904687 0.9359379999999999 0.902344 0.9539059999999999 0.9007809999999999 0.9539059999999999 0.8960940000000001 0.945312 0.871875 0.9359379999999999 0.8617190000000001 0.9375 0.840625 0.9351559999999999 0.8132809999999999 0.9304690000000001 0.794531 0.9273440000000001 0.7875 0.9234370000000001 0.785156 0.9210940000000001 0.788281 0.91875 0.8039059999999999 0.91875 0.8273440000000001 0.921875 0.8648440000000001 0.9195309999999999 0.8695309999999999 0.9195309999999999 0.882812 0.9226559999999999 0.903125 0.9273440000000001 0.910156 0.9375 0.935937 0.9429690000000001 0.942187 0.954688 0.9507809999999999 0.959375 0.9523440000000001 0.9625 0.948438 0.9625 0.939063
0 0.746875 0.353906 0.739063 0.353125 0.709375 0.3625 0.704688 0.36875 0.704688 0.37421899999999997 0.709375 0.392969 0.710156 0.414844 0.714062 0.415625 0.717187 0.41406200000000004 0.742969 0.389062 0.75 0.36718799999999996 0.757812 0.361719 0.757812 0.35859399999999997 0.760156 0.35859399999999997 0.760156 0.35625 0.755469 0.35859399999999997 0.746875 0.353906