0 0.665625 0.088281 0.642969 0.10078100000000001 0.638281 0.110156 0.614609 0.090703 0.63125 0.11171899999999998 0.638281 0.125 0.647656 0.129687 0.648438 0.126563 0.64375 0.12343699999999999 0.646094 0.121094 0.660938 0.115625 0.676563 0.113281 0.683594 0.109375 0.7 0.10390600000000001 0.702344 0.099219 0.685156 0.089063 0.678125 0.0875 0.665625 0.088281
0 0.941406 0.14843800000000001 0.9375 0.141406 0.939063 0.139062 0.948438 0.140625 0.949219 0.13828100000000002 0.941406 0.132031 0.94375 0.126563 0.939063 0.12265600000000002 0.9398440000000001 0.099219 0.934375 0.082812 0.9226559999999999 0.067187 0.915625 0.061719 0.9132809999999999 0.063281 0.910156 0.08203099999999999 0.910937 0.10078100000000001 0.9226559999999999 0.1375 0.9085940000000001 0.163281 0.90625 0.175 0.909375 0.177344 0.9210940000000001 0.178906 0.942187 0.18515600000000002 0.945312 0.176562 0.9460940000000001 0.164844 0.941406 0.14843800000000001
0 0.7625 0.022656000000000003 0.758594 0.025781 0.755469 0.025781 0.75 0.01875 0.74375 0.016406 0.739844 0.017188000000000002 0.739063 0.020312 0.734375 0.024218999999999997 0.713281 0.024218999999999997 0.703906 0.026562999999999996 0.689063 0.035937000000000004 0.682031 0.044531 0.678906 0.053905999999999996 0.682031 0.057031 0.689063 0.058594 0.7125 0.059375 0.732812 0.053125 0.748437 0.04375 0.75625 0.03125 0.764844 0.032031 0.771875 0.030469000000000003 0.776562 0.026562999999999996 0.784375 0.025781 0.7796879999999999 0.021093999999999998 0.7796879999999999 0.0078119999999999995 0.771094 0.0125 0.767969 0.0125 0.7625 0.022656000000000003
0 0.583594 0.310156 0.5875 0.314063 0.574219 0.328125 0.570312 0.339063 0.574219 0.352344 0.573437 0.354688 0.563281 0.352344 0.551563 0.352344 0.536719 0.357031 0.521094 0.36718799999999996 0.516406 0.367969 0.515625 0.371094 0.517188 0.37421899999999997 0.514062 0.388281 0.507031 0.392188 0.507031 0.396875 0.514062 0.396875 0.541406 0.382031 0.565625 0.373437 0.573437 0.366406 0.59375 0.329688 0.596094 0.32734399999999997 0.600781 0.32734399999999997 0.599219 0.321875 0.601562 0.315625 0.600781 0.31171899999999997 0.589844 0.31328100000000003 0.588281 0.310156 0.583594 0.310156
0 0.7 0.410156 0.691406 0.384375 0.686719 0.378906 0.682031 0.376563 0.677344 0.376563 0.674219 0.373437 0.674219 0.340625 0.666406 0.322656 0.650781 0.305469 0.635937 0.29375 0.602344 0.275 0.59375 0.274219 0.592187 0.279687 0.596875 0.289844 0.600781 0.310937 0.614063 0.339063 0.624219 0.35156200000000004 0.635156 0.36015600000000003 0.657031 0.373437 0.667969 0.37578100000000003 0.671094 0.378906 0.674219 0.38984399999999997 0.678125 0.396094 0.684375 0.401563 0.6875 0.409375 0.697656 0.42109399999999997 0.701562 0.42265600000000003 0.702344 0.41875 0.7 0.415625 0.7 0.410156
0 0.854687 0.454688 0.8367190000000001 0.45390600000000003 0.8210940000000001 0.457812 0.8039059999999999 0.459375 0.794531 0.4625 0.782031 0.470313 0.767969 0.472656 0.760156 0.478125 0.755469 0.470313 0.744531 0.4625 0.732812 0.457812 0.717969 0.45625 0.694531 0.464844 0.677344 0.466406 0.667187 0.471094 0.665625 0.47656200000000004 0.674219 0.486719 0.689063 0.494531 0.707031 0.496875 0.725781 0.496094 0.747656 0.489844 0.763281 0.482031 0.767969 0.486719 0.767969 0.494531 0.778906 0.500781 0.7984370000000001 0.503906 0.8226559999999999 0.503906 0.8382809999999999 0.501563 0.85 0.496094 0.8742190000000001 0.479688 0.8820309999999999 0.471875 0.8820309999999999 0.46953100000000003 0.8765620000000001 0.464063 0.8648440000000001 0.457812 0.854687 0.454688
0 0.723438 0.525 0.708594 0.524219 0.696875 0.528125 0.692969 0.532031 0.689063 0.532813 0.684375 0.536719 0.678906 0.545312 0.669531 0.540625 0.65625 0.541406 0.6375 0.548438 0.636719 0.553125 0.658594 0.553906 0.678906 0.550781 0.695312 0.560937 0.717187 0.561719 0.738281 0.557031 0.7515620000000001 0.550781 0.754688 0.546875 0.753906 0.540625 0.735938 0.529687 0.723438 0.525
0 0.540625 0.5375 0.538281 0.526562 0.530469 0.511719 0.517969 0.496875 0.507031 0.490625 0.509375 0.475781 0.517188 0.48125 0.521875 0.480469 0.524219 0.474219 0.521875 0.470313 0.503906 0.45390600000000003 0.49375 0.448438 0.473437 0.444531 0.46093799999999996 0.428125 0.45234399999999997 0.42109399999999997 0.421875 0.411719 0.411719 0.411719 0.411719 0.417969 0.419531 0.432031 0.444531 0.461719 0.478906 0.490625 0.489844 0.495313 0.496094 0.494531 0.5 0.496875 0.49921899999999997 0.50625 0.503906 0.536719 0.507812 0.545312 0.507812 0.553125 0.511719 0.561719 0.520313 0.573437 0.525 0.574219 0.5375 0.55625 0.540625 0.544531 0.540625 0.5375
0 0.403125 0.439063 0.40625 0.430469 0.40625 0.42265600000000003 0.401563 0.408594 0.39140600000000003 0.388281 0.377344 0.372656 0.361719 0.359375 0.346094 0.35 0.324219 0.34375 0.3 0.339844 0.292188 0.34296899999999997 0.291406 0.346094 0.309375 0.385156 0.326562 0.409375 0.346094 0.424219 0.383594 0.439844 0.376563 0.459375 0.376563 0.46796899999999997 0.382031 0.48359399999999997 0.389062 0.492969 0.413281 0.514844 0.416406 0.514844 0.417188 0.466406 0.410156 0.447656 0.403125 0.439063
0 0.409375 0.627344 0.397656 0.602344 0.377344 0.578906 0.3625 0.567969 0.357031 0.567188 0.346094 0.553906 0.33593799999999996 0.549219 0.340625 0.545312 0.342187 0.541406 0.34375 0.525 0.341406 0.505469 0.334375 0.482812 0.322656 0.4625 0.309375 0.448438 0.2875 0.432031 0.282813 0.432031 0.279687 0.435156 0.278906 0.46796899999999997 0.285156 0.490625 0.3 0.516406 0.315625 0.534375 0.321875 0.544531 0.329688 0.549219 0.328125 0.552344 0.32890600000000003 0.55625 0.321875 0.563281 0.319531 0.571094 0.321094 0.586719 0.32734399999999997 0.602344 0.336719 0.616406 0.348437 0.628125 0.363281 0.6375 0.377344 0.651562 0.403906 0.665625 0.4125 0.666406 0.41406200000000004 0.664062 0.41406200000000004 0.653906 0.409375 0.627344
0 0.28125 0.582031 0.275781 0.575781 0.26875 0.571875 0.271875 0.566406 0.278906 0.560156 0.285156 0.54375 0.286719 0.525 0.284375 0.503906 0.271094 0.472656 0.2625 0.460156 0.244531 0.442187 0.2375 0.440625 0.23203100000000002 0.444531 0.226562 0.466406 0.225781 0.498437 0.23203100000000002 0.524219 0.239844 0.541406 0.25781200000000004 0.56875 0.265625 0.572656 0.264062 0.582813 0.255469 0.591406 0.255469 0.604687 0.258594 0.615625 0.267188 0.629688 0.274219 0.6375 0.275 0.640625 0.28046899999999997 0.640625 0.2875 0.621875 0.2875 0.599219 0.28125 0.582031
0 0 0.8382809999999999 0.011719 0.832031 0.027344 0.8265629999999999 0.048437999999999995 0.8148440000000001 0.072656 0.7953129999999999 0.088281 0.7796879999999999 0.09375 0.767969 0.09218699999999999 0.760156 0.1 0.757031 0.10781199999999999 0.75 0.11640600000000001 0.732031 0.126563 0.697656 0.126563 0.692188 0.125 0.690625 0.11875 0.690625 0.094531 0.700781 0.08125 0.708594 0.071875 0.71875 0.067969 0.726562 0.067187 0.732812 0.071094 0.745312 0.07656199999999999 0.752344 0.075781 0.75625 0.060156 0.757031 0.027344 0.7640629999999999 0 0.777344 0 0.8382809999999999
0 0.32890600000000003 0.8890629999999999 0.321875 0.878125 0.307031 0.8625 0.299219 0.8585940000000001 0.307031 0.8539059999999999 0.310156 0.85 0.308594 0.8421879999999999 0.300781 0.825 0.294531 0.820312 0.290625 0.8226559999999999 0.267969 0.8226559999999999 0.251563 0.8257809999999999 0.251563 0.8304690000000001 0.259375 0.8367190000000001 0.263281 0.8375 0.279687 0.851562 0.298438 0.8601559999999999 0.291406 0.8765620000000001 0.2875 0.8960940000000001 0.2875 0.909375 0.290625 0.91875 0.30468799999999996 0.9375 0.32890600000000003 0.953125 0.338281 0.9554690000000001 0.339844 0.9539059999999999 0.339063 0.93125 0.32890600000000003 0.8890629999999999
0 0.17578100000000002 1 0.19140600000000002 0.9757809999999999 0.20078100000000002 0.9523440000000001 0.213281 0.953125 0.227344 0.949219 0.24609399999999998 0.9382809999999999 0.261719 0.9234370000000001 0.275 0.896875 0.278125 0.882812 0.283594 0.8734379999999999 0.283594 0.86875 0.274219 0.86875 0.263281 0.8734379999999999 0.239844 0.879687 0.21484399999999998 0.89375 0.202344 0.9054690000000001 0.18515600000000002 0.932813 0.178906 0.932813 0.16796899999999998 0.9375 0.15 0.9507809999999999 0.135156 0.9664059999999999 0.128125 0.976562 0.1125 0.9914059999999999 0.10781199999999999 0.9976559999999999 0.10781199999999999 1 0.17578100000000002 1
1 0.4875 0.674219 0.4875 0.669531 0.48125 0.657813 0.46953100000000003 0.646094 0.457031 0.639844 0.44375 0.636719 0.41875 0.634375 0.413281 0.636719 0.414844 0.64375 0.424219 0.652344 0.434375 0.665625 0.444531 0.673438 0.466406 0.68125 0.482812 0.68125 0.49921899999999997 0.695312 0.513281 0.702344 0.519531 0.701562 0.50625 0.682812 0.49921899999999997 0.677344 0.4875 0.674219
1 0.720313 0.85625 0.711719 0.8648440000000001 0.697656 0.867188 0.682031 0.875 0.640625 0.90625 0.638281 0.910937 0.638281 0.91875 0.640625 0.9234370000000001 0.647656 0.928125 0.659375 0.9289059999999999 0.675781 0.9226559999999999 0.689063 0.9125 0.703125 0.8976559999999999 0.708594 0.8898440000000001 0.7125 0.879687 0.716406 0.8757809999999999 0.721875 0.879687 0.735156 0.879687 0.739844 0.878125 0.75625 0.867188 0.758594 0.8609370000000001 0.736719 0.85 0.73125 0.85 0.720313 0.85625
1 0.748437 0.8351559999999999 0.733594 0.8367190000000001 0.732031 0.8351559999999999 0.730469 0.8257809999999999 0.723438 0.8140620000000001 0.710156 0.7984370000000001 0.7 0.790625 0.678125 0.7796879999999999 0.64375 0.7671870000000001 0.633594 0.764844 0.630469 0.7671870000000001 0.629688 0.777344 0.642188 0.801563 0.655469 0.816406 0.677344 0.8351559999999999 0.691406 0.8414059999999999 0.704688 0.84375 0.723438 0.84375 0.732031 0.840625 0.732812 0.8460940000000001 0.735156 0.8492190000000001 0.758594 0.8609370000000001 0.7625 0.8609370000000001 0.7671870000000001 0.865625 0.774219 0.865625 0.765625 0.847656 0.760156 0.8421879999999999 0.748437 0.8351559999999999
0 0.8570309999999999 0.800781 0.8335940000000001 0.7875 0.8148440000000001 0.780469 0.807812 0.78125 0.8054690000000001 0.785156 0.789844 0.790625 0.7825 0.794766 0.796094 0.79375 0.80625 0.7875 0.8109379999999999 0.803125 0.823437 0.817188 0.834375 0.821875 0.8375 0.825 0.8585940000000001 0.8257809999999999 0.8726559999999999 0.81875 0.871875 0.8140620000000001 0.8679690000000001 0.809375 0.8570309999999999 0.800781
0 1 0.809375 0.9859370000000001 0.797656 0.9695309999999999 0.790625 0.9601559999999999 0.789062 0.932813 0.789062 0.9273440000000001 0.790625 0.925781 0.796094 0.941406 0.823437 0.946875 0.8414059999999999 0.954688 0.85 0.96875 0.8578129999999999 0.9695309999999999 0.8609370000000001 0.957031 0.871875 0.957812 0.8773440000000001 0.973438 0.88125 0.9875 0.88125 1 0.878125 1 0.809375
0 1 0.689063 0.995313 0.685937 0.992188 0.680469 0.972656 0.665625 0.9625 0.661719 0.949219 0.663281 0.939063 0.669531 0.9359379999999999 0.666406 0.9359379999999999 0.661719 0.9164059999999999 0.654687 0.9 0.654687 0.86875 0.660938 0.8742190000000001 0.66875 0.8914059999999999 0.678906 0.9164059999999999 0.683594 0.9359379999999999 0.680469 0.94375 0.685937 0.9539059999999999 0.686719 0.964844 0.69375 0.978125 0.696875 0.9875 0.696875 1 0.69375 1 0.689063
0 0.8609370000000001 0.576562 0.85 0.591406 0.8414059999999999 0.611719 0.8375 0.63125 0.8367190000000001 0.649219 0.840625 0.673438 0.81875 0.6875 0.8054690000000001 0.70625 0.796094 0.728125 0.794531 0.736719 0.790625 0.74375 0.791406 0.749219 0.801563 0.749219 0.8210940000000001 0.740625 0.835938 0.728125 0.8421879999999999 0.719531 0.85 0.696875 0.85 0.680469 0.847656 0.674219 0.8539059999999999 0.671875 0.8625 0.6625 0.8695309999999999 0.651562 0.8773440000000001 0.633594 0.8914059999999999 0.614844 0.895312 0.599219 0.9007809999999999 0.586719 0.901563 0.56875 0.9070309999999999 0.554688 0.9070309999999999 0.544531 0.8992190000000001 0.545312 0.8765620000000001 0.560156 0.8609370000000001 0.576562
0 1 0.21718700000000002 0.9945309999999999 0.21718700000000002 0.9875 0.22031299999999998 0.9789059999999999 0.23125 0.975 0.23125 0.96875 0.21484399999999998 0.9625 0.20625 0.949219 0.192187 0.929688 0.18125 0.9085940000000001 0.177344 0.894531 0.178125 0.871875 0.185937 0.865625 0.190625 0.865625 0.19531199999999999 0.8765620000000001 0.203125 0.8882809999999999 0.215625 0.9007809999999999 0.224219 0.917969 0.23203100000000002 0.94375 0.23593799999999998 0.965625 0.241406 0.972656 0.240625 0.978125 0.235156 0.98125 0.2375 1 0.23828100000000002 1 0.21718700000000002
0 0 0.517969 0.004687 0.51875 0.016406 0.528125 0.024218999999999997 0.529687 0.038280999999999996 0.528125 0.058594 0.522656 0.06875 0.517969 0.063281 0.514062 0.036719 0.50625 0.01875 0.503906 0.011719 0.505469 0.005469 0.5125 0 0.513281 0 0.517969
0 0.629688 0.661719 0.617969 0.691406 0.607812 0.695312 0.6 0.704688 0.592969 0.726562 0.591406 0.760937 0.59375 0.773438 0.607031 0.801563 0.610156 0.803125 0.619531 0.7953129999999999 0.628125 0.775781 0.628125 0.7671870000000001 0.633594 0.760156 0.634375 0.734375 0.632031 0.719531 0.627344 0.703125 0.622656 0.696875 0.625 0.694531 0.635156 0.69375 0.651562 0.686719 0.6625 0.676563 0.667187 0.669531 0.670312 0.65625 0.669531 0.646875 0.666406 0.639062 0.657031 0.639062 0.645313 0.642969 0.629688 0.661719
3 0.584375 0.525781 0.564063 0.53125 0.559375 0.535156 0.546875 0.539062 0.540625 0.54375 0.5375 0.554688 0.525781 0.570312 0.51875 0.569531 0.515625 0.564063 0.509375 0.559375 0.50625 0.552344 0.50625 0.546875 0.490625 0.557812 0.482812 0.559375 0.467187 0.551563 0.42109399999999997 0.542969 0.402344 0.54375 0.36718799999999996 0.551563 0.3625 0.555469 0.3625 0.560156 0.377344 0.574219 0.389062 0.58125 0.423438 0.592187 0.435937 0.594531 0.43671899999999997 0.596094 0.432031 0.599219 0.427344 0.608594 0.427344 0.61875 0.43125 0.625 0.444531 0.626563 0.459375 0.620312 0.46796899999999997 0.611719 0.484375 0.585156 0.494531 0.578125 0.497656 0.578125 0.507031 0.588281 0.516406 0.592187 0.523438 0.592969 0.553906 0.591406 0.56875 0.5875 0.591406 0.575 0.607031 0.559375 0.610938 0.548438 0.615625 0.542187 0.617188 0.53125 0.615625 0.528906 0.607812 0.525781 0.584375 0.525781
3 0.428906 0.8734379999999999 0.430469 0.8539059999999999 0.420312 0.8335940000000001 0.41875 0.8265629999999999 0.425 0.8257809999999999 0.428125 0.8117190000000001 0.425781 0.790625 0.417969 0.754688 0.417969 0.738281 0.410937 0.720313 0.399219 0.704688 0.37578100000000003 0.683594 0.371094 0.68125 0.366406 0.68125 0.36015600000000003 0.69375 0.357031 0.717969 0.357031 0.742969 0.360938 0.764844 0.367969 0.78125 0.378125 0.797656 0.39140600000000003 0.8132809999999999 0.399219 0.820312 0.404687 0.821875 0.407813 0.8257809999999999 0.39843799999999996 0.8351559999999999 0.39375 0.84375 0.392969 0.8492190000000001 0.38984399999999997 0.8523440000000001 0.3875 0.8804690000000001 0.38984399999999997 0.910937 0.392969 0.9132809999999999 0.39843799999999996 0.928125 0.409375 0.942187 0.416406 0.946875 0.423438 0.954688 0.42968799999999996 0.954688 0.433594 0.9445309999999999 0.435937 0.914062 0.428906 0.8734379999999999
3 0.49375 0.789062 0.470313 0.804688 0.450781 0.821875 0.449219 0.8296870000000001 0.45234399999999997 0.8375 0.439063 0.8429690000000001 0.43125 0.8570309999999999 0.428906 0.8734379999999999 0.430469 0.875 0.435937 0.9125 0.440625 0.9226559999999999 0.453125 0.941406 0.46875 0.954688 0.496094 0.9632809999999999 0.509375 0.970313 0.514062 0.9695309999999999 0.515625 0.967187 0.514844 0.9210940000000001 0.507031 0.895312 0.490625 0.8679690000000001 0.467187 0.847656 0.460156 0.8429690000000001 0.45390600000000003 0.8421879999999999 0.451562 0.8382809999999999 0.47656200000000004 0.839844 0.498437 0.8367190000000001 0.505469 0.8296870000000001 0.516406 0.8125 0.528906 0.801563 0.533594 0.803125 0.536719 0.816406 0.541406 0.817188 0.55 0.8109379999999999 0.56875 0.7875 0.566406 0.7828120000000001 0.553125 0.7796879999999999 0.528125 0.778906 0.49375 0.789062