0 0.507031 0.547656 0.508594 0.549219 0.505469 0.551562 0.505469 0.563281 0.514844 0.567969 0.542188 0.56875 0.55 0.566406 0.56875 0.564844 0.582812 0.557031 0.589844 0.549219 0.588281 0.544531 0.584375 0.540625 0.576562 0.536719 0.5375 0.534375 0.534375 0.525 0.522656 0.51875 0.513281 0.516406 0.490625 0.516406 0.465625 0.519531 0.450781 0.525 0.449219 0.528906 0.457031 0.5375 0.47343799999999997 0.546094 0.507031 0.547656
0 0.16406199999999999 0.319531 0.173437 0.324219 0.17578100000000002 0.32343700000000003 0.178906 0.317969 0.175 0.307031 0.15859399999999998 0.28203100000000003 0.150781 0.275 0.14843800000000001 0.275 0.147656 0.2875 0.154688 0.30625 0.16406199999999999 0.319531
0 0.20914100000000002 0.383672 0.217969 0.36875 0.23046899999999998 0.35 0.23046899999999998 0.341406 0.226562 0.340625 0.215625 0.34375 0.2 0.353906 0.18515600000000002 0.372656 0.18515600000000002 0.382031 0.192969 0.388281 0.197656 0.388281 0.20914100000000002 0.383672
0 0.42109399999999997 0.790625 0.41718700000000003 0.778125 0.41093799999999997 0.766406 0.404687 0.758594 0.400781 0.758594 0.4 0.760938 0.40546899999999997 0.769531 0.407813 0.780469 0.411719 0.783594 0.404687 0.798438 0.39843799999999996 0.8195309999999999 0.396875 0.846875 0.40156200000000003 0.859375 0.404687 0.863281 0.408594 0.864062 0.414844 0.85 0.42109399999999997 0.8226559999999999 0.42109399999999997 0.790625
0 0.414844 0.715625 0.42265600000000003 0.691406 0.425 0.672656 0.42265600000000003 0.669531 0.42265600000000003 0.650781 0.420312 0.642188 0.409375 0.624219 0.403906 0.61875 0.4 0.61875 0.4 0.636719 0.403906 0.651563 0.407813 0.65625 0.411719 0.655469 0.41406200000000004 0.658594 0.40546899999999997 0.672656 0.396875 0.692187 0.39140600000000003 0.7125 0.390625 0.732812 0.396094 0.748437 0.399219 0.751563 0.404687 0.752344 0.40625 0.738281 0.414844 0.721094 0.414844 0.715625
2 0.189062 0.726953 0.159375 0.736328 0.133594 0.7378910000000001 0.13320300000000002 0.745313 0.146875 0.747266 0.147656 0.7535160000000001 0.165625 0.7535160000000001 0.166406 0.747266 0.190625 0.744141 0.222266 0.723437 0.221875 0.714453 0.20078100000000002 0.714453 0.20039099999999999 0.720313 0.189062 0.726953
2 0.760938 0.6082029999999999 0.7375 0.619141 0.721094 0.620703 0.720703 0.634375 0.75 0.634766 0.750781 0.6285160000000001 0.764062 0.6238279999999999 0.778906 0.605078 0.7847660000000001 0.604688 0.784375 0.595703 0.767969 0.595703 0.767578 0.601562 0.760938 0.6082029999999999
1 0.7550779999999999 0.064844 0.7550779999999999 0.073438 0.7800779999999999 0.091406 0.780469 0.114453 0.785937 0.114453 0.791016 0.109375 0.791016 0.094531 0.7957029999999999 0.084375 0.792188 0.078516 0.777344 0.072266 0.775 0.06445300000000001 0.7550779999999999 0.064844
1 0.070703 0.490625 0.078125 0.491016 0.089453 0.502344 0.083203 0.514844 0.083203 0.523438 0.086719 0.526953 0.094141 0.525 0.10234399999999999 0.5050779999999999 0.109766 0.504687 0.091016 0.48906299999999997 0.090625 0.48320299999999994 0.070703 0.48359399999999997 0.070703 0.490625
0 0.358203 0.039844000000000004 0.341016 0.071875 0.33125 0.083203 0.32734399999999997 0.084766 0.321094 0.08007800000000001 0.319141 0.083594 0.317578 0.115625 0.322266 0.128125 0.30781200000000003 0.147266 0.301953 0.147656 0.301953 0.201563 0.309766 0.203906 0.310156 0.222266 0.323828 0.221875 0.323828 0.213281 0.328516 0.20781299999999997 0.330078 0.196094 0.348828 0.16406199999999999 0.350391 0.149219 0.353906 0.14414100000000002 0.361328 0.142187 0.359375 0.137891 0.349219 0.136328 0.342578 0.129688 0.342578 0.125781 0.358203 0.101562 0.364453 0.085156 0.369141 0.08125 0.380078 0.057813 0.381641 0.047656 0.397266 0.021875 0.396875 0.014452999999999999 0.37421899999999997 0.014452999999999999 0.373828 0.021875 0.358203 0.039844000000000004
1 0.714844 0.658203 0.714453 0.725 0.720313 0.725391 0.726953 0.733594 0.7222660000000001 0.745313 0.714453 0.747656 0.714453 0.771875 0.7222660000000001 0.774219 0.722656 0.7847660000000001 0.730078 0.784375 0.7332029999999999 0.744531 0.739844 0.7378910000000001 0.747266 0.7375 0.747266 0.716406 0.7394529999999999 0.714063 0.730078 0.658594 0.714844 0.658203
1 0.373437 0.439453 0.314453 0.439844 0.314453 0.453125 0.321875 0.45351600000000003 0.335156 0.46132799999999996 0.34375 0.46289100000000005 0.359766 0.457031 0.357812 0.46289100000000005 0.350391 0.463281 0.352344 0.48476600000000003 0.384375 0.48476600000000003 0.384766 0.478906 0.391016 0.478125 0.391016 0.46953100000000003 0.383594 0.46914100000000003 0.375391 0.459375 0.373437 0.439453
1 0.059375 0.5363279999999999 0.063281 0.541016 0.08007800000000001 0.542969 0.083203 0.557813 0.088281 0.564453 0.09257800000000001 0.564063 0.09257800000000001 0.544531 0.09570300000000001 0.535937 0.095312 0.526953 0.051953000000000006 0.527344 0.052344 0.5363279999999999 0.059375 0.5363279999999999
2 0.41914100000000004 0.235156 0.409766 0.2625 0.40195299999999995 0.26484399999999997 0.402344 0.294141 0.41718700000000003 0.294141 0.428516 0.284375 0.439453 0.24765600000000002 0.44726600000000005 0.24531200000000003 0.44726600000000005 0.21484399999999998 0.432031 0.214453 0.43007799999999996 0.22343799999999997 0.41914100000000004 0.235156
2 0.295703 0.475781 0.295703 0.484375 0.32031200000000004 0.48476600000000003 0.322656 0.47695299999999996 0.351953 0.475 0.35156200000000004 0.46445299999999995 0.308594 0.46445299999999995 0.30468799999999996 0.47382799999999997 0.295703 0.475781
1 0.036328 0.046875 0.036328 0.039844000000000004 0.041016000000000004 0.035937000000000004 0.042578 0.019531 0.047266 0.010936999999999999 0.046875 0.0019529999999999999 0.025391000000000004 0.0023439999999999997 0.032031 0.047266 0.036328 0.046875
1 0.150391 0.627344 0.10078100000000001 0.626953 0.10039100000000001 0.634375 0.10390600000000001 0.637891 0.12851600000000002 0.641406 0.130078 0.65 0.126953 0.658594 0.126953 0.673438 0.13671899999999998 0.6863279999999999 0.145703 0.691406 0.145703 0.696875 0.166016 0.696875 0.166016 0.678906 0.156641 0.675 0.145703 0.654687 0.150391 0.627344
1 0.798438 0.901953 0.789453 0.902344 0.789453 0.925 0.798828 0.9273440000000001 0.798828 0.934375 0.789453 0.9382809999999999 0.789844 0.9472659999999999 0.804688 0.9472659999999999 0.8070309999999999 0.9378909999999999 0.8125 0.9363279999999999 0.8148440000000001 0.9316409999999999 0.8222659999999999 0.93125 0.821875 0.919141 0.8054690000000001 0.9160159999999999 0.798828 0.909375 0.798438 0.901953
1 0.428516 0.076563 0.428516 0.058594 0.42226600000000003 0.045312000000000005 0.42226600000000003 0.038280999999999996 0.412891 0.023438 0.409766 0.008594000000000001 0.396094 0.008203 0.395703 0.0625 0.40156200000000003 0.062891 0.41601600000000005 0.078906 0.41601600000000005 0.1 0.41132799999999997 0.108594 0.41132799999999997 0.11875 0.413281 0.12226600000000001 0.41718700000000003 0.12226600000000001 0.421875 0.11132800000000001 0.43007799999999996 0.12734399999999998 0.43164100000000005 0.1375 0.43789100000000003 0.146094 0.43789100000000003 0.153125 0.44726600000000005 0.153125 0.44726600000000005 0.125781 0.441406 0.125391 0.43789100000000003 0.11875 0.428516 0.076563
1 0.836328 0.9585940000000001 0.8210940000000001 0.9582029999999999 0.820703 0.985938 0.826562 0.986328 0.832031 0.9941409999999999 0.841016 0.9992190000000001 0.8535159999999999 0.9992190000000001 0.8535159999999999 0.9835940000000001 0.8441409999999999 0.979688 0.8378909999999999 0.96875 0.836328 0.9585940000000001
0 0.428906 0.727344 0.439063 0.705469 0.440625 0.694531 0.44375 0.690625 0.439844 0.679688 0.432031 0.66875 0.428125 0.667188 0.423438 0.689063 0.41875 0.697656 0.41093799999999997 0.727344 0.403906 0.7375 0.403125 0.740625 0.404687 0.74375 0.399219 0.746875 0.4 0.75 0.40546899999999997 0.752344 0.408594 0.758594 0.4125 0.760156 0.41875 0.760156 0.424219 0.755469 0.428906 0.727344
1 0.839453 0.196094 0.839844 0.21132800000000002 0.846875 0.21132800000000002 0.863281 0.223828 0.8800779999999999 0.227344 0.8835940000000001 0.259766 0.886328 0.259375 0.894141 0.225 0.894141 0.213281 0.8726559999999999 0.20351599999999997 0.870313 0.19570300000000002 0.839453 0.196094
1 0.459766 0.765625 0.454688 0.761328 0.45039100000000004 0.761719 0.45351600000000003 0.779687 0.44882799999999995 0.790625 0.439453 0.794531 0.439844 0.809766 0.45 0.809766 0.45039100000000004 0.8039059999999999 0.46289100000000005 0.795312 0.46289100000000005 0.785156 0.47695299999999996 0.778125 0.48476600000000003 0.746875 0.48476600000000003 0.733594 0.471094 0.7332029999999999 0.46914100000000003 0.745313 0.459766 0.765625
0 0.671094 0.65625 0.68125 0.629687 0.68125 0.619531 0.678125 0.617188 0.671094 0.620313 0.660937 0.629687 0.638281 0.659375 0.63125 0.682813 0.638281 0.685937 0.642188 0.691406 0.646875 0.692187 0.655469 0.683594 0.671094 0.65625
0 0.494531 0.213281 0.503906 0.221875 0.535937 0.235156 0.555469 0.23828100000000002 0.571875 0.2375 0.574219 0.240625 0.575781 0.253125 0.589844 0.260156 0.604688 0.26093700000000003 0.6125 0.257031 0.610938 0.24609399999999998 0.602344 0.23906299999999997 0.580469 0.23046899999999998 0.575781 0.232813 0.573438 0.224219 0.567187 0.21875 0.552344 0.213281 0.546094 0.20781299999999997 0.535156 0.203906 0.490625 0.175 0.48359399999999997 0.175 0.48125 0.182031 0.485938 0.201563 0.494531 0.213281
0 0.32031200000000004 0.34453100000000003 0.34375 0.34453100000000003 0.360938 0.338281 0.36718799999999996 0.334375 0.373437 0.32734399999999997 0.392188 0.333594 0.397656 0.333594 0.40703100000000003 0.32890600000000003 0.41406200000000004 0.321875 0.40625 0.31718799999999997 0.394531 0.314063 0.375 0.3125 0.36875 0.314063 0.350781 0.310937 0.33593799999999996 0.314844 0.32343700000000003 0.321875 0.314844 0.329688 0.310156 0.338281 0.314063 0.342187 0.317969 0.342187 0.32031200000000004 0.34453100000000003
0 0.8101559999999999 0.626563 0.8226559999999999 0.626563 0.83125 0.624219 0.839844 0.61875 0.846875 0.611719 0.848437 0.607812 0.846875 0.603125 0.839844 0.600781 0.796875 0.6 0.789062 0.597656 0.782031 0.599219 0.783594 0.607812 0.790625 0.617188 0.8101559999999999 0.626563
1 0.622656 0.8425779999999999 0.605078 0.820312 0.604688 0.814453 0.600391 0.8148440000000001 0.600391 0.821875 0.59375 0.825391 0.564844 0.823828 0.559766 0.821875 0.559375 0.814453 0.5207029999999999 0.8148440000000001 0.5207029999999999 0.825 0.529687 0.825391 0.538281 0.8332029999999999 0.542188 0.8332029999999999 0.544141 0.840625 0.547656 0.8425779999999999 0.579688 0.8425779999999999 0.58125 0.8378909999999999 0.567969 0.836328 0.5660160000000001 0.8335940000000001 0.596875 0.831641 0.614844 0.8535159999999999 0.626953 0.8601559999999999 0.627344 0.8660159999999999 0.647266 0.865625 0.647266 0.8570309999999999 0.641406 0.856641 0.634375 0.8488279999999999 0.622656 0.8425779999999999
1 0.38125 0.5769529999999999 0.366406 0.5769529999999999 0.366016 0.582812 0.359375 0.586328 0.325781 0.587891 0.31875 0.5925779999999999 0.295703 0.592969 0.29609399999999997 0.601953 0.321094 0.5988279999999999 0.34453100000000003 0.601953 0.36718799999999996 0.600391 0.37421899999999997 0.611328 0.389453 0.622656 0.38984399999999997 0.6285160000000001 0.397266 0.628125 0.397266 0.611719 0.389453 0.609375 0.381641 0.595313 0.38125 0.5769529999999999
1 0.711328 0.042969 0.7175779999999999 0.034375 0.717187 0.025391000000000004 0.696094 0.022266 0.69375 0.014452999999999999 0.6394529999999999 0.014844 0.639844 0.031641 0.652344 0.036328 0.671875 0.033202999999999996 0.678906 0.041016000000000004 0.692187 0.042578 0.694141 0.054688 0.698828 0.064062 0.7082029999999999 0.072656 0.708594 0.078516 0.728516 0.078125 0.728516 0.069531 0.721094 0.069141 0.711328 0.054688 0.711328 0.042969
1 0.814453 0.8492190000000001 0.8066409999999999 0.8625 0.803125 0.8660159999999999 0.7957029999999999 0.8664059999999999 0.796094 0.8910159999999999 0.8125 0.887891 0.8210940000000001 0.876953 0.8285159999999999 0.876563 0.831641 0.8585940000000001 0.836328 0.854688 0.8378909999999999 0.8445309999999999 0.8414059999999999 0.839453 0.847266 0.839063 0.846875 0.8269529999999999 0.8285159999999999 0.8273440000000001 0.8285159999999999 0.834375 0.814453 0.8492190000000001
1 0.130469 0.412891 0.114062 0.43007799999999996 0.10820300000000001 0.430469 0.10820300000000001 0.44531200000000004 0.11875 0.44570299999999996 0.135937 0.43789100000000003 0.153125 0.425391 0.164844 0.41132799999999997 0.172266 0.41093799999999997 0.171875 0.40195299999999995 0.13828100000000002 0.40195299999999995 0.135937 0.41132799999999997 0.130469 0.412891
1 0.5 0.41445299999999996 0.470703 0.414844 0.470703 0.425 0.48476600000000003 0.428906 0.48476600000000003 0.440625 0.492969 0.44882799999999995 0.516406 0.46289100000000005 0.5347660000000001 0.46406200000000003 0.5347660000000001 0.45234399999999997 0.526953 0.451562 0.500391 0.420312 0.5 0.41445299999999996
2 0.601953 0.386719 0.601953 0.470313 0.610938 0.470703 0.6128910000000001 0.478125 0.615625 0.47851600000000005 0.616016 0.472656 0.621094 0.46757799999999994 0.6285160000000001 0.467187 0.6285160000000001 0.371094 0.613281 0.370703 0.609766 0.38593700000000003 0.601953 0.386719
1 0.2625 0.028516000000000003 0.234375 0.048827999999999996 0.23046899999999998 0.048827999999999996 0.220312 0.059766 0.214453 0.060156 0.214453 0.090625 0.22968700000000003 0.091016 0.230078 0.083594 0.25468799999999997 0.069141 0.275391 0.046875 0.291016 0.019531 0.297266 0.01875 0.296875 0.0019529999999999999 0.274219 0.0019529999999999999 0.273828 0.009375 0.2625 0.028516000000000003
1 0.205078 0.149219 0.20039099999999999 0.142187 0.20039099999999999 0.12734399999999998 0.188281 0.126953 0.187891 0.142187 0.19570300000000002 0.173437 0.171094 0.181641 0.157812 0.19101600000000002 0.15234399999999998 0.19101600000000002 0.151953 0.209375 0.16406199999999999 0.20976599999999998 0.166406 0.201953 0.182031 0.19570300000000002 0.222266 0.19375 0.222266 0.180469 0.212891 0.178125 0.206641 0.16406199999999999 0.205078 0.149219
1 0.524219 0.278516 0.5207029999999999 0.27656200000000003 0.520312 0.270703 0.49570299999999995 0.271094 0.496094 0.28476599999999996 0.503125 0.28476599999999996 0.513281 0.291016 0.5300779999999999 0.291406 0.531641 0.30625 0.547266 0.322656 0.547656 0.328516 0.569141 0.328125 0.5675779999999999 0.308594 0.5457029999999999 0.28906200000000004 0.540625 0.280078 0.524219 0.278516
0 0.578125 0.5375 0.58125 0.534375 0.58125 0.532813 0.564844 0.524219 0.546094 0.523438 0.535156 0.525 0.535156 0.53125 0.542969 0.535156 0.578125 0.5375
0 0.048437999999999995 0.685156 0.048437999999999995 0.678125 0.055469000000000004 0.660156 0.055469000000000004 0.646094 0.05 0.646875 0.046094 0.65 0.046094 0.653906 0.03125 0.677344 0.029687 0.684375 0.024218999999999997 0.69375 0.022656000000000003 0.709375 0.025 0.7125 0.034375 0.703906 0.042187999999999996 0.691406 0.048437999999999995 0.685156
0 0.147656 0.920312 0.16015600000000002 0.914062 0.178125 0.909375 0.182812 0.920312 0.185938 0.939063 0.194531 0.95625 0.21406200000000003 0.9625 0.23828100000000002 0.9632809999999999 0.23828100000000002 0.959375 0.23046899999999998 0.949219 0.208594 0.9320309999999999 0.210938 0.9273440000000001 0.20078100000000002 0.9226559999999999 0.19531199999999999 0.917188 0.18984399999999998 0.907813 0.18984399999999998 0.896875 0.185938 0.8929690000000001 0.178906 0.898438 0.171875 0.9 0.16406199999999999 0.90625 0.142187 0.9125 0.140625 0.915625 0.141406 0.9195309999999999 0.147656 0.920312
0 0.314063 0.703906 0.317969 0.713281 0.32343700000000003 0.719531 0.329688 0.722656 0.33906200000000003 0.723437 0.360938 0.717187 0.37031200000000003 0.708594 0.365625 0.702344 0.338281 0.703125 0.319531 0.7 0.30156299999999997 0.7 0.28906200000000004 0.70625 0.269531 0.7125 0.27031299999999997 0.717187 0.278906 0.717187 0.314063 0.703906
0 0.215625 0.771094 0.225 0.7875 0.23203100000000002 0.79375 0.24531200000000003 0.799219 0.261719 0.8023440000000001 0.27031299999999997 0.801562 0.272656 0.799219 0.272656 0.794531 0.246875 0.76875 0.242188 0.759375 0.232813 0.75 0.227344 0.741406 0.22109399999999998 0.727344 0.21640600000000002 0.728906 0.2125 0.739844 0.2125 0.75625 0.215625 0.771094
0 0.103125 0.547656 0.101562 0.551562 0.099219 0.575 0.10078100000000001 0.599219 0.110937 0.614844 0.130469 0.626563 0.146094 0.629687 0.155469 0.629687 0.15859399999999998 0.627344 0.157812 0.632031 0.153125 0.633594 0.146094 0.632812 0.134375 0.642188 0.129688 0.665625 0.132031 0.677344 0.149219 0.690625 0.157812 0.692187 0.161719 0.690625 0.161719 0.689063 0.155469 0.685156 0.154688 0.674219 0.149219 0.669531 0.14843800000000001 0.660937 0.15390600000000002 0.659375 0.15859399999999998 0.667188 0.1625 0.680469 0.171094 0.692969 0.192969 0.704688 0.203125 0.707812 0.21875 0.707812 0.225781 0.704688 0.228906 0.701562 0.227344 0.696875 0.215625 0.690625 0.2 0.675 0.196094 0.667969 0.189062 0.660937 0.17578100000000002 0.635156 0.17578100000000002 0.63125 0.182031 0.628125 0.188281 0.63125 0.189062 0.635938 0.196875 0.635156 0.198437 0.630469 0.204687 0.628906 0.20625 0.626563 0.201563 0.625781 0.190625 0.610938 0.178125 0.600781 0.17421899999999998 0.6 0.15859399999999998 0.589844 0.15 0.589844 0.14453100000000002 0.573438 0.139063 0.567969 0.13281199999999999 0.553125 0.12734399999999998 0.532813 0.124219 0.529687 0.121875 0.529687 0.11171899999999998 0.540625 0.107813 0.548438 0.103125 0.547656
0 0.515625 0.917188 0.534375 0.903125 0.545312 0.8851559999999999 0.546875 0.8804690000000001 0.545312 0.878125 0.539844 0.878906 0.524219 0.8914059999999999 0.504687 0.902344 0.501563 0.910156 0.494531 0.914062 0.484375 0.923438 0.472656 0.942187 0.471875 0.9476559999999999 0.474219 0.9523440000000001 0.491406 0.9351559999999999 0.505469 0.915625 0.515625 0.917188
0 0.739844 0.664844 0.750781 0.6625 0.751563 0.657031 0.729688 0.632031 0.721094 0.61875 0.717187 0.619531 0.716406 0.638281 0.726562 0.657813 0.739844 0.664844
0 0.658594 0.451562 0.6625 0.45781299999999997 0.669531 0.463281 0.682031 0.465625 0.6875 0.46406200000000003 0.6875 0.46093799999999996 0.676562 0.44843700000000003 0.664844 0.428906 0.657031 0.425 0.654687 0.430469 0.655469 0.440625 0.658594 0.451562
0 0.9632809999999999 0.373437 0.9679690000000001 0.375 0.9695309999999999 0.373437 0.9695309999999999 0.364844 0.9664059999999999 0.357031 0.9664059999999999 0.350781 0.960938 0.330469 0.9585940000000001 0.32890600000000003 0.9507809999999999 0.330469 0.948438 0.335156 0.953125 0.35 0.9632809999999999 0.373437
0 0.9375 0.21406200000000003 0.9445309999999999 0.211719 0.9507809999999999 0.20703100000000002 0.953125 0.20078100000000002 0.949219 0.196875 0.933594 0.19375 0.9195309999999999 0.19375 0.8976559999999999 0.196875 0.890625 0.201563 0.8898440000000001 0.20546899999999998 0.910156 0.209375 0.9210940000000001 0.21406200000000003 0.9375 0.21406200000000003
0 0.901563 0.028905999999999998 0.9132809999999999 0.028905999999999998 0.9242190000000001 0.025781 0.9367190000000001 0.01875 0.942187 0.011719 0.94375 0.005469 0.9375 0.004687 0.892188 0.008594000000000001 0.8726559999999999 0.014063 0.876563 0.020313 0.885938 0.025 0.901563 0.028905999999999998
0 0.564063 0 0.563281 0.0023439999999999997 0.553125 0.009375 0.5375 0.028905999999999998 0.521875 0.0625 0.515625 0.092969 0.515625 0.10390600000000001 0.517188 0.10625 0.521875 0.105469 0.541406 0.085938 0.559375 0.058594 0.578125 0.021093999999999998 0.58125 0.017969 0.580469 0 0.564063 0
0 0.17968800000000001 0.353906 0.19375 0.334375 0.196875 0.326562 0.194531 0.321875 0.188281 0.321875 0.182812 0.325781 0.16953100000000002 0.329688 0.129688 0.369531 0.124219 0.376563 0.120313 0.38593700000000003 0.12265600000000002 0.396875 0.126562 0.40156200000000003 0.13125 0.402344 0.135156 0.4 0.17968800000000001 0.353906
0 0.365625 0.39843799999999996 0.404687 0.371094 0.408594 0.372656 0.42265600000000003 0.361719 0.434375 0.346094 0.440625 0.334375 0.45 0.333594 0.455469 0.329688 0.466406 0.302344 0.46875 0.292969 0.46796899999999997 0.284375 0.4625 0.284375 0.45781299999999997 0.2875 0.44531200000000004 0.3 0.433594 0.315625 0.421875 0.31875 0.4125 0.32343700000000003 0.386719 0.342187 0.361719 0.357031 0.352344 0.364844 0.345313 0.372656 0.342187 0.37968799999999997 0.34296899999999997 0.390625 0.346875 0.4 0.350781 0.402344 0.35625 0.402344 0.365625 0.39843799999999996
0 0.847656 0.954688 0.8585940000000001 0.94375 0.860938 0.939063 0.85625 0.9351559999999999 0.859375 0.932813 0.870313 0.9125 0.870313 0.9085940000000001 0.873437 0.904687 0.8726559999999999 0.898438 0.86875 0.8976559999999999 0.8617190000000001 0.9 0.8539059999999999 0.9054690000000001 0.8429690000000001 0.9195309999999999 0.840625 0.926562 0.8375 0.929688 0.829688 0.93125 0.8273440000000001 0.939063 0.8273440000000001 0.9523440000000001 0.8304690000000001 0.9585940000000001 0.8351559999999999 0.9601559999999999 0.842187 0.9554690000000001 0.847656 0.954688
0 0.721094 0.8851559999999999 0.736719 0.8570309999999999 0.739844 0.8382809999999999 0.738281 0.834375 0.74375 0.83125 0.750781 0.834375 0.760938 0.832031 0.767969 0.8210940000000001 0.770312 0.814063 0.771875 0.794531 0.751563 0.791406 0.753906 0.789062 0.759375 0.767969 0.758594 0.764844 0.755469 0.763281 0.760156 0.759375 0.760156 0.755469 0.75625 0.747656 0.750781 0.751563 0.747656 0.751563 0.74375 0.755469 0.728125 0.785937 0.720313 0.80625 0.719531 0.826562 0.708594 0.8445309999999999 0.7 0.865625 0.696875 0.8695309999999999 0.69375 0.890625 0.698438 0.896875 0.708594 0.902344 0.713281 0.902344 0.716406 0.898438 0.721094 0.8851559999999999
0 0.478125 0.616406 0.488281 0.60625 0.503906 0.579688 0.50625 0.571875 0.503906 0.567969 0.501563 0.567187 0.48515600000000003 0.578125 0.446094 0.610938 0.446875 0.615625 0.455469 0.626563 0.458594 0.628125 0.463281 0.627344 0.478125 0.616406
0 0.428125 0.585156 0.446875 0.575781 0.45625 0.56875 0.471094 0.552344 0.472656 0.546875 0.471094 0.545312 0.463281 0.546094 0.4375 0.558594 0.424219 0.5625 0.420312 0.565625 0.396094 0.56875 0.392969 0.571875 0.39375 0.576562 0.403125 0.585156 0.420312 0.5875 0.428125 0.585156
0 0.638281 0.642969 0.642188 0.634375 0.644531 0.622656 0.651563 0.609375 0.654687 0.5875 0.651563 0.583594 0.642969 0.58125 0.638281 0.585156 0.611719 0.628125 0.609375 0.635938 0.601562 0.65 0.603906 0.65625 0.61875 0.657031 0.625781 0.654687 0.638281 0.642969
0 0.707031 0.547656 0.721875 0.532031 0.7375 0.50625 0.742188 0.486719 0.740625 0.48359399999999997 0.734375 0.485938 0.730469 0.490625 0.721094 0.496875 0.672656 0.544531 0.667969 0.553906 0.672656 0.5625 0.678125 0.564063 0.692969 0.557813 0.707031 0.547656
0 0.747656 0.24531200000000003 0.760156 0.24375 0.770312 0.234375 0.785156 0.21484399999999998 0.803125 0.215625 0.8414059999999999 0.19921899999999998 0.8601559999999999 0.184375 0.870313 0.16875 0.876563 0.1625 0.876563 0.157812 0.8695309999999999 0.15625 0.857812 0.159375 0.840625 0.166406 0.815625 0.180469 0.791406 0.196875 0.7875 0.20078100000000002 0.784375 0.210156 0.778125 0.2125 0.766406 0.210156 0.748437 0.215625 0.73125 0.23046899999999998 0.717969 0.252344 0.721875 0.253906 0.730469 0.252344 0.747656 0.24531200000000003
0 0.558594 0.942187 0.567969 0.945312 0.577344 0.9460940000000001 0.602344 0.942187 0.610156 0.934375 0.6125 0.926562 0.6125 0.9195309999999999 0.610938 0.917969 0.598437 0.9195309999999999 0.585938 0.9242190000000001 0.564844 0.91875 0.557031 0.917969 0.549219 0.914062 0.547656 0.915625 0.550781 0.9304690000000001 0.554688 0.9382809999999999 0.558594 0.942187
0 0.641406 0.778125 0.646094 0.764062 0.660937 0.744531 0.664062 0.736719 0.6625 0.727344 0.657813 0.728125 0.651563 0.733594 0.65 0.739844 0.646094 0.738281 0.640625 0.739844 0.630469 0.746094 0.629687 0.764062 0.628125 0.766406 0.629687 0.778906 0.626563 0.782031 0.626563 0.7875 0.63125 0.789844 0.633594 0.783594 0.641406 0.778125
0 0.609375 0.8179690000000001 0.616406 0.8054690000000001 0.626563 0.778125 0.626563 0.765625 0.622656 0.759375 0.622656 0.75625 0.61875 0.75625 0.615625 0.760156 0.605469 0.779687 0.590625 0.801562 0.584375 0.816406 0.584375 0.8226559999999999 0.586719 0.8273440000000001 0.596094 0.8289059999999999 0.601562 0.826562 0.609375 0.8179690000000001
0 0.54375 0.638281 0.547656 0.642188 0.564063 0.646875 0.560156 0.65 0.5625 0.653125 0.564063 0.660937 0.564063 0.670312 0.560937 0.675 0.564063 0.678125 0.56875 0.689844 0.571875 0.674219 0.570312 0.670312 0.570312 0.653906 0.571875 0.65 0.567187 0.646094 0.570312 0.642969 0.570312 0.634375 0.563281 0.630469 0.557813 0.621875 0.551562 0.607031 0.551562 0.603125 0.545312 0.599219 0.541406 0.599219 0.538281 0.607031 0.538281 0.621094 0.54375 0.638281
0 0.651563 0.584375 0.665625 0.585156 0.674219 0.583594 0.683594 0.578906 0.686719 0.575 0.694531 0.570312 0.696094 0.571875 0.696094 0.582031 0.697656 0.583594 0.701562 0.575 0.702344 0.563281 0.700781 0.559375 0.696875 0.557031 0.683594 0.565625 0.653906 0.567969 0.646094 0.570312 0.641406 0.569531 0.639844 0.574219 0.642969 0.579688 0.645312 0.579688 0.651563 0.584375
0 0.303906 0.30781200000000003 0.296875 0.321875 0.295312 0.329688 0.29609399999999997 0.357812 0.298438 0.37578100000000003 0.303906 0.375 0.307031 0.365625 0.309375 0.336719 0.31328100000000003 0.326562 0.3125 0.296875 0.310937 0.29375 0.30625 0.292969 0.303125 0.298438 0.303906 0.30781200000000003
0 0.43671899999999997 0.407813 0.44843700000000003 0.411719 0.463281 0.41406200000000004 0.482031 0.41406200000000004 0.491406 0.409375 0.49531200000000003 0.404687 0.489844 0.399219 0.471094 0.39531299999999997 0.424219 0.372656 0.415625 0.372656 0.408594 0.378906 0.410156 0.38593700000000003 0.42109399999999997 0.39843799999999996 0.43671899999999997 0.407813
0 0.526563 0.678906 0.535156 0.670312 0.54375 0.657813 0.547656 0.649219 0.548438 0.642188 0.545312 0.639062 0.539844 0.639062 0.519531 0.653125 0.503906 0.669531 0.503125 0.674219 0.50625 0.679688 0.510156 0.682813 0.51875 0.682813 0.526563 0.678906