1 0 0.228906 0 0.246875 0.002344 0.24765600000000002 0.002344 0.25 0.0039060000000000006 0.251563 0.0039060000000000006 0.257031 0.009375 0.269531 0.019531 0.284375 0.038281 0.303125 0.042188 0.305469 0.048438 0.311719 0.048438 0.313281 0.052344 0.314063 0.05625 0.317188 0.067969 0.322656 0.072656 0.322656 0.073438 0.317969 0.071875 0.310156 0.061719 0.2875 0.055469000000000004 0.278906 0.046094 0.269531 0.036719 0.2625 0.021875 0.25625 0.010937 0.254688 0.008594 0.252344 0.010937 0.24765600000000002 0.00625 0.235937 0.00625 0.23203100000000002 0.002344 0.228906
1 0.296875 0.24765600000000002 0.296094 0.264062 0.290625 0.271875 0.294531 0.283594 0.3 0.285156 0.30625 0.290625 0.310937 0.292187 0.313281 0.288281 0.315625 0.288281 0.324219 0.292187 0.349219 0.297656 0.35625 0.297656 0.375781 0.300781 0.386719 0.300781 0.391406 0.299219 0.390625 0.297656 0.378906 0.290625 0.373437 0.289062 0.346875 0.275 0.326562 0.267969 0.324219 0.265625 0.314844 0.263281 0.310156 0.263281 0.30625 0.264844 0.303594 0.252656 0.299453 0.241953
2 0.39375 0.321094 0.388281 0.320312 0.385937 0.321875 0.376563 0.339844 0.366406 0.35 0.357812 0.361719 0.354687 0.367969 0.35625 0.372656 0.361719 0.372656 0.382812 0.363281 0.395313 0.35 0.398438 0.340625 0.398438 0.329688
1 0.454688 0.39375 0.453125 0.396094 0.454688 0.400781 0.4625 0.411719 0.482031 0.427344 0.49375 0.44218799999999997 0.500781 0.44218799999999997 0.502344 0.43828100000000003 0.5 0.427344 0.486719 0.40546899999999997 0.477344 0.396094 0.475781 0.390625 0.474219 0.389844 0.471094 0.392188 0.460156 0.392188
1 0.263281 0.357031 0.25625 0.354687 0.24609399999999998 0.354687 0.228125 0.358594 0.203125 0.367969 0.186719 0.377344 0.180469 0.385937 0.179688 0.39375 0.1875 0.40156200000000003 0.189844 0.40625 0.190625 0.428906 0.192969 0.430469 0.196094 0.428906 0.199219 0.416406 0.197656 0.403906 0.2 0.40156200000000003 0.213281 0.4 0.22109399999999998 0.396875 0.235937 0.388281 0.257812 0.370312 0.264062 0.361719
2 0.154688 0.283594 0.15 0.283594 0.142187 0.286719 0.133594 0.286719 0.134375 0.292187 0.132812 0.295312 0.135156 0.296875 0.14375 0.296094 0.153906 0.290625 0.155469 0.288281
1 0.24609399999999998 0.071875 0.24375 0.071875 0.23906299999999997 0.083594 0.233594 0.090625 0.23125 0.096875 0.224219 0.107813 0.22109399999999998 0.11796900000000002 0.22109399999999998 0.125781 0.22343799999999997 0.129688 0.23046899999999998 0.135937 0.23906299999999997 0.139063 0.24609399999999998 0.139063 0.24375 0.134375 0.23906299999999997 0.129688 0.252344 0.115625 0.254688 0.104688 0.253906 0.089844 0.248438 0.073438
2 0.060156 0.048438 0.05 0.040625 0.044531 0.039844 0.019531 0.052344 0.017969 0.057031 0.025 0.059375 0.038281 0.057813 0.053125 0.0625 0.057031 0.059375 0.060156 0.053125
1 0.25625 0.45 0.250781 0.449219 0.239844 0.451562 0.224219 0.457031 0.217969 0.461719 0.199922 0.4715619999999999 0.197656 0.482812 0.198437 0.490625 0.202344 0.498437 0.20625 0.503125 0.210938 0.504687 0.21273400000000003 0.510703 0.217422 0.51625 0.215313 0.505469 0.212578 0.496875 0.2125 0.49375 0.21640600000000002 0.489844 0.225312 0.485078 0.24765600000000002 0.46093799999999996 0.255469 0.455469 0.257031 0.451562
1 0.12265600000000002 0.589844 0.11875 0.600781 0.115625 0.604688 0.11171899999999998 0.600781 0.105469 0.603125 0.103125 0.607812 0.103125 0.61875 0.115625 0.663281 0.123438 0.678906 0.126562 0.682031 0.13125 0.682813 0.134375 0.678906 0.138281 0.665625 0.138281 0.648438 0.134375 0.632812 0.126562 0.614844 0.128906 0.607812 0.128125 0.59375 0.126562 0.590625
2 0.025781 0.673438 0.025781 0.678125 0.028905999999999998 0.679688 0.032813 0.678125 0.042188 0.678125 0.051562 0.682031 0.053905999999999996 0.682031 0.055469000000000004 0.675781 0.057031 0.674219 0.051562 0.673438 0.044531 0.667969 0.0375 0.666406 0.028905999999999998 0.669531
1 0.545312 0.927344 0.539844 0.923438 0.530469 0.921875 0.517969 0.9148440000000001 0.515625 0.9148440000000001 0.510938 0.911719 0.500781 0.907813 0.49375 0.9070310000000001 0.48515600000000003 0.9039059999999999 0.46796899999999997 0.9039059999999999 0.458594 0.907813 0.44843700000000003 0.917969 0.403125 0.951562 0.389062 0.958594 0.3875 0.964063 0.389062 0.967187 0.396875 0.9695310000000001 0.417969 0.972656 0.435937 0.971875 0.451562 0.9664059999999999 0.45781299999999997 0.9617190000000001 0.464844 0.953125 0.470313 0.9226560000000001 0.475 0.916406 0.482031 0.917188 0.485938 0.9210939999999999 0.490625 0.9210939999999999 0.494531 0.923438 0.496875 0.923438 0.501563 0.928125 0.541406 0.9304690000000001 0.544531 0.929688
1 0.372656 0.685156 0.377344 0.689844 0.390625 0.696094 0.421875 0.703125 0.433594 0.701562 0.44218799999999997 0.697656 0.44375 0.69375 0.442969 0.688281 0.447656 0.685937 0.451562 0.686719 0.453125 0.688281 0.460625 0.690781 0.466563 0.694922 0.471094 0.695312 0.4875 0.701562 0.49375 0.701562 0.503906 0.703906 0.529687 0.701562 0.529687 0.696875 0.522656 0.696875 0.507031 0.692969 0.489844 0.692187 0.482812 0.6875 0.478125 0.6875 0.474219 0.689063 0.46953100000000003 0.688281 0.463281 0.685156 0.45390600000000003 0.683594 0.440625 0.675 0.428906 0.675 0.41093799999999997 0.677344 0.402344 0.679688 0.376563 0.68125
1 0.596094 0.472656 0.585938 0.47343799999999997 0.571875 0.47968700000000003 0.569531 0.47968700000000003 0.566406 0.482031 0.564063 0.486719 0.551562 0.49218799999999996 0.549219 0.494531 0.539844 0.497656 0.530469 0.504687 0.526563 0.514062 0.525781 0.521875 0.527344 0.524219 0.528906 0.538281 0.532031 0.544531 0.532813 0.553125 0.5375 0.553125 0.538281 0.551562 0.538281 0.536719 0.539844 0.533594 0.535937 0.528125 0.534375 0.515625 0.532813 0.514062 0.536719 0.513281 0.542969 0.517188 0.561719 0.517969 0.567187 0.516406 0.578125 0.509375 0.5875 0.5 0.594531 0.4875 0.596875 0.47968700000000003
1 0.68375 0.066016 0.695391 0.07125 0.684375 0.079687 0.685937 0.084375 0.690625 0.088281 0.7125 0.1 0.749219 0.10703100000000002 0.753906 0.109375 0.764062 0.110937 0.775 0.11484399999999999 0.785156 0.115625 0.786719 0.110937 0.777344 0.094531 0.764844 0.082812 0.745313 0.071094 0.733594 0.067969 0.721094 0.067969 0.713281 0.065625 0.705469 0.065625 0.7 0.0625 0.696875 0.0625
1 0.833594 0.215625 0.833594 0.22109399999999998 0.83125 0.225781 0.824219 0.23203100000000002 0.815625 0.235937 0.817969 0.241406 0.878125 0.29375 0.896094 0.304688 0.900781 0.303125 0.8914060000000001 0.272656 0.873437 0.253125 0.864844 0.246875 0.840625 0.235937 0.838281 0.233594 0.8414059999999999 0.225781 0.840625 0.220312 0.838281 0.215625
1 0.808594 0.453125 0.808594 0.455469 0.8210940000000001 0.466406 0.821875 0.471875 0.8257809999999999 0.471875 0.8289060000000001 0.466406 0.838281 0.46796899999999997 0.85625 0.46796899999999997 0.896875 0.463281 0.9039059999999999 0.46093799999999996 0.916406 0.459375 0.9210939999999999 0.455469 0.9125 0.45234399999999997 0.9054689999999999 0.45234399999999997 0.902344 0.450781 0.8875 0.44843700000000003 0.832812 0.446094 0.8195309999999999 0.45 0.810937 0.45
1 0.9367189999999999 0.394531 0.935937 0.400781 0.942187 0.40625 0.941406 0.416406 0.942969 0.417969 0.9507809999999999 0.41406200000000004 0.954688 0.41406200000000004 0.978906 0.428125 0.994531 0.434375 1 0.435156 1 0.389062 0.9835939999999999 0.385156 0.959375 0.385156 0.9445309999999999 0.388281
2 0.81875 0.639844 0.8125 0.639844 0.8117189999999999 0.646875 0.808594 0.649219 0.807031 0.653906 0.799219 0.664062 0.796875 0.671875 0.796875 0.676562 0.798438 0.678906 0.800781 0.678125 0.807031 0.671875 0.809375 0.671875 0.8148440000000001 0.667188 0.815625 0.664062 0.8195309999999999 0.660937 0.821875 0.65625 0.821875 0.650781 0.823438 0.646094
2 0.848437 0.692969 0.848437 0.697656 0.853125 0.700781 0.876563 0.707812 0.8875 0.708594 0.896094 0.714844 0.8976559999999999 0.713281 0.8914060000000001 0.698438 0.885156 0.694531 0.873437 0.694531 0.859375 0.692187
2 0.686719 0.716406 0.682813 0.715625 0.672656 0.720313 0.657813 0.724219 0.653906 0.723437 0.651563 0.725 0.657031 0.727344 0.660156 0.730469 0.671094 0.730469 0.685937 0.721094
2 0.44843700000000003 0.829688 0.45390600000000003 0.8367190000000001 0.460156 0.839063 0.466406 0.84375 0.470313 0.8429689999999999 0.47656200000000004 0.845313 0.482031 0.8445310000000001 0.48359399999999997 0.8460940000000001 0.48906299999999997 0.8460940000000001 0.4875 0.8414059999999999 0.48515600000000003 0.8414059999999999 0.478125 0.8367190000000001 0.46796899999999997 0.8351559999999999 0.455469 0.829688
1 0.355469 0.005469 0.353125 0.014063 0.357031 0.014063 0.360156 0.015625 0.370312 0.024219 0.38125 0.029687 0.402344 0.046094 0.40703100000000003 0.047656 0.413281 0.047656 0.416406 0.049219 0.415625 0.039844 0.409375 0.025781 0.396875 0.013280999999999998 0.385156 0.00625 0.375781 0.003125 0.367188 0.002344