0 0.9234370000000001 0.8757809999999999 0.9195309999999999 0.8976559999999999 0.9195309999999999 0.9117190000000001 0.921875 0.9210940000000001 0.91875 0.953125 0.91875 0.978125 0.9203129999999999 0.992188 0.9226559999999999 0.996094 0.928125 0.99375 0.9351559999999999 0.9695309999999999 0.9375 0.941406 0.9359379999999999 0.9195309999999999 0.945312 0.909375 0.953125 0.8875 0.953125 0.8804690000000001 0.9359379999999999 0.879687 0.932813 0.8765620000000001 0.945312 0.865625 0.95 0.8585940000000001 0.95 0.8539059999999999 0.951562 0.8523440000000001 0.959375 0.8507809999999999 0.9617190000000001 0.84375 0.9617190000000001 0.832031 0.959375 0.8289059999999999 0.940625 0.8414059999999999 0.926562 0.8726559999999999 0.9234370000000001 0.8757809999999999
1 0.8875 0.769531 0.875 0.763281 0.867188 0.763281 0.8625 0.766406 0.865625 0.778125 0.870312 0.786719 0.886719 0.8070309999999999 0.895312 0.8148440000000001 0.8992190000000001 0.8140620000000001 0.902344 0.8109379999999999 0.9046879999999999 0.8023440000000001 0.9125 0.7875 0.917188 0.769531 0.917969 0.75625 0.9164059999999999 0.754688 0.910937 0.759375 0.9 0.7828120000000001 0.8875 0.769531
0 0.8421879999999999 0.696094 0.8367190000000001 0.701562 0.8367190000000001 0.707813 0.8257809999999999 0.719531 0.825 0.725781 0.8460940000000001 0.71875 0.854687 0.7125 0.8601559999999999 0.692969 0.8578129999999999 0.673438 0.853125 0.672656 0.847656 0.678125 0.8421879999999999 0.696094
1 0.75 0.559375 0.744531 0.571094 0.732031 0.570312 0.728906 0.571875 0.724219 0.579688 0.724219 0.585156 0.73125 0.586719 0.740625 0.585156 0.748437 0.588281 0.760156 0.565625 0.7640629999999999 0.552344 0.761719 0.550781 0.757031 0.551563 0.75 0.559375
0 0.665625 0.8453120000000001 0.657031 0.8578129999999999 0.649219 0.875 0.648438 0.890625 0.646094 0.9 0.646875 0.9148440000000001 0.634375 0.9148440000000001 0.61875 0.9234370000000001 0.602344 0.942187 0.597656 0.953125 0.597656 0.9632809999999999 0.6 0.964063 0.614844 0.9539059999999999 0.646875 0.926562 0.654687 0.925 0.660938 0.9289059999999999 0.661719 0.932813 0.663281 0.9320309999999999 0.665625 0.925 0.678125 0.9054690000000001 0.683594 0.8921870000000001 0.689844 0.8617190000000001 0.691406 0.8445309999999999 0.696094 0.83125 0.695312 0.8257809999999999 0.688281 0.8257809999999999 0.676563 0.834375 0.665625 0.8453120000000001
0 0.753125 0.790625 0.749219 0.8 0.745312 0.797656 0.739844 0.797656 0.732812 0.8054690000000001 0.720313 0.807812 0.700781 0.8179690000000001 0.700781 0.8226559999999999 0.711719 0.825 0.741406 0.823437 0.749219 0.820312 0.752344 0.8132809999999999 0.760156 0.8132809999999999 0.764844 0.807812 0.7796879999999999 0.8023440000000001 0.76875 0.790625 0.757812 0.7875 0.753125 0.790625
1 0.601562 0.735156 0.592187 0.732031 0.580469 0.725 0.572656 0.725 0.571094 0.727344 0.571875 0.733594 0.574219 0.736719 0.588281 0.747656 0.614063 0.755469 0.627344 0.753906 0.626563 0.749219 0.614063 0.745312 0.601562 0.735156
0 0.326562 0.553906 0.309375 0.555469 0.299219 0.558594 0.29609399999999997 0.55625 0.294531 0.547656 0.286719 0.535156 0.272656 0.520313 0.246875 0.49921899999999997 0.233594 0.490625 0.219531 0.484375 0.198438 0.482031 0.19375 0.485938 0.19531199999999999 0.491406 0.21875 0.514844 0.22343700000000002 0.522656 0.234375 0.533594 0.234375 0.536719 0.239844 0.546875 0.258594 0.558594 0.282813 0.56875 0.298438 0.569531 0.309375 0.576562 0.329688 0.576562 0.346094 0.574219 0.36015600000000003 0.569531 0.3625 0.564063 0.35156200000000004 0.559375 0.326562 0.553906
1 0.213281 0.523438 0.210938 0.520313 0.208594 0.520313 0.208594 0.534375 0.210156 0.539844 0.208594 0.544531 0.203906 0.547656 0.2 0.547656 0.189063 0.552344 0.18515600000000002 0.55625 0.18125 0.55625 0.177344 0.561719 0.2 0.561719 0.21484399999999998 0.566406 0.226562 0.566406 0.228906 0.564844 0.22968799999999998 0.55625 0.226562 0.549219 0.217969 0.542187 0.213281 0.523438
0 0.20703100000000002 0.634375 0.202344 0.620312 0.19140600000000002 0.597656 0.182813 0.589062 0.178125 0.586719 0.16796899999999998 0.586719 0.160937 0.579688 0.16015600000000002 0.575 0.166406 0.560937 0.166406 0.554688 0.1625 0.532813 0.15859399999999998 0.521094 0.14296899999999998 0.496875 0.13125 0.48515600000000003 0.12734399999999998 0.485938 0.124219 0.489844 0.11953100000000001 0.503906 0.11953100000000001 0.517188 0.121875 0.529687 0.129687 0.550781 0.135938 0.561719 0.142188 0.569531 0.153125 0.575781 0.147656 0.583594 0.146094 0.592187 0.153125 0.613281 0.16953100000000002 0.642188 0.18359399999999998 0.658594 0.198438 0.672656 0.20625 0.674219 0.208594 0.667969 0.209375 0.65 0.20703100000000002 0.634375
0 0.339844 0.473437 0.336719 0.457031 0.329688 0.4375 0.303125 0.417969 0.300781 0.413281 0.301562 0.388281 0.290625 0.363281 0.288281 0.349219 0.279687 0.340625 0.267969 0.323438 0.2625 0.321094 0.258594 0.325 0.258594 0.346875 0.2625 0.360938 0.2625 0.36718799999999996 0.259375 0.377344 0.261719 0.385156 0.27343799999999996 0.392188 0.290625 0.411719 0.29609399999999997 0.425781 0.29609399999999997 0.432031 0.291406 0.439063 0.288281 0.451562 0.289844 0.46875 0.296875 0.486719 0.3 0.501563 0.30625 0.515625 0.314063 0.528125 0.317969 0.530469 0.323438 0.530469 0.334375 0.517188 0.338281 0.507031 0.339844 0.473437
2 0.05625 0.264062 0.053125 0.26875 0.054688 0.270312 0.061719 0.270312 0.084375 0.264062 0.092969 0.264062 0.096094 0.259375 0.1 0.260156 0.10078100000000001 0.255469 0.09531300000000001 0.253906 0.07968800000000001 0.253906 0.05625 0.264062
2 0.103125 0.269531 0.098437 0.275781 0.1 0.277344 0.114062 0.276563 0.126563 0.271875 0.135156 0.272656 0.1375 0.26875 0.1375 0.263281 0.13125 0.259375 0.1125 0.263281 0.103125 0.269531
2 0.43671899999999997 0.086719 0.435156 0.11171899999999998 0.439063 0.11796899999999999 0.455469 0.094531 0.454688 0.07968800000000001 0.46093799999999996 0.064844 0.460156 0.0625 0.454688 0.0625 0.446875 0.06875 0.43671899999999997 0.086719
0 0.503906 0.259375 0.495313 0.26875 0.489844 0.28046899999999997 0.47656200000000004 0.276563 0.467187 0.277344 0.457812 0.28046899999999997 0.453125 0.286719 0.453125 0.291406 0.458594 0.295312 0.486719 0.29609399999999997 0.494531 0.288281 0.502344 0.286719 0.520313 0.265625 0.521094 0.259375 0.511719 0.258594 0.505469 0.252344 0.503906 0.259375
0 0.9203129999999999 0.22265600000000002 0.9148440000000001 0.22343700000000002 0.9046879999999999 0.228125 0.9039059999999999 0.23125 0.9007809999999999 0.23125 0.89375 0.2125 0.890625 0.209375 0.884375 0.196094 0.882812 0.196875 0.884375 0.208594 0.890625 0.219531 0.89375 0.23593799999999998 0.8921870000000001 0.23671899999999998 0.8734379999999999 0.22968799999999998 0.8585940000000001 0.23046899999999998 0.8414059999999999 0.23828100000000002 0.83125 0.24765600000000002 0.83125 0.252344 0.8507809999999999 0.253125 0.864063 0.25 0.884375 0.249219 0.9007809999999999 0.254687 0.903125 0.249219 0.903125 0.241406 0.9078120000000001 0.2375 0.9351559999999999 0.23906200000000002 0.9382809999999999 0.241406 0.9445309999999999 0.241406 0.9460940000000001 0.239844 0.9429690000000001 0.23203100000000002 0.93125 0.225781 0.9203129999999999 0.22265600000000002