1 0.638281 0.757812 0.635156 0.7625 0.635938 0.767969 0.653125 0.794531 0.664844 0.81875 0.66875 0.81875 0.672656 0.816406 0.678906 0.8054690000000001 0.679688 0.796875 0.675781 0.778125 0.68125 0.780469 0.694531 0.782031 0.703125 0.78125 0.702344 0.778125 0.689844 0.771875 0.670312 0.758594 0.661719 0.758594 0.658594 0.757031
2 0.057813 0.010156 0.051562 0.010937 0.033594 0.025781 0.028905999999999998 0.026561999999999995 0.021094 0.032031 0 0.0375 0 0.042969 0.016406 0.045312 0.036719 0.039844 0.053125 0.022656 0.058594 0.014063
1 0.021875 0.067969 0.024219 0.072656 0.034375 0.073438 0.05 0.079687 0.060937 0.079687 0.0625 0.078125 0.0625 0.073438 0.059375 0.067969 0.049219 0.065625 0.038281 0.060156 0.028905999999999998 0.060937
2 0.060937 0.099219 0.032813 0.127344 0.025781 0.130469 0.021094 0.128906 0.017188 0.134375 0.017188 0.1375 0.026561999999999995 0.138281 0.03125 0.136719 0.044531 0.128125 0.0625 0.10390600000000001
2 0.160938 0.107813 0.165625 0.1125 0.203906 0.11171899999999998 0.21640600000000002 0.109375 0.228125 0.103125 0.225781 0.099219 0.221875 0.097656 0.197656 0.096094 0.174219 0.096875 0.167969 0.095312 0.164844 0.096875 0.160938 0.103125
2 0.23203100000000002 0 0.21484399999999998 0 0.20546899999999998 0.046875 0.20546899999999998 0.057031 0.208594 0.064844 0.20625 0.075781 0.20781299999999997 0.078125 0.210156 0.078125 0.213281 0.074219 0.21640600000000002 0.064844 0.217188 0.044531
1 0.071875 0.179688 0.070312 0.185156 0.067969 0.186719 0.067969 0.201563 0.086719 0.21875 0.091406 0.21875 0.11640599999999998 0.2375 0.120313 0.23828100000000002 0.121094 0.235156 0.117188 0.228125 0.099219 0.20703100000000002 0.088281 0.198437 0.080469 0.196875 0.077344 0.194531 0.076563 0.179688
0 0.125 0.278125 0.12265600000000002 0.272656 0.115625 0.26875 0.10703100000000002 0.266406 0.095312 0.266406 0.073438 0.269531 0.061719 0.275 0.057813 0.289062 0.052344 0.284375 0.030469000000000003 0.284375 0 0.2875 0.008594 0.295312 0.030469000000000003 0.303125 0.05 0.303125 0.055469000000000004 0.298438 0.059375 0.289844 0.064062 0.296094 0.071875 0.299219 0.092188 0.3 0.105469 0.298438 0.115625 0.294531 0.12265600000000002 0.289062 0.125 0.283594
2 0.142187 0.367188 0.144531 0.373437 0.145313 0.400781 0.147656 0.40156200000000003 0.150781 0.395313 0.152344 0.385156 0.151562 0.371094 0.149219 0.367188
0 0.494531 0.360938 0.49218799999999996 0.358594 0.48515600000000003 0.358594 0.47343799999999997 0.360938 0.44531200000000004 0.3625 0.435156 0.366406 0.413281 0.370312 0.40703100000000003 0.36875 0.403125 0.371094 0.4 0.371094 0.386719 0.377344 0.361719 0.380469 0.35 0.384375 0.339844 0.390625 0.338281 0.396875 0.353125 0.408594 0.377344 0.407813 0.389062 0.404687 0.39375 0.40156200000000003 0.408594 0.396875 0.41406200000000004 0.391406 0.41406200000000004 0.376563 0.433594 0.377344 0.435156 0.375781 0.457031 0.375781 0.490625 0.365625
2 0.829688 0.16875 0.828125 0.170313 0.8304690000000001 0.176563 0.8304690000000001 0.184375 0.8414059999999999 0.2125 0.8460940000000001 0.213281 0.8460940000000001 0.197656 0.847656 0.192188 0.8460940000000001 0.184375 0.8367190000000001 0.173437
0 0.642188 0.05 0.641406 0.054688 0.646094 0.080469 0.649219 0.0875 0.652344 0.10390600000000001 0.653125 0.121875 0.649219 0.128906 0.632812 0.130469 0.626563 0.132812 0.625 0.139063 0.632031 0.146875 0.654687 0.154688 0.667188 0.160938 0.685156 0.173437 0.705469 0.183594 0.708594 0.182031 0.710938 0.169531 0.703125 0.157031 0.686719 0.142187 0.672656 0.133594 0.6625 0.130469 0.659375 0.127344 0.663281 0.121094 0.675781 0.110156 0.678125 0.10234400000000002 0.678125 0.091406 0.673438 0.079687 0.660156 0.0625 0.649219 0.052344
0 0.40625 0.053125 0.40625 0.057813 0.41093799999999997 0.071875 0.419531 0.082812 0.428906 0.086719 0.439844 0.097656 0.45625 0.107813 0.459375 0.108594 0.46406200000000003 0.105469 0.475 0.10703100000000002 0.475781 0.103125 0.46093799999999996 0.094531 0.455469 0.089063 0.440625 0.083594 0.43828100000000003 0.074219 0.428906 0.060156 0.415625 0.053125 0.408594 0.051562
2 0.603125 0.500781 0.600781 0.504687 0.600781 0.514844 0.603125 0.521875 0.614844 0.532031 0.617969 0.53125 0.620313 0.533594 0.617969 0.53125 0.619531 0.525 0.614844 0.521875 0.607812 0.509375 0.60625 0.502344
0 0.485938 0.7125 0.480469 0.707812 0.46953100000000003 0.705469 0.45781299999999997 0.7 0.439063 0.698438 0.430469 0.701562 0.42265600000000003 0.700781 0.421875 0.710156 0.420312 0.711719 0.416406 0.705469 0.41093799999999997 0.705469 0.411719 0.721875 0.40156200000000003 0.751563 0.394531 0.764062 0.39375 0.769531 0.395313 0.771094 0.40156200000000003 0.771094 0.41093799999999997 0.767188 0.42265600000000003 0.753906 0.428125 0.733594 0.427344 0.723437 0.423438 0.716406 0.424219 0.7125 0.442969 0.714844 0.450781 0.721094 0.45390600000000003 0.71875 0.478906 0.715625
0 0.46875 0.675 0.467187 0.678125 0.46953100000000003 0.685937 0.49531200000000003 0.728125 0.501563 0.733594 0.507031 0.734375 0.511719 0.738281 0.510938 0.744531 0.5125 0.750781 0.519531 0.760938 0.528125 0.769531 0.546875 0.783594 0.563281 0.791406 0.566406 0.791406 0.557813 0.775781 0.55 0.769531 0.55 0.767188 0.545312 0.764062 0.54375 0.760156 0.527344 0.742969 0.521094 0.739844 0.523438 0.735938 0.514844 0.732812 0.517969 0.729688 0.519531 0.720313 0.515625 0.709375 0.498437 0.689844 0.48515600000000003 0.679688 0.475 0.675
0 0.533594 0.789062 0.528906 0.790625 0.521875 0.800781 0.514062 0.80625 0.5125 0.8117189999999999 0.501563 0.817187 0.5 0.822656 0.489844 0.821875 0.490625 0.832812 0.49921899999999997 0.846875 0.505469 0.8617190000000001 0.5125 0.8726559999999999 0.521094 0.88125 0.525 0.879687 0.523438 0.860938 0.509375 0.8289060000000001 0.515625 0.8257809999999999 0.519531 0.817187 0.529687 0.804688 0.533594 0.795312
0 0.424219 0.838281 0.42265600000000003 0.842187 0.43125 0.860938 0.45625 0.9 0.46406200000000003 0.934375 0.46953100000000003 0.947656 0.471875 0.958594 0.474219 0.9617190000000001 0.477344 0.9617190000000001 0.485938 0.954688 0.48906299999999997 0.946875 0.489844 0.9351559999999999 0.4875 0.923438 0.49218799999999996 0.923438 0.505469 0.933594 0.507812 0.93125 0.497656 0.917969 0.48515600000000003 0.910937 0.475 0.9 0.470313 0.892188 0.46796899999999997 0.879687 0.461719 0.8679690000000001 0.441406 0.847656 0.428906 0.838281
1 0.367969 0.945312 0.366406 0.946875 0.366406 0.951562 0.375781 0.974219 0.383594 1 0.403906 1 0.403906 0.9976559999999999 0.407813 0.99375 0.403125 0.990625 0.396875 0.975 0.388281 0.967187 0.375 0.9507809999999999
1 0.619531 0.926562 0.610156 0.926562 0.599219 0.929688 0.594531 0.9351559999999999 0.578906 0.945312 0.576562 0.95 0.576562 0.963281 0.578906 0.964844 0.582031 0.972656 0.592187 0.9875 0.602344 0.996875 0.604688 0.996875 0.60625 1 0.607812 1 0.607031 0.99375 0.594531 0.974219 0.592187 0.963281 0.59375 0.960938 0.603125 0.957031 0.609375 0.9507809999999999 0.620313 0.932031
2 0.600781 0.8257809999999999 0.600781 0.8304690000000001 0.605469 0.832031 0.645312 0.857812 0.661719 0.864844 0.666406 0.863281 0.663281 0.8570309999999999 0.646875 0.8414059999999999 0.628906 0.8289060000000001 0.617188 0.825 0.607031 0.824219
1 0.704688 0.795312 0.704688 0.8 0.719531 0.816406 0.753906 0.84375 0.75625 0.8445310000000001 0.758594 0.8429689999999999 0.755469 0.833594 0.748437 0.821875 0.73125 0.8039059999999999 0.720313 0.798438 0.726562 0.788281 0.725781 0.785937 0.713281 0.792969
2 0.9601559999999999 0.849219 0.95625 0.8460940000000001 0.9507809999999999 0.846875 0.947656 0.85 0.943594 0.8523440000000001 0.939688 0.855078 0.9342970000000002 0.858672 0.9298439999999999 0.862813 0.9237499999999998 0.866172 0.91875 0.8742189999999999 0.9125 0.876563 0.910156 0.885156 0.914062 0.886719 0.9195309999999999 0.8835940000000001 0.9398440000000001 0.878906 0.94375 0.875 0.95625 0.870313 0.9625 0.8625
1 0.9 0.649219 0.9 0.651563 0.9039059999999999 0.65625 0.9132809999999999 0.661719 0.9398440000000001 0.670312 0.978906 0.688281 1 0.692969 1 0.673438 0.9976559999999999 0.672656 0.996875 0.669531 0.990625 0.6625 0.970313 0.649219 0.951562 0.642969 0.928125 0.639062 0.910937 0.639844 0.903125 0.644531
2 0.721094 0.078125 0.716406 0.079687 0.713281 0.110156 0.715625 0.1125 0.720313 0.110156 0.722656 0.101562