1 0.654687 0.48164099999999993 0.639844 0.48164099999999993 0.639453 0.466406 0.645312 0.46601599999999993 0.671094 0.441016 0.703906 0.423828 0.726562 0.423828 0.734375 0.426953 0.739453 0.40703100000000003 0.746094 0.398828 0.759766 0.390625 0.760156 0.383203 0.792578 0.383594 0.792578 0.390625 0.786328 0.394531 0.781641 0.403906 0.780078 0.420312 0.761328 0.45781299999999997 0.755078 0.467187 0.742188 0.47695300000000007 0.737891 0.475 0.731641 0.449219 0.727344 0.44726600000000005 0.685937 0.470703 0.654687 0.48164099999999993
0 0.573438 0.534766 0.541406 0.534766 0.541016 0.528906 0.534375 0.526953 0.525781 0.528516 0.525391 0.534375 0.521094 0.534766 0.520703 0.528906 0.507031 0.519141 0.49218799999999996 0.500391 0.48320299999999994 0.498437 0.48320299999999994 0.488281 0.515625 0.49257800000000007 0.526953 0.484375 0.527344 0.47695300000000007 0.560937 0.47695300000000007 0.559375 0.486328 0.541406 0.486328 0.533594 0.489453 0.519141 0.502344 0.517578 0.509375 0.521875 0.512891 0.532031 0.505078 0.546875 0.503516 0.575 0.512891 0.583203 0.519531 0.583203 0.525 0.574219 0.528516 0.573438 0.534766
2 0.259375 0.272266 0.251953 0.271875 0.251953 0.260156 0.237891 0.240625 0.228516 0.213281 0.220703 0.210938 0.22109399999999998 0.145703 0.23125 0.145703 0.233203 0.154688 0.244141 0.166406 0.255078 0.197656 0.258203 0.217188 0.266016 0.233594 0.266016 0.246875 0.272266 0.24765600000000002 0.272266 0.254688 0.266406 0.255078 0.261328 0.260156 0.259375 0.272266
1 0.746875 0.816016 0.733203 0.815625 0.731641 0.8039059999999999 0.720313 0.787891 0.702344 0.787891 0.701953 0.774219 0.720313 0.772266 0.728516 0.765625 0.728906 0.758203 0.746875 0.758203 0.747266 0.765625 0.741406 0.766016 0.733203 0.777344 0.739453 0.789062 0.747266 0.791406 0.746875 0.816016
1 0.846875 0.9785160000000002 0.8210940000000001 0.9785160000000002 0.820703 0.972656 0.817187 0.970703 0.786719 0.9675779999999999 0.763281 0.961328 0.759375 0.956641 0.751953 0.95625 0.751953 0.9460940000000001 0.759766 0.945312 0.760156 0.933203 0.770312 0.933203 0.771094 0.941016 0.823438 0.941016 0.845313 0.948828 0.853125 0.955078 0.864844 0.9441409999999999 0.876563 0.941016 0.878906 0.933203 0.9207029999999999 0.933594 0.9207029999999999 0.940625 0.9125 0.9472660000000002 0.884375 0.961328 0.863281 0.9628910000000002 0.857812 0.9691410000000001 0.849219 0.970703 0.846875 0.9785160000000002
1 0.204687 0.909766 0.194141 0.909375 0.194141 0.900781 0.197266 0.896094 0.192188 0.892578 0.183203 0.892188 0.183594 0.876953 0.222266 0.8773440000000001 0.222266 0.89375 0.20703100000000002 0.8972659999999999 0.204687 0.909766
1 0.167187 0.284766 0.164453 0.284375 0.164453 0.275781 0.173828 0.258594 0.158594 0.250391 0.146875 0.237891 0.139453 0.2375 0.139844 0.220703 0.15625 0.220703 0.156641 0.228125 0.171094 0.237891 0.19375 0.236328 0.201953 0.242969 0.20039100000000004 0.25625 0.188281 0.261328 0.178125 0.272266 0.167969 0.276953 0.167187 0.284766
1 0.8875 0.378516 0.870703 0.378125 0.870703 0.355469 0.884375 0.355078 0.8882809999999999 0.345703 0.915625 0.345703 0.9160160000000002 0.35625 0.9085940000000001 0.356641 0.8898439999999999 0.370703 0.8875 0.378516
1 0.773438 0.359766 0.766406 0.358203 0.759766 0.346094 0.748437 0.336328 0.739453 0.334375 0.739844 0.314453 0.7625 0.314453 0.762891 0.321875 0.777344 0.336328 0.788281 0.326953 0.8035159999999999 0.327344 0.8035159999999999 0.3375 0.794531 0.337891 0.773438 0.359766
0 0.334375 0.9894529999999999 0.289844 0.986328 0.269531 0.9753909999999999 0.253125 0.9582029999999999 0.242969 0.961328 0.171094 0.934766 0.170703 0.9210939999999999 0.23906299999999997 0.9207029999999999 0.239453 0.926562 0.25 0.9316410000000002 0.267969 0.9535160000000001 0.285938 0.956641 0.314063 0.9691410000000001 0.325781 0.980078 0.334766 0.9820309999999999 0.334375 0.9894529999999999
1 0.1125 0.878516 0.101953 0.878125 0.101953 0.824219 0.107813 0.823828 0.121094 0.8066410000000002 0.134766 0.801562 0.128516 0.790625 0.126953 0.780469 0.133203 0.767188 0.133203 0.758594 0.14375 0.758203 0.142578 0.7875 0.147656 0.795703 0.153516 0.796094 0.153516 0.820312 0.144141 0.824219 0.130078 0.85 0.112891 0.871094 0.1125 0.878516
1 0.875 0.109766 0.8660159999999999 0.109375 0.8660159999999999 0.10390600000000001 0.8503909999999999 0.085938 0.841016 0.061719 0.8332029999999999 0.060937 0.833594 0.039453 0.85 0.039453 0.8503909999999999 0.046875 0.867578 0.067969 0.8753910000000001 0.084375 0.894141 0.088281 0.894141 0.09375 0.890625 0.097266 0.8753910000000001 0.10234400000000002 0.875 0.109766
1 0.934375 0.703516 0.911719 0.703516 0.9113279999999999 0.696094 0.9039059999999999 0.692578 0.8691410000000002 0.659375 0.867578 0.639844 0.8582029999999999 0.635938 0.8585939999999999 0.620703 0.876563 0.620703 0.885156 0.641016 0.898438 0.642578 0.919141 0.661719 0.9269529999999999 0.676562 0.934766 0.678906 0.934375 0.703516
1 0.246875 0.44726600000000005 0.239453 0.446875 0.239453 0.430469 0.248828 0.428125 0.258203 0.415625 0.258594 0.408203 0.278125 0.408203 0.278516 0.41718700000000003 0.270703 0.417969 0.264453 0.428906 0.262891 0.44218799999999997 0.246875 0.44726600000000005
1 0.629687 0.4222659999999999 0.617969 0.4222659999999999 0.617578 0.414844 0.614062 0.411328 0.588281 0.398828 0.573828 0.384375 0.556641 0.360938 0.555078 0.353906 0.545703 0.35 0.546094 0.333203 0.567187 0.333203 0.567578 0.339062 0.594141 0.363281 0.606641 0.39375 0.613281 0.398828 0.628125 0.40195299999999995 0.628516 0.391406 0.636719 0.383203 0.657031 0.373828 0.669141 0.375781 0.667188 0.380078 0.630078 0.40703100000000003 0.629687 0.4222659999999999
1 0.304688 0.566016 0.300391 0.565625 0.300391 0.558594 0.282813 0.541016 0.276953 0.540625 0.277344 0.520703 0.295312 0.520703 0.295703 0.528125 0.308203 0.539844 0.309766 0.551562 0.304688 0.566016
1 0.81875 0.925391 0.8019529999999999 0.925 0.8019529999999999 0.9054689999999999 0.807813 0.9050779999999999 0.820703 0.89375 0.8273439999999999 0.870703 0.8375 0.870703 0.8378910000000002 0.882812 0.830078 0.8992190000000001 0.830078 0.914062 0.81875 0.925391
1 0.348438 0.8285160000000001 0.321094 0.825391 0.320703 0.808594 0.40351599999999993 0.808594 0.40351599999999993 0.817187 0.396094 0.8175779999999999 0.392188 0.823828 0.369531 0.823828 0.364844 0.820703 0.348438 0.8285160000000001
1 0.142187 0.4535159999999999 0.133203 0.453125 0.133203 0.439844 0.140625 0.439453 0.159766 0.42109399999999997 0.145313 0.40507799999999994 0.133203 0.4 0.133203 0.389844 0.157812 0.389453 0.159766 0.398438 0.171094 0.409766 0.185156 0.41914099999999993 0.191016 0.419531 0.191016 0.42968799999999996 0.183594 0.43007800000000007 0.179688 0.43476599999999993 0.142187 0.4535159999999999
1 0.796875 0.066016 0.794141 0.065625 0.79375 0.059766 0.779687 0.051953000000000006 0.764844 0.048828 0.764453 0.039844 0.8125 0.039453 0.8128910000000001 0.046875 0.797266 0.058594 0.796875 0.066016
1 0.979688 0.934766 0.9582029999999999 0.926562 0.958594 0.8957029999999999 0.96875 0.8957029999999999 0.970703 0.90625 0.981641 0.9148440000000001 0.9832029999999999 0.925 0.979688 0.934766
1 0.9992189999999999 0.059766 0.994531 0.059766 0.9941410000000002 0.053905999999999996 0.9875 0.051953000000000006 0.958594 0.051953000000000006 0.9582029999999999 0.027344 0.96875 0.026952999999999998 0.9691410000000001 0.034375 0.972656 0.037891 0.9992189999999999 0.042578
0 0.269531 0.00625 0.282031 0.015625 0.298438 0.024219 0.327344 0.034375 0.335938 0.039844 0.3375 0.046875 0.339844 0.049219 0.352344 0.05 0.360156 0.05625 0.360938 0.059375 0.364063 0.053905999999999996 0.363281 0.049219 0.367188 0.046094 0.367188 0.041406 0.369531 0.039062 0.371094 0.032813 0.392188 0.021875 0.389844 0.01875 0.376563 0.017188 0.373437 0.01875 0.364063 0.028905999999999998 0.364063 0.035156 0.361719 0.039062 0.353906 0.026561999999999995 0.342969 0.017188 0.325 0.00625 0.310937 0.002344 0.310156 0 0.270313 0
0 0.600781 0.157812 0.599219 0.157812 0.594531 0.169531 0.594531 0.176563 0.5875 0.201563 0.5875 0.208594 0.591406 0.213281 0.596094 0.208594 0.607812 0.210156 0.610938 0.20703100000000002 0.610938 0.204687 0.607031 0.203906 0.603125 0.198437 0.60625 0.189844 0.604688 0.178125 0.607031 0.167187 0.605469 0.1625
0 0.120313 0.8976559999999999 0.117188 0.898438 0.11484399999999999 0.907813 0.110937 0.911719 0.114062 0.914062 0.11484399999999999 0.9195309999999999 0.10703100000000002 0.923438 0.10078099999999998 0.929688 0.095312 0.939063 0.095312 0.949219 0.098437 0.951562 0.10390600000000001 0.951562 0.107813 0.949219 0.123438 0.932813 0.125781 0.921875 0.120313 0.915625 0.121094 0.907813 0.124219 0.903125 0.123438 0.9
0 0.648438 0.960938 0.646094 0.9625 0.645312 0.967187 0.648438 0.971875 0.651563 0.9851560000000001 0.653906 0.989844 0.659375 0.990625 0.664062 0.9835939999999999 0.663281 0.973437 0.655469 0.9625
0 0.617188 0.9125 0.619531 0.914062 0.628125 0.914062 0.647656 0.917969 0.678906 0.917969 0.692969 0.914062 0.701562 0.90625 0.705469 0.9085940000000001 0.729688 0.904687 0.738281 0.901563 0.739844 0.896094 0.736719 0.894531 0.725781 0.894531 0.699219 0.8976559999999999 0.675 0.8914060000000001 0.657813 0.8914060000000001 0.641406 0.895312 0.625781 0.902344 0.617969 0.909375
0 0.563281 0.540625 0.564844 0.545312 0.571094 0.551562 0.5875 0.563281 0.600781 0.56875 0.626563 0.575 0.639062 0.582031 0.648438 0.584375 0.660156 0.591406 0.677344 0.607031 0.6875 0.601562 0.692187 0.594531 0.703125 0.589844 0.733594 0.589844 0.751563 0.592969 0.757812 0.592187 0.754687 0.586719 0.745313 0.58125 0.713281 0.572656 0.704688 0.575781 0.69375 0.586719 0.685937 0.585938 0.68125 0.582031 0.679688 0.575781 0.667969 0.564844 0.65625 0.55625 0.645312 0.550781 0.624219 0.544531 0.573438 0.5375 0.567187 0.5375
1 0.942187 0.303516 0.9351559999999999 0.303516 0.934375 0.297266 0.927344 0.297266 0.9125 0.289453 0.8835940000000001 0.287891 0.8738279999999999 0.272656 0.839453 0.242188 0.836328 0.233594 0.8269529999999999 0.23125 0.8269529999999999 0.22109399999999998 0.865625 0.220703 0.867578 0.234375 0.8800779999999999 0.244531 0.887891 0.255469 0.892578 0.263281 0.894141 0.275 0.923438 0.276953 0.9289059999999999 0.286328 0.939453 0.289844 0.9425779999999999 0.294531 0.942187 0.303516
1 0.3375 0.9285159999999999 0.326953 0.928125 0.326953 0.9070310000000001 0.334375 0.9066410000000001 0.353125 0.894141 0.358203 0.889062 0.358594 0.883203 0.36875 0.883203 0.369141 0.889062 0.384766 0.903125 0.364844 0.908203 0.341406 0.919141 0.3375 0.9285159999999999
1 0.935937 0.809766 0.9210939999999999 0.809766 0.91875 0.8019529999999999 0.8957029999999999 0.792188 0.8957029999999999 0.783594 0.907813 0.783203 0.921875 0.791016 0.9378910000000001 0.770312 0.9382810000000001 0.764453 0.971875 0.764453 0.972266 0.771875 0.9664059999999999 0.772266 0.9441409999999999 0.794531 0.9425779999999999 0.8 0.9363279999999999 0.8039059999999999 0.935937 0.809766
0 0 0.7125 0 0.725781 0.002344 0.726562 0.003125 0.730469 0.008594 0.735938 0.025781 0.746094 0.0375 0.747656 0.040625 0.745313 0.039062 0.740625 0.024219 0.721094 0.014844 0.715625
0 0.595313 0.071875 0.595313 0.077344 0.603906 0.10625 0.604688 0.115625 0.603125 0.117188 0.597656 0.11640599999999998 0.588281 0.110156 0.573438 0.110937 0.564063 0.11796900000000002 0.564063 0.123438 0.583594 0.124219 0.591406 0.126562 0.607812 0.135937 0.613281 0.147656 0.610938 0.161719 0.6125 0.171094 0.617188 0.179688 0.620313 0.182812 0.624219 0.183594 0.63125 0.171094 0.633594 0.163281 0.632031 0.149219 0.628125 0.141406 0.632812 0.11640599999999998 0.63125 0.091406 0.623437 0.079687 0.619531 0.080469 0.614844 0.086719 0.6 0.073438
1 0.75 0.9472660000000002 0.742578 0.946875 0.744141 0.9210939999999999 0.741016 0.9085940000000001 0.733203 0.90625 0.733203 0.8773440000000001 0.740625 0.876953 0.75 0.8691410000000002 0.791016 0.828125 0.797266 0.820312 0.797656 0.814453 0.81875 0.814453 0.8175779999999999 0.829688 0.798828 0.864062 0.773438 0.887891 0.750391 0.896094 0.756641 0.9085940000000001 0.756641 0.921875 0.753516 0.934375 0.750391 0.9367189999999999 0.75 0.9472660000000002
0 0.271094 0.692969 0.267969 0.690625 0.260156 0.689063 0.248438 0.690625 0.23906299999999997 0.689844 0.208594 0.703906 0.199219 0.7125 0.192188 0.722656 0.191406 0.739062 0.196094 0.741406 0.203906 0.740625 0.257812 0.7125 0.271094 0.697656
0 0.7 0.8679690000000001 0.694531 0.8625 0.682813 0.85625 0.632812 0.85625 0.617969 0.8585939999999999 0.597656 0.864844 0.592969 0.8679690000000001 0.592187 0.873437 0.596875 0.8773440000000001 0.655469 0.8898439999999999 0.674219 0.8898439999999999 0.69375 0.885156 0.696875 0.8757810000000001 0.7 0.871875
0 0.727344 0.692187 0.724219 0.6875 0.707812 0.682031 0.688281 0.683594 0.630469 0.700781 0.6 0.7125 0.6 0.717187 0.61875 0.725 0.633594 0.727344 0.661719 0.725 0.688281 0.719531 0.722656 0.703906 0.727344 0.698438
0 0.425781 0.189062 0.42265600000000003 0.188281 0.415625 0.192969 0.410156 0.20078100000000002 0.404687 0.217188 0.39375 0.209375 0.389844 0.203906 0.373437 0.2 0.36875 0.2 0.349219 0.20781299999999997 0.332813 0.210156 0.330469 0.21484399999999998 0.334375 0.22109399999999998 0.339062 0.22265600000000002 0.370312 0.22343799999999997 0.383594 0.226562 0.398438 0.227344 0.409375 0.232813 0.414844 0.232813 0.416406 0.213281
1 0.45195299999999994 0 0.459766 0.01875 0.478125 0.031641 0.47851600000000005 0.035937 0.458594 0.037891 0.455078 0.048438 0.446875 0.053515999999999994 0.439453 0.053125 0.439453 0.025781 0.44726600000000005 0.023438 0.446875 0.019141 0.439453 0.01875 0.439453 0
1 0.10625 0.4847659999999999 0.094531 0.4847659999999999 0.090625 0.475391 0.070312 0.46601599999999993 0.052344 0.46601599999999993 0.051953000000000006 0.45234399999999997 0.071875 0.44726600000000005 0.079687 0.4535159999999999 0.092578 0.439063 0.092969 0.43320299999999995 0.115625 0.43320299999999995 0.11601599999999998 0.454688 0.108594 0.455078 0.10039099999999998 0.466406 0.10664100000000001 0.477344 0.10625 0.4847659999999999