2 0.932813 0.134375 0.935937 0.13125 0.94375 0.13281199999999999 0.945312 0.13125 0.945312 0.126562 0.941406 0.121875 0.9351559999999999 0.120313 0.9320309999999999 0.123438 0.9289059999999999 0.13125 0.921875 0.13828100000000002 0.9195309999999999 0.146094 0.9195309999999999 0.15234399999999998 0.9242190000000001 0.151562 0.9320309999999999 0.139063 0.932813 0.134375
2 0.778125 0.954688 0.782031 0.953125 0.7875 0.953125 0.786719 0.95 0.780469 0.946875 0.769531 0.9460940000000001 0.761719 0.94375 0.728125 0.945312 0.725781 0.946875 0.726562 0.951562 0.735938 0.954688 0.778125 0.954688
2 0.784375 1 0.785156 0.9976559999999999 0.789062 0.996875 0.792969 0.9929690000000001 0.794531 0.988281 0.799219 0.9898440000000001 0.8 0.985938 0.797656 0.9820309999999999 0.797656 0.978125 0.795312 0.975 0.789062 0.976562 0.782813 0.9757809999999999 0.753906 0.985938 0.724219 0.9929690000000001 0.720313 0.995313 0.71875 1 0.784375 1
1 0.490625 0.676562 0.49218799999999996 0.697656 0.5 0.710156 0.5 0.717187 0.497656 0.720313 0.496875 0.724219 0.498437 0.725 0.500781 0.722656 0.503125 0.722656 0.509375 0.717969 0.514062 0.716406 0.520312 0.709375 0.521094 0.704688 0.510938 0.695312 0.507031 0.688281 0.503125 0.673438 0.5 0.670312 0.498437 0.666406 0.501563 0.661719 0.491406 0.65625 0.48906299999999997 0.65625 0.4875 0.657813 0.4875 0.667188 0.490625 0.676562
1 0.071094 1 0.073438 0.9914059999999999 0.079687 0.980469 0.08125 0.973437 0.085156 0.964844 0.085156 0.9617190000000001 0.08984400000000001 0.949219 0.090625 0.9367190000000001 0.088281 0.934375 0.084375 0.934375 0.080469 0.929688 0.072656 0.928125 0.060937 0.9132809999999999 0.057031 0.910156 0.052344 0.910156 0.051562 0.9125 0.053905999999999996 0.914062 0.053905999999999996 0.9164059999999999 0.05625 0.920312 0.061719 0.925 0.064062 0.929688 0.072656 0.939063 0.075781 0.9398440000000001 0.075 0.9429690000000001 0.067187 0.9523440000000001 0.060937 0.965625 0.054688 1 0.071094 1
1 0.5875 0.49531200000000003 0.596875 0.497656 0.6 0.501563 0.597656 0.507812 0.589844 0.51875 0.5875 0.524219 0.585156 0.546875 0.585156 0.563281 0.5875 0.575 0.591406 0.583594 0.594531 0.585938 0.596875 0.585938 0.600781 0.582812 0.603906 0.577344 0.605469 0.564844 0.611719 0.546875 0.615625 0.525 0.616406 0.508594 0.613281 0.49921899999999997 0.603125 0.48906299999999997 0.599219 0.486719 0.5875 0.484375 0.572813 0.48164100000000004 0.582812 0.491406 0.5875 0.49531200000000003
1 0.18984399999999998 0.16796899999999998 0.192188 0.182812 0.194531 0.189062 0.20078100000000002 0.196875 0.20781299999999997 0.203125 0.213281 0.203125 0.21640600000000002 0.2 0.221875 0.197656 0.221875 0.192188 0.217188 0.177344 0.209375 0.163281 0.202344 0.155469 0.19140600000000002 0.15390600000000002 0.18984399999999998 0.15859399999999998 0.185938 0.15625 0.177344 0.157812 0.16164099999999998 0.157422 0.173437 0.163281 0.182031 0.163281 0.18984399999999998 0.16796899999999998
2 0.19375 0.41875 0.19921899999999998 0.420312 0.21406200000000003 0.42109399999999997 0.21640600000000002 0.42265600000000003 0.232813 0.421875 0.235156 0.423438 0.242969 0.419531 0.24765600000000002 0.419531 0.252344 0.415625 0.261719 0.4125 0.264062 0.408594 0.267969 0.409375 0.26875 0.40546899999999997 0.267188 0.403125 0.263281 0.402344 0.255469 0.40625 0.242969 0.40703100000000003 0.23828100000000002 0.41093799999999997 0.228906 0.4125 0.18125 0.4125 0.176563 0.415625 0.177344 0.420312 0.18515600000000002 0.41875 0.19375 0.41875
1 0.447656 0.317969 0.454688 0.309375 0.458594 0.307031 0.46093799999999996 0.303125 0.460156 0.298438 0.45 0.299219 0.444531 0.302344 0.432031 0.303906 0.428906 0.30625 0.434375 0.314844 0.432031 0.321094 0.432031 0.33125 0.433594 0.334375 0.43671899999999997 0.335156 0.440625 0.332031 0.447656 0.317969
2 0.702344 0.08203099999999999 0.710156 0.092969 0.725 0.107813 0.733594 0.107813 0.732812 0.10625 0.728125 0.104688 0.725 0.096094 0.70625 0.071875 0.694531 0.060937 0.689844 0.051562 0.68125 0.051562 0.68125 0.053905999999999996 0.686719 0.064844 0.702344 0.08203099999999999
2 0.832812 0.040625 0.8460940000000001 0.036719 0.8429690000000001 0.035937000000000004 0.839844 0.03125 0.8351559999999999 0.030469000000000003 0.8179690000000001 0.034375 0.797656 0.036719 0.796094 0.041406 0.8054690000000001 0.042969 0.816406 0.042969 0.832812 0.040625