0 0.060937 0.248438 0.057031 0.258594 0.057813 0.267969 0.067187 0.282031 0.082031 0.294531 0.096875 0.303125 0.11875 0.309375 0.138281 0.307031 0.145313 0.303125 0.136719 0.289062 0.121094 0.279687 0.103125 0.271875 0.075781 0.255469 0.064844 0.246875
0 0.161719 0.235937 0.15 0.241406 0.147656 0.246875 0.147656 0.255469 0.150781 0.265625 0.157031 0.277344 0.164062 0.283594 0.171094 0.283594 0.172656 0.279687 0.171875 0.271875 0.165625 0.253125 0.164844 0.23828100000000002
0 0.779687 0.329688 0.769531 0.329688 0.750781 0.336719 0.733594 0.353125 0.73125 0.357031 0.730469 0.36875 0.735156 0.380469 0.723437 0.385156 0.711719 0.394531 0.695312 0.415625 0.694531 0.421875 0.722656 0.423438 0.736719 0.410156 0.750781 0.389062 0.750781 0.385937 0.748437 0.383594 0.740625 0.38125 0.774219 0.34375
0 0.696094 0.321094 0.692969 0.319531 0.683594 0.321094 0.678125 0.334375 0.671875 0.342187 0.665625 0.354687 0.65 0.366406 0.646094 0.373437 0.646094 0.378125 0.653125 0.384375 0.660937 0.383594 0.666406 0.377344 0.670312 0.367188 0.673438 0.364063 0.682031 0.360156 0.689844 0.3625 0.7 0.334375 0.7 0.325781
0 0.700781 0.284375 0.697656 0.289062 0.697656 0.296875 0.704688 0.3125 0.720313 0.325 0.726562 0.327344 0.740625 0.328125 0.740625 0.321094 0.729688 0.307812 0.704688 0.284375
0 0.770312 0.802344 0.764844 0.807813 0.759375 0.8570309999999999 0.760156 0.896875 0.763281 0.9148440000000001 0.771094 0.928125 0.776563 0.932813 0.792188 0.942187 0.800781 0.941406 0.803125 0.942969 0.799219 0.9460940000000001 0.790625 0.9445309999999999 0.789062 0.9523439999999999 0.792969 0.9710940000000001 0.798438 0.975 0.804688 0.975 0.807031 0.973437 0.8125 0.9773440000000001 0.8125 1 0.826562 1 0.826562 0.995313 0.823438 0.988281 0.823438 0.973437 0.8273439999999999 0.95625 0.8289060000000001 0.932031 0.835938 0.925 0.832812 0.9148440000000001 0.833594 0.902344 0.83125 0.875 0.825 0.859375 0.8125 0.839844 0.778906 0.80625
0 0.723437 0 0.723437 0.00625 0.729688 0.01875 0.740625 0.029687 0.734375 0.032813 0.732031 0.036719 0.728125 0.036719 0.727344 0.041406 0.732031 0.045312 0.736719 0.046094 0.747656 0.052344 0.75 0.05625 0.75 0.06875 0.752344 0.069531 0.75625 0.0625 0.764062 0.064062 0.770312 0.06875 0.776563 0.09375 0.785156 0.115625 0.789844 0.120313 0.8039059999999999 0.126562 0.80625 0.129688 0.814063 0.13125 0.814063 0.136719 0.8125 0.138281 0.802344 0.139844 0.798438 0.142969 0.809375 0.161719 0.8148440000000001 0.163281 0.81875 0.15625 0.820312 0.14375 0.81875 0.135937 0.8148440000000001 0.134375 0.8148440000000001 0.13125 0.8195309999999999 0.130469 0.823438 0.127344 0.824219 0.113281 0.820312 0.09375 0.8125 0.075 0.814063 0.073438 0.822656 0.074219 0.826562 0.071094 0.826562 0.066406 0.817969 0.05625 0.80625 0.047656 0.780469 0.0375 0.780469 0.032813 0.770312 0.033594 0.767969 0.029687 0.770312 0.025781 0.769531 0.017188 0.760156 0
0 0.93125 0.120313 0.925781 0.126562 0.91875 0.146094 0.917188 0.153906 0.917188 0.175 0.9226560000000001 0.209375 0.9351559999999999 0.215625 0.939063 0.21484399999999998 0.940625 0.21640600000000002 0.9367189999999999 0.232813 0.933594 0.235937 0.934375 0.248438 0.932813 0.252344 0.942187 0.259375 0.9679689999999999 0.285156 0.992188 0.299219 1 0.300781 1 0.261719 0.982812 0.246875 0.9554690000000001 0.228125 0.957812 0.210938 0.957812 0.1875 0.9554690000000001 0.173437 0.949219 0.151562 0.9375 0.125
0 0.932031 0.336719 0.932031 0.341406 0.939063 0.364844 0.9617190000000001 0.402344 0.974219 0.416406 0.9867190000000001 0.42656299999999997 1 0.42968799999999996 1 0.392188 0.99375 0.388281 0.988281 0.378125 0.989062 0.375 1 0.367188 1 0.321094 0.99375 0.321094 0.9875 0.325781 0.964844 0.35 0.94375 0.336719 0.935937 0.334375
0 1 0.457031 0.9867190000000001 0.45234399999999997 0.973437 0.45 0.957812 0.449219 0.9367189999999999 0.45234399999999997 0.9054689999999999 0.4625 0.864844 0.482812 0.855469 0.491406 0.8507809999999999 0.503125 0.846875 0.507031 0.8210940000000001 0.509375 0.816406 0.516406 0.80625 0.519531 0.760938 0.545312 0.749219 0.557031 0.742188 0.569531 0.732812 0.592969 0.733594 0.600781 0.738281 0.605469 0.748437 0.605469 0.766406 0.600781 0.795312 0.582812 0.8039059999999999 0.574219 0.8289060000000001 0.557031 0.832031 0.551562 0.8507809999999999 0.563281 0.875 0.573438 0.9085940000000001 0.579688 0.910156 0.577344 0.909375 0.571094 0.9039059999999999 0.560937 0.8898439999999999 0.541406 0.876563 0.528906 0.886719 0.525 0.909375 0.521875 0.935937 0.513281 0.965625 0.49921899999999997 0.970313 0.498437 0.976562 0.492969 1 0.48125
0 0.340625 0.055469000000000004 0.3375 0.053905999999999996 0.314063 0.061719 0.299219 0.071094 0.290625 0.078906 0.28125 0.092969 0.279687 0.1 0.275781 0.10625 0.278125 0.11171899999999998 0.271875 0.128125 0.267969 0.132031 0.261719 0.132031 0.258594 0.135156 0.25625 0.135156 0.251563 0.141406 0.24765600000000002 0.1375 0.24375 0.142187 0.23906299999999997 0.14375 0.2375 0.146875 0.23203100000000002 0.146094 0.21640600000000002 0.148438 0.201563 0.157812 0.1875 0.174219 0.183594 0.182812 0.169531 0.195312 0.164844 0.203906 0.164062 0.210156 0.165625 0.21484399999999998 0.169531 0.217969 0.175781 0.217969 0.190625 0.20703100000000002 0.20546899999999998 0.203125 0.22109399999999998 0.186719 0.233594 0.178125 0.253125 0.158594 0.260156 0.155469 0.2625 0.158594 0.267969 0.15625 0.292187 0.128125 0.301563 0.123438 0.307031 0.11796900000000002 0.315625 0.105469 0.319531 0.092188 0.325 0.08125 0.336719 0.067969 0.340625 0.060156
0 0.592187 0.314063 0.585938 0.310156 0.565625 0.307031 0.5375 0.310156 0.508594 0.317188 0.49375 0.328125 0.485938 0.328125 0.480469 0.332031 0.475 0.33125 0.466406 0.325781 0.453125 0.321875 0.434375 0.320312 0.408594 0.325781 0.395313 0.332031 0.369531 0.339844 0.367188 0.342969 0.369531 0.346875 0.392188 0.353906 0.444531 0.355469 0.478906 0.342969 0.494531 0.33125 0.497656 0.33125 0.502344 0.335156 0.503906 0.339062 0.508594 0.341406 0.526563 0.342187 0.548438 0.338281 0.56875 0.330469 0.589844 0.31875
0 0.333594 0.357031 0.35 0.370312 0.369531 0.376563 0.380469 0.386719 0.394531 0.385937 0.411719 0.378906 0.420312 0.378906 0.424219 0.383594 0.434375 0.376563 0.42265600000000003 0.375781 0.42109399999999997 0.374219 0.42265600000000003 0.371875 0.435156 0.369531 0.439844 0.374219 0.441406 0.370312 0.439844 0.357031 0.386719 0.353906 0.366406 0.347656 0.357812 0.353125 0.336719 0.354687
0 0.539062 0.345313 0.504687 0.342969 0.46875 0.346094 0.446875 0.353906 0.44375 0.365625 0.446875 0.374219 0.455469 0.380469 0.467187 0.382031 0.490625 0.380469 0.510156 0.370312 0.520312 0.360938 0.539062 0.35
0 0.224219 0.346875 0.21875 0.353125 0.21875 0.371094 0.221875 0.385156 0.228125 0.398438 0.240625 0.413281 0.253906 0.42265600000000003 0.275 0.427344 0.276562 0.423438 0.272656 0.415625 0.260156 0.399219 0.239844 0.360156 0.23125 0.349219
0 0.747656 0.767188 0.746875 0.763281 0.74375 0.761719 0.716406 0.763281 0.696875 0.769531 0.691406 0.774219 0.689063 0.774219 0.678906 0.767188 0.651563 0.766406 0.628125 0.774219 0.617188 0.784375 0.615625 0.789062 0.617188 0.791406 0.624219 0.79375 0.654687 0.792969 0.678906 0.785156 0.689063 0.779687 0.696875 0.788281 0.704688 0.789062 0.725781 0.783594 0.739844 0.776563 0.745313 0.771875
0 0.504687 0.884375 0.498437 0.885156 0.474219 0.90625 0.460156 0.925 0.45 0.9445309999999999 0.44531200000000004 0.963281 0.44531200000000004 0.98125 0.449219 0.9867190000000001 0.461719 0.995313 0.466406 0.9914059999999999 0.47656200000000004 0.957031 0.492969 0.923438 0.5 0.898438 0.504687 0.889062
0 0.347656 0.876563 0.342187 0.873437 0.336719 0.873437 0.316406 0.878906 0.3 0.889062 0.290625 0.892188 0.275 0.904687 0.259375 0.910937 0.252344 0.916406 0.226562 0.929688 0.220312 0.935937 0.21484399999999998 0.9507809999999999 0.210938 0.9523439999999999 0.209375 0.9554690000000001 0.203125 0.957031 0.20078100000000002 0.9507809999999999 0.198437 0.959375 0.192969 0.960938 0.183594 0.96875 0.153906 0.984375 0.139844 0.9976559999999999 0.139844 1 0.182812 1 0.189844 0.9929690000000001 0.210938 0.980469 0.225781 0.965625 0.240625 0.9625 0.272656 0.9351559999999999 0.297656 0.9195309999999999 0.3125 0.9125 0.335156 0.8929690000000001
0 0.653125 0.446875 0.653906 0.45234399999999997 0.652344 0.455469 0.657813 0.454688 0.660156 0.459375 0.664844 0.46093799999999996 0.678906 0.475 0.698438 0.488281 0.725 0.5 0.758594 0.50625 0.774219 0.5125 0.785937 0.514844 0.803125 0.513281 0.8148440000000001 0.50625 0.8148440000000001 0.514844 0.81875 0.522656 0.81875 0.530469 0.823438 0.540625 0.826562 0.542969 0.826562 0.546094 0.832031 0.552344 0.8414059999999999 0.55625 0.8460940000000001 0.560937 0.860938 0.56875 0.8773440000000001 0.574219 0.896094 0.578125 0.909375 0.578906 0.911719 0.577344 0.909375 0.569531 0.8976559999999999 0.550781 0.8757810000000001 0.525 0.85 0.50625 0.821875 0.507031 0.8148440000000001 0.505469 0.8117189999999999 0.501563 0.810937 0.496094 0.798438 0.482812 0.796875 0.478125 0.779687 0.467187 0.772656 0.46406200000000003 0.763281 0.463281 0.754687 0.45781299999999997 0.746094 0.457031 0.739062 0.453125 0.728906 0.451562 0.724219 0.44843700000000003 0.711719 0.447656 0.702344 0.44375 0.675781 0.44375
0 0.713281 0.12265600000000002 0.715625 0.127344 0.751563 0.141406 0.782031 0.142969 0.799219 0.140625 0.809375 0.135156 0.809375 0.130469 0.803125 0.125 0.785156 0.117188 0.765625 0.113281 0.744531 0.113281 0.717969 0.11953100000000001
0 0.721094 0.24765600000000002 0.717187 0.254688 0.717969 0.259375 0.742188 0.288281 0.766406 0.309375 0.775 0.314844 0.783594 0.316406 0.785156 0.314844 0.785156 0.308594 0.782031 0.3 0.775 0.2875 0.761719 0.270313 0.745313 0.25625 0.733594 0.249219 0.726562 0.246875
0 0.19375 0.725 0.169531 0.725 0.126562 0.739844 0.121875 0.74375 0.121094 0.747656 0.123438 0.757812 0.126562 0.761719 0.134375 0.764062 0.150781 0.763281 0.1625 0.758594 0.191406 0.732812 0.19375 0.728906
0 0.86875 0.744531 0.8679690000000001 0.752344 0.8726559999999999 0.764062 0.884375 0.773438 0.904687 0.782031 0.933594 0.784375 0.9375 0.783594 0.946875 0.775781 0.9460940000000001 0.771094 0.9195309999999999 0.757031 0.892188 0.75 0.878125 0.74375 0.8726559999999999 0.742969
0 0.660937 0.692187 0.654687 0.700781 0.647656 0.722656 0.647656 0.75 0.655469 0.765625 0.674219 0.767188 0.678125 0.764062 0.677344 0.725 0.682031 0.707031 0.682813 0.696875 0.68125 0.695312
0 0.782813 0.623437 0.78125 0.64375 0.786719 0.661719 0.796875 0.672656 0.807031 0.680469 0.8210940000000001 0.686719 0.8273439999999999 0.685937 0.834375 0.678125 0.832812 0.675 0.825 0.670312 0.8148440000000001 0.660937 0.8101559999999999 0.659375 0.796094 0.645312 0.791406 0.6375 0.788281 0.624219
0 0.634375 0.672656 0.640625 0.678906 0.658594 0.690625 0.674219 0.695312 0.6875 0.694531 0.711719 0.685937 0.713281 0.689063 0.708594 0.7 0.708594 0.709375 0.711719 0.719531 0.719531 0.734375 0.728906 0.744531 0.744531 0.754687 0.763281 0.759375 0.770312 0.759375 0.774219 0.757031 0.771875 0.748437 0.764844 0.738281 0.726562 0.699219 0.720313 0.684375 0.717187 0.682813 0.7125 0.685156 0.705469 0.683594 0.685156 0.683594 0.670312 0.677344 0.667969 0.678906 0.657813 0.677344 0.64375 0.671094
0 0.8101559999999999 0.717969 0.807813 0.720313 0.807813 0.727344 0.8132810000000001 0.74375 0.821875 0.753906 0.829688 0.759375 0.8414059999999999 0.763281 0.8570309999999999 0.763281 0.8585939999999999 0.78125 0.860938 0.785937 0.865625 0.783594 0.865625 0.771094 0.8679690000000001 0.767969 0.865625 0.761719 0.8679690000000001 0.751563 0.871875 0.74375 0.867188 0.739062 0.860938 0.736719 0.8601560000000001 0.747656 0.8570309999999999 0.751563 0.854688 0.750781 0.846875 0.74375 0.8375 0.741406 0.828125 0.730469 0.817969 0.725
0 0.990625 0.794531 0.985938 0.798438 0.974219 0.825 0.9664059999999999 0.851562 0.967187 0.859375 0.9710940000000001 0.859375 0.9773440000000001 0.8523440000000001 0.992188 0.824219 0.996875 0.8101559999999999 0.9976559999999999 0.802344 0.996875 0.799219
0 0.655469 0.795312 0.649219 0.796875 0.64375 0.807813 0.639062 0.8125 0.636719 0.820312 0.636719 0.846875 0.638281 0.85625 0.642188 0.864844 0.646094 0.8585939999999999 0.648438 0.85 0.646875 0.839063 0.650781 0.81875 0.657813 0.804688 0.657813 0.797656
0 0.023438 0.786719 0.025781 0.792188 0.034375 0.794531 0.057031 0.792969 0.064062 0.796875 0.077344 0.796875 0.079687 0.800781 0.080469 0.8148440000000001 0.085938 0.809375 0.094531 0.782031 0.085156 0.770312 0.064062 0.772656 0.060156 0.769531 0.054688 0.775
0 0.025781 0.792969 0.024219 0.794531 0.023438 0.8054690000000001 0.025781 0.829688 0.028905999999999998 0.839063 0.041406 0.849219 0.04375 0.846875 0.04375 0.8414059999999999 0.046094 0.8367190000000001 0.046094 0.828125 0.042188 0.8257809999999999 0.035156 0.8101559999999999 0.034375 0.796094 0.030469000000000003 0.792969
0 0.004687 0.614844 0.005469 0.619531 0.014844 0.628125 0.032813 0.636719 0.052344 0.63125 0.059375 0.625781 0.0625 0.626563 0.064062 0.63125 0.06875 0.627344 0.06875 0.622656 0.060937 0.620313 0.052344 0.621094 0.045312 0.625 0.036719 0.626563 0.025781 0.623437 0.013280999999999998 0.615625
0 0.435937 0.263281 0.43828100000000003 0.267188 0.442969 0.267969 0.446875 0.271094 0.466406 0.271094 0.485938 0.267969 0.5 0.26875 0.513281 0.263281 0.521094 0.263281 0.528125 0.265625 0.532813 0.270313 0.536719 0.269531 0.539062 0.271094 0.553125 0.267969 0.546094 0.259375 0.535156 0.255469 0.525 0.253906 0.5125 0.257031 0.503125 0.252344 0.482812 0.249219 0.463281 0.249219 0.450781 0.251563 0.444531 0.254688
0 0.942187 0.211719 0.939063 0.211719 0.9367189999999999 0.215625 0.932031 0.217188 0.9242190000000001 0.234375 0.9242190000000001 0.249219 0.93125 0.2625 0.93125 0.267188 0.917969 0.275 0.910937 0.282813 0.901563 0.298438 0.8929690000000001 0.321875 0.886719 0.349219 0.884375 0.367969 0.885156 0.383594 0.8898439999999999 0.383594 0.907813 0.365625 0.921875 0.339062 0.932031 0.310937 0.9351559999999999 0.29375 0.939063 0.283594 0.935937 0.264062 0.935937 0.24375 0.9398440000000001 0.227344 0.942969 0.221875
0 0.839063 0.107813 0.8375 0.109375 0.8367190000000001 0.128906 0.839063 0.14375 0.8429689999999999 0.155469 0.853125 0.175 0.8601560000000001 0.184375 0.875 0.199219 0.8820309999999999 0.202344 0.8882809999999999 0.208594 0.886719 0.21406200000000003 0.880469 0.22265600000000002 0.879687 0.232813 0.8882809999999999 0.260937 0.892188 0.267188 0.896875 0.269531 0.8976559999999999 0.260156 0.894531 0.22265600000000002 0.895312 0.203906 0.890625 0.177344 0.879687 0.15 0.8601560000000001 0.121094 0.85 0.109375
0 0.664844 0.175 0.663281 0.178906 0.669531 0.19375 0.695312 0.234375 0.708594 0.24375 0.7125 0.242969 0.714063 0.23906299999999997 0.713281 0.228125 0.704688 0.211719 0.683594 0.189062 0.669531 0.176563
0 0.571094 0.42265600000000003 0.572656 0.42656299999999997 0.582812 0.430469 0.589063 0.435156 0.594531 0.435937 0.617969 0.447656 0.635156 0.45234399999999997 0.642969 0.45234399999999997 0.64375 0.447656 0.65 0.444531 0.697656 0.44218799999999997 0.708594 0.435156 0.723437 0.43125 0.728125 0.428125 0.725781 0.425781 0.714063 0.423438 0.688281 0.424219 0.671094 0.428125 0.639062 0.419531 0.615625 0.415625 0.575 0.419531
0 0.251563 0.44843700000000003 0.24609399999999998 0.453125 0.242969 0.461719 0.242969 0.471094 0.250781 0.4875 0.259375 0.497656 0.275 0.50625 0.279687 0.507031 0.280469 0.504687 0.274219 0.496094 0.25625 0.45625 0.25625 0.449219
0 0.173437 0.46796899999999997 0.164062 0.496875 0.1625 0.510938 0.164844 0.520312 0.174219 0.528906 0.176563 0.525781 0.178906 0.514844 0.178125 0.509375 0.180469 0.489844 0.178125 0.475781
0 0.557031 0 0.521875 0 0.517969 0.016406 0.521094 0.038281 0.525781 0.039844 0.539062 0.027344 0.557031 0.002344
0 0.177344 0.520312 0.177344 0.530469 0.182812 0.538281 0.189062 0.536719 0.195312 0.542188 0.203125 0.541406 0.22343799999999997 0.546094 0.240625 0.545312 0.235937 0.5375 0.23671899999999998 0.528906 0.235156 0.526563 0.210156 0.519531 0.180469 0.517188
1 0.715625 0.153516 0.671094 0.153516 0.670703 0.147656 0.664062 0.144141 0.639844 0.145703 0.602344 0.142578 0.578125 0.130078 0.570703 0.129688 0.570703 0.108594 0.625 0.10820300000000001 0.627344 0.11601599999999998 0.635938 0.117578 0.658594 0.131641 0.675781 0.12382800000000001 0.685937 0.125391 0.7 0.130078 0.707031 0.136328 0.715625 0.136328 0.715625 0.153516
0 0.339062 0.266016 0.326953 0.265625 0.326953 0.249219 0.332813 0.248828 0.337891 0.24375 0.344141 0.23046899999999998 0.363281 0.21132800000000002 0.376563 0.21132800000000002 0.384766 0.20781299999999997 0.381641 0.177344 0.387891 0.152344 0.394141 0.139844 0.4066409999999999 0.128125 0.40703100000000003 0.120703 0.428125 0.120703 0.428516 0.15 0.42265600000000003 0.150391 0.42070299999999994 0.153906 0.41757799999999995 0.171875 0.40507799999999994 0.20078100000000002 0.40507799999999994 0.234375 0.402344 0.23476599999999997 0.396875 0.22695300000000002 0.383594 0.22539100000000004 0.350781 0.248828 0.339453 0.260156 0.339062 0.266016
1 0.31875 0.334766 0.308203 0.334375 0.308594 0.316016 0.315625 0.316016 0.321094 0.309766 0.346094 0.300391 0.360938 0.300391 0.365625 0.303516 0.369141 0.3 0.372266 0.283594 0.384766 0.283594 0.384766 0.292187 0.378516 0.302344 0.378125 0.316016 0.360938 0.312891 0.342969 0.314453 0.319531 0.326953 0.31875 0.334766
2 0.209375 0.841016 0.199219 0.841016 0.196875 0.8332029999999999 0.189453 0.832812 0.189844 0.814453 0.244141 0.8148440000000001 0.24375 0.823828 0.225 0.831641 0.211719 0.8332029999999999 0.209375 0.841016
2 0.721875 0.616016 0.708594 0.616016 0.703516 0.603906 0.695703 0.601562 0.696094 0.583203 0.712891 0.583594 0.712891 0.590625 0.722266 0.607031 0.721875 0.616016
1 0.060937 0.372266 0.011719 0.372266 0.009375 0.364453 0.0019530000000000003 0.364063 0.0019530000000000003 0.346094 0.078125 0.345703 0.078516 0.35625 0.066406 0.361328 0.06132800000000001 0.366406 0.060937 0.372266
2 0.965625 0.622266 0.9210939999999999 0.622266 0.91875 0.614453 0.9085940000000001 0.612891 0.8992190000000001 0.606641 0.889062 0.594141 0.883203 0.59375 0.883203 0.583594 0.965625 0.583203 0.965625 0.622266
0 0.128125 0.472266 0.113281 0.472266 0.112891 0.464844 0.10234400000000002 0.459766 0.092578 0.45 0.086328 0.434375 0.085938 0.41757799999999995 0.058594 0.40507799999999994 0.046875 0.395703 0.039453 0.395313 0.039844 0.370703 0.05 0.370703 0.051953000000000006 0.379688 0.058594 0.384766 0.082812 0.386328 0.099219 0.40351599999999993 0.10820300000000001 0.408594 0.109766 0.421875 0.120703 0.45 0.128516 0.45234399999999997 0.128125 0.472266
2 0.221875 0.297266 0.202344 0.297266 0.2 0.289453 0.188281 0.284766 0.184375 0.280078 0.176953 0.279687 0.177344 0.233203 0.191016 0.233594 0.191016 0.242188 0.198828 0.252344 0.208203 0.278125 0.21484399999999998 0.283203 0.222266 0.283594 0.221875 0.297266
1 0.670312 0.086328 0.658203 0.085938 0.658203 0.049219 0.666016 0.046875 0.669531 0.033203 0.685937 0.033203 0.689453 0.053905999999999996 0.687891 0.073438 0.684375 0.080078 0.670312 0.086328
0 0.9992189999999999 0.059766 0.976562 0.064453 0.9445309999999999 0.064453 0.902344 0.055078 0.89375 0.044141 0.853906 0.044141 0.8367190000000001 0.034766 0.820312 0.019141 0.814453 0.01875 0.814453 0
2 0.31875 0.334766 0.308203 0.334375 0.308594 0.316016 0.315625 0.316016 0.317969 0.311328 0.34375 0.301953 0.344531 0.295703 0.3625 0.295703 0.364844 0.303516 0.367969 0.295703 0.378516 0.296094 0.379688 0.316016 0.359375 0.312891 0.344531 0.314453 0.322656 0.325391 0.31875 0.334766
1 0.9992189999999999 0.570703 0.9941410000000002 0.59375 0.987891 0.602344 0.986328 0.610938 0.9785160000000002 0.623437 0.9738279999999999 0.625781 0.966016 0.646875 0.958594 0.647266 0.9582029999999999 0.535156 0.965625 0.534766 0.966016 0.532031 0.9582029999999999 0.529687 0.9582029999999999 0.510156 0.965625 0.509766 0.974219 0.516016 0.979688 0.516016 0.9941410000000002 0.504687 0.9941410000000002 0.496094 0.9992189999999999 0.49570299999999995
1 0.7125 0.078516 0.705469 0.078516 0.703516 0.066406 0.695703 0.064062 0.696094 0.026952999999999998 0.70625 0.026952999999999998 0.706641 0.034375 0.711328 0.040625 0.722266 0.044531 0.722266 0.06875 0.714844 0.069141 0.7125 0.078516
2 0.648438 0.020703 0.608594 0.019141 0.608203 0.008594 0.659375 0.008203 0.659766 0.017188 0.648438 0.020703
1 0.3125 0.222266 0.301953 0.221875 0.301953 0.189844 0.311328 0.185938 0.325781 0.166016 0.351953 0.151562 0.353516 0.142969 0.372266 0.125 0.375781 0.114453 0.390625 0.114453 0.391016 0.128125 0.381641 0.130469 0.362891 0.160156 0.358203 0.178125 0.339844 0.189453 0.320312 0.21132800000000002 0.313281 0.214453 0.3125 0.222266
0 0.198437 0.8101559999999999 0.196094 0.808594 0.184375 0.808594 0.170313 0.815625 0.1375 0.8273439999999999 0.120313 0.835938 0.091406 0.8570309999999999 0.083594 0.870313 0.082812 0.8773440000000001 0.103125 0.876563 0.110156 0.8742189999999999 0.159375 0.848437 0.190625 0.8273439999999999 0.195312 0.821875 0.198437 0.8148440000000001
0 0.183594 0.54375 0.173437 0.54375 0.157031 0.555469 0.141406 0.580469 0.125 0.596094 0.121094 0.607031 0.121094 0.624219 0.12265600000000002 0.628906 0.165625 0.585156 0.171094 0.575 0.174219 0.564063 0.18125 0.553125 0.184375 0.545312
0 0.067969 0.625 0.066406 0.632031 0.067187 0.639062 0.073438 0.647656 0.080469 0.651563 0.096875 0.655469 0.107813 0.655469 0.140625 0.650781 0.13125 0.641406 0.121875 0.636719 0.083594 0.627344 0.074219 0.622656