2 0.596094 0.617969 0.600781 0.609375 0.614062 0.574219 0.616406 0.557031 0.615625 0.535937 0.608594 0.539844 0.599219 0.561719 0.589063 0.607031 0.589063 0.614844 0.586719 0.622656 0.5875 0.625781 0.592187 0.625781 0.595313 0.623437 0.596094 0.617969
1 0.928125 0.791406 0.9351559999999999 0.8257809999999999 0.9460940000000001 0.848437 0.9625 0.871094 0.967187 0.873437 0.9710940000000001 0.8679690000000001 0.972656 0.8617190000000001 0.972656 0.8382809999999999 0.967187 0.803125 0.959375 0.777344 0.959375 0.774219 0.95625 0.767969 0.9554690000000001 0.761719 0.9507809999999999 0.750781 0.946875 0.736719 0.9445309999999999 0.732031 0.9398440000000001 0.727344 0.934375 0.725781 0.929688 0.728906 0.9273440000000001 0.735938 0.928125 0.791406
2 0.873437 0.964063 0.8773440000000001 0.9601559999999999 0.886719 0.957812 0.896875 0.959375 0.902344 0.954688 0.896875 0.9523440000000001 0.8875 0.953125 0.8820309999999999 0.9507809999999999 0.873437 0.95 0.8601559999999999 0.951562 0.8460940000000001 0.95625 0.8414059999999999 0.95625 0.8367190000000001 0.9585940000000001 0.8335940000000001 0.9585940000000001 0.8289059999999999 0.960938 0.824219 0.967187 0.8351559999999999 0.96875 0.865625 0.967187 0.873437 0.964063
1 0.46406200000000003 0.679688 0.471094 0.673438 0.47343799999999997 0.667188 0.478906 0.6625 0.482812 0.657031 0.484375 0.652344 0.48906299999999997 0.646875 0.49375 0.634375 0.496875 0.620313 0.497656 0.607031 0.494531 0.603125 0.489844 0.603906 0.48515600000000003 0.611719 0.478125 0.61875 0.46445299999999995 0.626406 0.479922 0.6258589999999999 0.475781 0.636094 0.466406 0.653906 0.4625 0.657813 0.4625 0.661719 0.459375 0.665625 0.45781299999999997 0.670312 0.454688 0.672656 0.45390600000000003 0.677344 0.450781 0.68125 0.451562 0.686719 0.45781299999999997 0.686719 0.463281 0.682031 0.46406200000000003 0.679688
2 0.078906 0.6875 0.086719 0.692187 0.092969 0.69375 0.10625 0.69375 0.105469 0.689063 0.092969 0.680469 0.088281 0.675781 0.084375 0.66875 0.079687 0.670312 0.076563 0.679688 0.076563 0.684375 0.078906 0.6875
1 0.051562 0.139844 0.064844 0.151562 0.067969 0.153125 0.076563 0.15390600000000002 0.073438 0.15625 0.073438 0.157812 0.06875 0.163281 0.061719 0.176563 0.055469000000000004 0.192969 0.052344 0.208594 0.052344 0.225 0.054688 0.2375 0.058594 0.248438 0.060156 0.25781200000000004 0.064844 0.259375 0.072656 0.242969 0.075 0.234375 0.08125 0.224219 0.08203099999999999 0.21484399999999998 0.085938 0.203906 0.086719 0.19531199999999999 0.092969 0.17578100000000002 0.095312 0.15390600000000002 0.092188 0.141406 0.085938 0.14375 0.083594 0.146875 0.080469 0.147656 0.078125 0.14375 0.07421900000000001 0.142187 0.064844 0.141406 0.048437999999999995 0.130469 0.044531 0.134375 0.047656 0.139063 0.051562 0.139844
2 0.272656 0.910937 0.272656 0.9070309999999999 0.267969 0.902344 0.261719 0.910937 0.25781200000000004 0.9242190000000001 0.25781200000000004 0.9351559999999999 0.25468799999999997 0.939063 0.259375 0.954688 0.26484399999999997 0.9523440000000001 0.265625 0.9320309999999999 0.272656 0.910937
2 0.2375 0.834375 0.240625 0.834375 0.24609399999999998 0.829688 0.25078100000000003 0.828125 0.251563 0.8257809999999999 0.248438 0.8210940000000001 0.24375 0.820312 0.234375 0.8273440000000001 0.224219 0.8304690000000001 0.219531 0.834375 0.210938 0.8375 0.210938 0.839844 0.219531 0.840625 0.233594 0.8367190000000001 0.2375 0.834375
1 0.4375 0.846875 0.439063 0.851562 0.441016 0.8467969999999999 0.44218799999999997 0.8429690000000001 0.44218799999999997 0.8375 0.44375 0.8367190000000001 0.447656 0.839844 0.449219 0.8445309999999999 0.451562 0.8460940000000001 0.45390600000000003 0.8507809999999999 0.464844 0.859375 0.48125 0.865625 0.494531 0.867188 0.496875 0.865625 0.494531 0.8570309999999999 0.48906299999999997 0.85 0.480469 0.8445309999999999 0.465625 0.832031 0.449219 0.8132809999999999 0.44531200000000004 0.8117190000000001 0.439844 0.8117190000000001 0.43671899999999997 0.814063 0.43671899999999997 0.825 0.43828100000000003 0.832812 0.4375 0.846875
2 0.764062 0.375 0.775781 0.34296899999999997 0.775781 0.33906200000000003 0.778125 0.334375 0.777344 0.32890600000000003 0.775 0.328125 0.774219 0.33125 0.771094 0.334375 0.7625 0.355469 0.75 0.37578100000000003 0.719531 0.4125 0.717969 0.41875 0.719531 0.42109399999999997 0.721094 0.42109399999999997 0.75625 0.38593700000000003 0.764062 0.375
2 0.791406 0.107813 0.790625 0.103125 0.783594 0.10078100000000001 0.779687 0.096875 0.767969 0.094531 0.760156 0.094531 0.752344 0.092188 0.739844 0.095312 0.717187 0.09765599999999999 0.714063 0.099219 0.710938 0.103125 0.714063 0.104688 0.774219 0.10390600000000001 0.791406 0.107813
1 0.745313 0.170313 0.7625 0.167187 0.783594 0.15859399999999998 0.791406 0.167187 0.795312 0.16796899999999998 0.796875 0.164844 0.794531 0.161719 0.794531 0.154688 0.8 0.14453100000000002 0.8 0.140625 0.797656 0.135937 0.794531 0.133594 0.790625 0.133594 0.784375 0.13125 0.775 0.132031 0.748437 0.142187 0.711719 0.153125 0.704688 0.157812 0.702344 0.1625 0.707812 0.165625 0.721875 0.16953100000000002 0.745313 0.170313