1 0.192187 0.8523440000000001 0.172656 0.847656 0.160937 0.846875 0.149219 0.848438 0.13828100000000002 0.853125 0.139062 0.835938 0.13671899999999998 0.8265629999999999 0.132031 0.8179690000000001 0.115625 0.8054690000000001 0.10078100000000001 0.8 0.09531300000000001 0.8 0.09531300000000001 0.8039059999999999 0.10781199999999999 0.825 0.121875 0.8445309999999999 0.130469 0.853125 0.134375 0.8617190000000001 0.142188 0.8695309999999999 0.172656 0.8835940000000001 0.18984399999999998 0.885938 0.2125 0.8929690000000001 0.221875 0.8929690000000001 0.22343700000000002 0.8914059999999999 0.22343700000000002 0.8820309999999999 0.219531 0.8734379999999999 0.192187 0.8523440000000001
0 0 0.9625 0.013281000000000001 0.967187 0.017969 0.967187 0.021093999999999998 0.957031 0.021875 0.946875 0.016406 0.926562 0.017969 0.9242190000000001 0.023438 0.9226559999999999 0.024218999999999997 0.9195309999999999 0.016406 0.9125 0.017969 0.9078120000000001 0.015625 0.9039059999999999 0.015625 0.884375 0.010938 0.8664059999999999 0.0039059999999999997 0.855469 0 0.8539059999999999 0 0.9625
1 0.51875 0.733594 0.522656 0.721875 0.523438 0.703906 0.519531 0.686719 0.516406 0.680469 0.504688 0.669531 0.516406 0.654687 0.521875 0.639062 0.519531 0.595313 0.517969 0.592969 0.513281 0.603125 0.505469 0.654687 0.496094 0.669531 0.498437 0.677344 0.498437 0.685937 0.492969 0.720313 0.494531 0.740625 0.49218799999999996 0.753125 0.492969 0.757812 0.495313 0.757812 0.507031 0.749219 0.51875 0.733594
1 0.63125 0.8429690000000001 0.632812 0.8367190000000001 0.632812 0.821875 0.628125 0.809375 0.619531 0.8 0.611719 0.794531 0.6 0.791406 0.619531 0.76875 0.621094 0.763281 0.619531 0.761719 0.614844 0.7640629999999999 0.605469 0.777344 0.592187 0.786719 0.582031 0.7984370000000001 0.582813 0.801563 0.59375 0.799219 0.599219 0.804688 0.607812 0.835938 0.611719 0.8445309999999999 0.6125 0.8507809999999999 0.609375 0.8601559999999999 0.609375 0.8679690000000001 0.610938 0.870312 0.615625 0.86875 0.621094 0.8617190000000001 0.63125 0.8429690000000001
0 0.9476559999999999 0.8820309999999999 0.93125 0.8921870000000001 0.9117190000000001 0.9078120000000001 0.9039059999999999 0.9046879999999999 0.8960940000000001 0.9078120000000001 0.884375 0.915625 0.8804690000000001 0.9242190000000001 0.89375 0.929688 0.8992190000000001 0.934375 0.9125 0.9375 0.915625 0.9320309999999999 0.9148440000000001 0.9242190000000001 0.9164059999999999 0.921875 0.9507809999999999 0.9125 0.959375 0.9085940000000001 0.9632809999999999 0.8960940000000001 0.9632809999999999 0.885938 0.960938 0.882812 0.9554690000000001 0.8804690000000001 0.9476559999999999 0.8820309999999999
0 0.1 0.5875 0.09218699999999999 0.609375 0.090625 0.619531 0.091406 0.652344 0.089063 0.678906 0.09218699999999999 0.696875 0.08984400000000001 0.704688 0.091406 0.717187 0.094531 0.725 0.10234399999999999 0.735938 0.09531300000000001 0.746094 0.094531 0.757031 0.096094 0.763281 0.101562 0.772656 0.121875 0.788281 0.13125 0.791406 0.135156 0.780469 0.1375 0.759375 0.11953100000000001 0.735938 0.135156 0.710156 0.14375 0.689063 0.149219 0.661719 0.151563 0.626563 0.145312 0.589062 0.13828100000000002 0.570312 0.1375 0.564063 0.133594 0.557812 0.126563 0.555469 0.12265600000000002 0.55625 0.105469 0.577344 0.1 0.5875
0 0.740625 0.859375 0.720313 0.859375 0.715625 0.8578129999999999 0.689844 0.8609370000000001 0.683594 0.8453120000000001 0.672656 0.8382809999999999 0.665625 0.8367190000000001 0.6375 0.8382809999999999 0.632812 0.8414059999999999 0.635937 0.8460940000000001 0.647656 0.8539059999999999 0.676563 0.8664059999999999 0.680469 0.8695309999999999 0.679688 0.8742190000000001 0.66875 0.8882809999999999 0.673438 0.8960940000000001 0.682031 0.8929690000000001 0.683594 0.8882809999999999 0.697656 0.8835940000000001 0.710938 0.8835940000000001 0.728906 0.8890629999999999 0.736719 0.8890629999999999 0.742969 0.8664059999999999 0.742969 0.8609370000000001 0.740625 0.859375
1 0.46796899999999997 0.86875 0.451562 0.8695309999999999 0.45390600000000003 0.8585940000000001 0.45390600000000003 0.847656 0.45 0.835938 0.441406 0.8210940000000001 0.428125 0.8109379999999999 0.41875 0.80625 0.402344 0.800781 0.39843799999999996 0.800781 0.395312 0.803125 0.394531 0.807812 0.415625 0.846875 0.420312 0.8507809999999999 0.43125 0.8679690000000001 0.439063 0.875 0.44531200000000004 0.8765620000000001 0.450781 0.8851559999999999 0.461719 0.8890629999999999 0.486719 0.8890629999999999 0.49921899999999997 0.8851559999999999 0.498437 0.8804690000000001 0.477344 0.871094 0.46796899999999997 0.86875
0 1 0.225781 0.990625 0.23046899999999998 0.982812 0.23203100000000002 0.971875 0.24375 0.964063 0.24843700000000002 0.9625 0.252344 0.965625 0.258594 0.967187 0.271094 0.9695309999999999 0.275 0.975 0.272656 0.984375 0.260938 0.9898440000000001 0.260156 1 0.26484399999999997 1 0.225781
0 0.7375 0.046875 0.720313 0.06640599999999999 0.708594 0.0875 0.699219 0.11093800000000001 0.69375 0.13281199999999999 0.689063 0.13281199999999999 0.68125 0.14375 0.678906 0.155469 0.679688 0.16875 0.676563 0.182031 0.677344 0.189063 0.682031 0.184375 0.6875 0.172656 0.69375 0.167188 0.703125 0.154687 0.703125 0.146094 0.699219 0.1375 0.705469 0.128125 0.720313 0.121875 0.732031 0.1125 0.744531 0.105469 0.766406 0.085938 0.771875 0.078125 0.780469 0.045312000000000005 0.7796879999999999 0.035937000000000004 0.776562 0.03125 0.76875 0.030469000000000003 0.746875 0.039844000000000004 0.7375 0.046875
0 1 0.026562999999999996 0.99375 0.028905999999999998 0.9664059999999999 0.057031 0.959375 0.052344 0.9554690000000001 0.052344 0.95 0.05625 0.949219 0.060937 0.9523440000000001 0.071875 0.9585940000000001 0.082812 0.975 0.08203099999999999 0.9789059999999999 0.078906 1 0.070312 1 0.026562999999999996
0 0.65625 0.575781 0.65625 0.590625 0.658594 0.596094 0.657813 0.603125 0.633594 0.634375 0.632031 0.647656 0.635937 0.655469 0.642188 0.6625 0.652344 0.659375 0.661719 0.652344 0.667969 0.642188 0.671875 0.63125 0.673438 0.620312 0.671094 0.596094 0.685937 0.567188 0.683594 0.555469 0.677344 0.550781 0.665625 0.55 0.660156 0.554688 0.65625 0.575781
1 0.854687 0.689844 0.8460940000000001 0.69375 0.8429690000000001 0.672656 0.832813 0.659375 0.8265629999999999 0.657031 0.80625 0.658594 0.8054690000000001 0.6625 0.8265629999999999 0.694531 0.8382809999999999 0.707031 0.8421879999999999 0.707813 0.853125 0.697656 0.8726559999999999 0.694531 0.871875 0.692188 0.8648440000000001 0.689063 0.854687 0.689844