1 0.303125 0.700781 0.28203100000000003 0.700781 0.271094 0.704688 0.255469 0.716406 0.24765600000000002 0.728906 0.244531 0.741406 0.241406 0.74375 0.239844 0.747656 0.23906200000000002 0.74375 0.2375 0.74375 0.234375 0.740625 0.23281200000000002 0.736719 0.224219 0.729687 0.224219 0.728125 0.189063 0.704688 0.164844 0.692969 0.150781 0.688281 0.14453100000000002 0.6875 0.142188 0.689063 0.157031 0.7 0.16875 0.707031 0.176562 0.710156 0.189063 0.71875 0.19921899999999998 0.723438 0.224219 0.74375 0.226562 0.744531 0.22968799999999998 0.748437 0.233594 0.75 0.239844 0.757812 0.24843700000000002 0.75625 0.24843700000000002 0.7515620000000001 0.251563 0.747656 0.282813 0.740625 0.31328100000000003 0.736719 0.32734399999999997 0.733594 0.347656 0.725781 0.353906 0.721094 0.35156200000000004 0.716406 0.317187 0.703906 0.303125 0.700781
1 0 0.645313 0.011719 0.646875 0.021093999999999998 0.651562 0.030469000000000003 0.651562 0.035937000000000004 0.649219 0.048437999999999995 0.647656 0.053125 0.642969 0.053905999999999996 0.635156 0.05625 0.63125 0.053905999999999996 0.626563 0.053125 0.607031 0.048437999999999995 0.607812 0.044531 0.615625 0.044531 0.634375 0.042969 0.635937 0.03125 0.632812 0.015625 0.632031 0 0.636719 0 0.645313
2 0.1 0.967187 0.096875 0.967187 0.094531 0.965625 0.083594 0.9523440000000001 0.08125 0.9476559999999999 0.078906 0.9359379999999999 0.080469 0.903125 0.077344 0.903125 0.071875 0.910156 0.067187 0.9273440000000001 0.067187 0.9398440000000001 0.071094 0.9523440000000001 0.075781 0.960938 0.07968800000000001 0.964844 0.089063 0.9679690000000001 0.099219 0.9757809999999999 0.10390600000000001 0.9757809999999999 0.104688 0.973438 0.103125 0.970313 0.1 0.967187
2 0.86875 0.497656 0.863281 0.501563 0.8609370000000001 0.511719 0.8617190000000001 0.513281 0.8664059999999999 0.513281 0.8734379999999999 0.508594 0.8820309999999999 0.508594 0.9007809999999999 0.514844 0.9085940000000001 0.505469 0.9039059999999999 0.501563 0.8914059999999999 0.496094 0.86875 0.497656
2 0.128125 0.742188 0.12265600000000002 0.735938 0.120313 0.728906 0.11796899999999999 0.703906 0.115625 0.696094 0.1125 0.692188 0.110156 0.692188 0.10703100000000002 0.697656 0.105469 0.7125 0.10390600000000001 0.716406 0.105469 0.728125 0.104688 0.733594 0.10703100000000002 0.745312 0.115625 0.7671870000000001 0.11875 0.772656 0.12343699999999999 0.772656 0.134375 0.765625 0.134375 0.760156 0.128125 0.742188
2 0.407813 0.150781 0.404687 0.163281 0.404687 0.167188 0.40625 0.170312 0.409375 0.170312 0.4125 0.166406 0.417969 0.14843800000000001 0.416406 0.134375 0.4125 0.12734399999999998 0.410156 0.12890600000000002 0.408594 0.13281199999999999 0.407813 0.150781
2 0.665625 0.661719 0.645313 0.625781 0.622656 0.607031 0.589844 0.5875 0.579688 0.583594 0.580469 0.591406 0.594531 0.614063 0.627344 0.65 0.633594 0.652344 0.653125 0.673438 0.660156 0.678125 0.661719 0.680469 0.665625 0.679688 0.667187 0.677344 0.667187 0.667969 0.665625 0.661719
1 0.249219 0.8992190000000001 0.24765600000000002 0.8992190000000001 0.24531299999999998 0.903125 0.242969 0.9039059999999999 0.242969 0.90625 0.240625 0.90625 0.234375 0.898438 0.23125 0.896875 0.21406299999999998 0.894531 0.18984399999999998 0.896875 0.182813 0.9 0.182813 0.901563 0.185937 0.9046879999999999 0.189063 0.9046879999999999 0.196875 0.9085940000000001 0.2375 0.9148440000000001 0.242188 0.9125 0.24375 0.90625 0.251563 0.9046879999999999 0.259375 0.8976559999999999 0.264062 0.8960940000000001 0.267188 0.8882809999999999 0.263281 0.8875 0.259375 0.8898440000000001 0.249219 0.8992190000000001
1 0.903125 0.885938 0.9 0.8992190000000001 0.894531 0.9078120000000001 0.8960940000000001 0.9164059999999999 0.8976559999999999 0.9148440000000001 0.9046879999999999 0.9148440000000001 0.9078120000000001 0.9132809999999999 0.9164059999999999 0.9 0.917188 0.8921870000000001 0.915625 0.8734379999999999 0.9117190000000001 0.8726559999999999 0.909375 0.875 0.903125 0.885938
1 0.7 0.11875 0.721094 0.086719 0.729687 0.07656199999999999 0.729687 0.071875 0.727344 0.071875 0.700781 0.096094 0.689844 0.1125 0.684375 0.104688 0.678125 0.086719 0.670312 0.071875 0.658594 0.053125 0.636719 0.024218999999999997 0.628906 0.017188000000000002 0.625781 0.017188000000000002 0.626563 0.025 0.632031 0.0375 0.649219 0.070312 0.65625 0.086719 0.673438 0.11640600000000001 0.684375 0.142188 0.686719 0.14296899999999998 0.689844 0.141406 0.69375 0.141406 0.694531 0.134375 0.697656 0.12890600000000002 0.7 0.11875
2 0.739063 0.384375 0.729687 0.392969 0.725781 0.4 0.723438 0.407813 0.724219 0.41406200000000004 0.728906 0.41406200000000004 0.738281 0.40703100000000003 0.755469 0.402344 0.782031 0.389062 0.785156 0.38281200000000004 0.7875 0.38125 0.786719 0.376563 0.775781 0.373437 0.7671870000000001 0.373437 0.739063 0.384375
1 0.9536720000000001 0.48945299999999997 0.95 0.49921899999999997 0.9523440000000001 0.501563 0.9523440000000001 0.505469 0.9507809999999999 0.508594 0.948438 0.505469 0.94375 0.503906 0.9398440000000001 0.498437 0.9273440000000001 0.498437 0.9078120000000001 0.505469 0.901563 0.513281 0.902344 0.517969 0.9039059999999999 0.520313 0.95 0.517969 0.951562 0.516406 0.95625 0.517188 0.959375 0.515625 0.9632809999999999 0.497656 0.9650779999999999 0.49023399999999995 0.967187 0.482031 0.963203 0.469844 0.9552339999999999 0.480859 0.9536720000000001 0.48945299999999997
1 0.623437 0.446094 0.63125 0.441406 0.632812 0.43828100000000003 0.63125 0.43671899999999997 0.622656 0.43671899999999997 0.624219 0.426562 0.623437 0.410937 0.619531 0.389062 0.617969 0.385938 0.617188 0.376563 0.607812 0.346094 0.603125 0.34296899999999997 0.601562 0.349219 0.601562 0.435937 0.603906 0.44375 0.604687 0.45234399999999997 0.610156 0.45625 0.610938 0.459375 0.615625 0.460156 0.616406 0.457031 0.619531 0.454688 0.623437 0.446094
2 0.528125 0.629688 0.517188 0.609375 0.508594 0.599219 0.507812 0.596094 0.501563 0.592187 0.501563 0.600781 0.508594 0.619531 0.513281 0.625 0.516406 0.63125 0.527344 0.64375 0.528906 0.647656 0.533594 0.649219 0.534375 0.64375 0.530469 0.632031 0.528125 0.629688
1 0.557031 0.673438 0.555469 0.669531 0.552344 0.667969 0.547656 0.667969 0.545312 0.670312 0.540625 0.669531 0.538281 0.671875 0.535156 0.671875 0.523438 0.657031 0.507812 0.645313 0.498437 0.639844 0.49218799999999996 0.639844 0.490625 0.641406 0.494531 0.651562 0.500781 0.660938 0.507031 0.667969 0.511719 0.671094 0.528906 0.675781 0.535938 0.675 0.54375 0.683594 0.545312 0.689844 0.553125 0.692969 0.560937 0.69375 0.571875 0.698437 0.576562 0.697656 0.577344 0.692969 0.575 0.689063 0.557031 0.673438
1 0.586719 0.9585940000000001 0.584375 0.946875 0.580469 0.940625 0.578125 0.9320309999999999 0.578125 0.9039059999999999 0.575 0.9046879999999999 0.571094 0.917188 0.56875 0.91875 0.557031 0.901563 0.533594 0.871875 0.528906 0.871094 0.528906 0.875 0.535156 0.894531 0.549219 0.9242190000000001 0.561719 0.9398440000000001 0.574219 0.9523440000000001 0.5875 0.9757809999999999 0.591406 0.973438 0.591406 0.96875 0.586719 0.9585940000000001
1 0.717969 0.9460940000000001 0.711719 0.957031 0.704688 0.975 0.701562 0.975 0.696875 0.9679690000000001 0.692969 0.9664059999999999 0.677344 0.9664059999999999 0.665625 0.970313 0.660938 0.9742190000000001 0.660938 0.976562 0.663281 0.9789059999999999 0.689063 0.982812 0.694531 0.9820309999999999 0.703906 0.9875 0.707813 0.9867190000000001 0.71875 0.964844 0.732812 0.94375 0.739063 0.93125 0.741406 0.9226559999999999 0.739063 0.921875 0.732031 0.928125 0.717969 0.9460940000000001
2 0.708594 1 0.704688 0.989063 0.695312 0.98125 0.69375 0.978125 0.689844 0.9789059999999999 0.689063 0.984375 0.692969 1 0.708594 1
2 0.289844 0.882812 0.272656 0.8523440000000001 0.2625 0.84375 0.258594 0.84375 0.255469 0.8453120000000001 0.24765600000000002 0.8523440000000001 0.24765600000000002 0.8585940000000001 0.25078100000000003 0.865625 0.2625 0.878125 0.272656 0.8929690000000001 0.286719 0.909375 0.291406 0.910156 0.29609399999999997 0.915625 0.303125 0.91875 0.303125 0.910937 0.298438 0.903125 0.289844 0.882812
1 0.409375 0.617188 0.394531 0.603125 0.378906 0.596094 0.37578100000000003 0.596094 0.372656 0.600781 0.371094 0.600781 0.36015600000000003 0.594531 0.340625 0.574219 0.321094 0.544531 0.31875 0.542969 0.316406 0.54375 0.317969 0.552344 0.32890600000000003 0.573437 0.349219 0.596094 0.3625 0.60625 0.365625 0.611719 0.37421899999999997 0.615625 0.38281200000000004 0.617188 0.403125 0.624219 0.40703100000000003 0.624219 0.408594 0.621094 0.416406 0.623437 0.413281 0.621875 0.41406200000000004 0.61875 0.409375 0.617188