2 0.967187 0.269531 0.971875 0.282813 0.982812 0.29375 0.9867190000000001 0.291406 0.9867190000000001 0.28906200000000004 0.9835940000000001 0.285156 0.973437 0.259375 0.973437 0.25625 0.970313 0.25078100000000003 0.9664059999999999 0.255469 0.967187 0.269531
2 0.091406 0 0.090625 0.0023439999999999997 0.085938 0.003125 0.060156 0.017188000000000002 0.057813 0.019531 0.044531 0.025 0.042187999999999996 0.028905999999999998 0.044531 0.041406 0.046875 0.04375 0.053125 0.04375 0.067187 0.035937000000000004 0.075781 0.032812999999999995 0.109375 0.007031 0.114062 0.0023439999999999997 0.114062 0 0.091406 0
2 0.196875 0.186719 0.201563 0.1875 0.204687 0.18984399999999998 0.220312 0.196094 0.23203100000000002 0.197656 0.235156 0.19921899999999998 0.249219 0.2 0.252344 0.201563 0.25625 0.19375 0.25625 0.189062 0.253906 0.19140600000000002 0.25078100000000003 0.192188 0.239844 0.19140600000000002 0.235156 0.189062 0.228906 0.188281 0.215625 0.18125 0.204687 0.178125 0.196875 0.172656 0.184375 0.16796899999999998 0.178906 0.16796899999999998 0.177344 0.16953100000000002 0.192188 0.18125 0.196875 0.186719
2 0.17578100000000002 0.217969 0.196875 0.242969 0.203906 0.24765600000000002 0.21484399999999998 0.251563 0.22343799999999997 0.251563 0.226562 0.25 0.226562 0.24375 0.220312 0.241406 0.210938 0.234375 0.184375 0.208594 0.175 0.202344 0.16953100000000002 0.20078100000000002 0.16875 0.20546899999999998 0.17578100000000002 0.217969
2 0.400781 0.232813 0.39843799999999996 0.240625 0.384375 0.26875 0.382031 0.278125 0.383594 0.28203100000000003 0.388281 0.28046899999999997 0.402344 0.26484399999999997 0.411719 0.24765600000000002 0.413281 0.241406 0.4125 0.235156 0.407813 0.23046899999999998 0.403906 0.22968700000000003 0.400781 0.232813
1 0.146094 0.275 0.135937 0.278906 0.12265600000000002 0.28203100000000003 0.101562 0.291406 0.089063 0.302344 0.084375 0.310937 0.084375 0.31875 0.08125 0.321094 0.076563 0.31718799999999997 0.053125 0.316406 0.032812999999999995 0.31875 0.025 0.322656 0.032031 0.326562 0.038280999999999996 0.328125 0.06640599999999999 0.32734399999999997 0.078125 0.329688 0.079687 0.332031 0.0875 0.330469 0.095312 0.325781 0.107813 0.321875 0.12265600000000002 0.31328100000000003 0.166406 0.279687 0.172656 0.275781 0.173437 0.271094 0.164844 0.27031299999999997 0.146094 0.275
1 0.234375 0.447656 0.221875 0.450781 0.211719 0.451562 0.186719 0.458594 0.172656 0.466406 0.165625 0.474219 0.16664099999999998 0.484609 0.14250000000000002 0.486328 0.111016 0.501953 0.142891 0.500625 0.16109400000000001 0.5024219999999999 0.16906300000000002 0.493672 0.177344 0.49218799999999996 0.20078100000000002 0.48359399999999997 0.251563 0.45781299999999997 0.258594 0.451562 0.25781200000000004 0.44843700000000003 0.255469 0.446875 0.234375 0.447656
2 0.226562 0.7875 0.190625 0.829688 0.186719 0.8367190000000001 0.182812 0.848437 0.18359399999999998 0.853125 0.188281 0.8601559999999999 0.202344 0.8601559999999999 0.210156 0.854688 0.217188 0.8460940000000001 0.232813 0.809375 0.23906299999999997 0.784375 0.23828100000000002 0.778906 0.235156 0.778906 0.226562 0.7875
2 0.536719 0.692969 0.53125 0.697656 0.513281 0.70625 0.48125 0.730469 0.457031 0.744531 0.442969 0.755469 0.442969 0.760156 0.45234399999999997 0.758594 0.471094 0.751563 0.474219 0.749219 0.49218799999999996 0.742969 0.497656 0.739844 0.502344 0.739062 0.515625 0.732812 0.525781 0.725781 0.538281 0.7125 0.542969 0.701562 0.542188 0.695312 0.539062 0.692969 0.536719 0.692969
1 0.554688 0.776563 0.554688 0.779687 0.557813 0.7875 0.582031 0.81875 0.597656 0.834375 0.614062 0.845313 0.630469 0.853125 0.650781 0.857812 0.661719 0.8570309999999999 0.663281 0.8648440000000001 0.670312 0.8773440000000001 0.685156 0.8882809999999999 0.710156 0.9007809999999999 0.721875 0.904687 0.726562 0.907813 0.739844 0.910937 0.745313 0.9085940000000001 0.742188 0.902344 0.720313 0.884375 0.717187 0.8804690000000001 0.714063 0.8726559999999999 0.709375 0.86875 0.708594 0.8648440000000001 0.705469 0.8601559999999999 0.689063 0.855469 0.673438 0.847656 0.670312 0.84375 0.669531 0.8335940000000001 0.657031 0.821875 0.624219 0.799219 0.613281 0.7875 0.6 0.778125 0.571875 0.754687 0.551562 0.742969 0.544531 0.74375 0.546094 0.757031 0.554688 0.776563
2 0.642188 0.759375 0.696875 0.771875 0.708594 0.771875 0.722656 0.767969 0.75 0.767969 0.754687 0.764062 0.753125 0.755469 0.748437 0.753125 0.745313 0.754687 0.738281 0.753906 0.728906 0.75625 0.710938 0.75625 0.682031 0.754687 0.674219 0.751563 0.664844 0.75 0.661719 0.751563 0.639844 0.752344 0.6375 0.754687 0.6375 0.75625 0.642188 0.759375
2 0.8351559999999999 1 0.835938 0.9945309999999999 0.846875 0.973437 0.846875 0.96875 0.8445309999999999 0.9679690000000001 0.840625 0.9695309999999999 0.826562 0.980469 0.816406 0.9914059999999999 0.8132809999999999 1 0.8351559999999999 1
2 0.497656 0.46406200000000003 0.5 0.471875 0.503125 0.47656200000000004 0.50625 0.478906 0.514062 0.48125 0.524219 0.480469 0.528125 0.475781 0.528906 0.466406 0.524219 0.465625 0.521094 0.467187 0.517969 0.465625 0.511719 0.460156 0.505469 0.449219 0.503125 0.447656 0.49921899999999997 0.44843700000000003 0.497656 0.45 0.497656 0.46406200000000003
2 0.489844 0.396094 0.474219 0.404687 0.453125 0.411719 0.450781 0.41406200000000004 0.450781 0.417969 0.478906 0.41718700000000003 0.489844 0.40546899999999997 0.494531 0.403906 0.498437 0.400781 0.498437 0.396875 0.494531 0.39531299999999997 0.489844 0.396094
2 0.501563 0.378906 0.496094 0.378906 0.48359399999999997 0.382031 0.467187 0.389062 0.466406 0.392969 0.490625 0.392969 0.5 0.390625 0.50625 0.38593700000000003 0.507031 0.383594 0.504687 0.380469 0.501563 0.378906
2 0.517188 0.380469 0.525781 0.380469 0.534375 0.37421899999999997 0.539062 0.373437 0.538281 0.371875 0.535156 0.371094 0.519531 0.371094 0.501563 0.364844 0.494531 0.36015600000000003 0.489844 0.3625 0.488281 0.364844 0.500781 0.375 0.517188 0.380469
2 0.55625 0.396875 0.571875 0.404687 0.583594 0.407813 0.594531 0.4125 0.621094 0.41718700000000003 0.635938 0.41718700000000003 0.639062 0.416406 0.640625 0.4125 0.635156 0.407813 0.628906 0.40625 0.588281 0.388281 0.564844 0.372656 0.560156 0.371875 0.557813 0.378125 0.551562 0.386719 0.552344 0.392969 0.55625 0.396875
2 0.496875 0.10390600000000001 0.507031 0.125781 0.514062 0.146875 0.521875 0.1625 0.532813 0.17421899999999998 0.538281 0.182812 0.540625 0.184375 0.551562 0.18359399999999998 0.553125 0.182031 0.553125 0.172656 0.55 0.16015600000000002 0.542188 0.14375 0.530469 0.130469 0.525781 0.12265600000000002 0.525 0.11875 0.515625 0.110937 0.509375 0.101562 0.501563 0.092969 0.498437 0.091406 0.496094 0.092188 0.494531 0.096875 0.496875 0.10390600000000001
1 0.544531 0.146875 0.558594 0.150781 0.569531 0.150781 0.576562 0.14843800000000001 0.580469 0.14375 0.583594 0.14296899999999998 0.585156 0.14453100000000002 0.585156 0.150781 0.586719 0.153125 0.591406 0.15625 0.598437 0.15859399999999998 0.610156 0.15859399999999998 0.620313 0.154688 0.617969 0.151562 0.608594 0.151562 0.597656 0.149219 0.591406 0.14296899999999998 0.5875 0.141406 0.583594 0.13671899999999998 0.553125 0.126562 0.54375 0.121875 0.535937 0.121094 0.526563 0.11796899999999999 0.521094 0.11875 0.528906 0.130469 0.544531 0.146875
2 0.810937 0.117188 0.8210940000000001 0.117188 0.8617190000000001 0.11171899999999998 0.8648440000000001 0.109375 0.865625 0.10703100000000002 0.8375 0.09765599999999999 0.816406 0.096875 0.807813 0.099219 0.8023440000000001 0.103125 0.796875 0.10390600000000001 0.794531 0.10625 0.794531 0.110156 0.798438 0.11484399999999999 0.810937 0.117188
1 0.9086719999999999 0.028749999999999998 0.909375 0.04375 0.9117190000000001 0.048437999999999995 0.9132809999999999 0.061719 0.9148440000000001 0.064844 0.914062 0.069531 0.910156 0.076563 0.915625 0.094531 0.926562 0.107813 0.9289059999999999 0.1125 0.9429690000000001 0.128125 0.951562 0.134375 0.95625 0.14296899999999998 0.9625 0.150781 0.96875 0.154688 0.970313 0.16015600000000002 0.975 0.160938 0.979688 0.16406199999999999 0.98125 0.16875 0.982812 0.16953100000000002 0.9835940000000001 0.164844 0.982812 0.161719 0.979688 0.15859399999999998 0.979688 0.149219 0.9773440000000001 0.141406 0.9710940000000001 0.126562 0.9601559999999999 0.110937 0.957812 0.103125 0.9507809999999999 0.088281 0.9398440000000001 0.075781 0.9320309999999999 0.071875 0.925 0.071094 0.9210940000000001 0.067187 0.9226559999999999 0.052344 0.9210940000000001 0.05 0.920312 0.036719 0.9164059999999999 0.026562000000000002 0.913359 0.010546999999999999 0.9060940000000001 0.001016 0.906563 0.011172 0.907813 0.021875 0.9086719999999999 0.028749999999999998
2 0.9625 0.078906 0.9679690000000001 0.079687 0.9710940000000001 0.076563 0.9708589999999999 0.063281 0.970313 0.052344 0.9689840000000001 0.047031 0.9679690000000001 0.040625 0.9625 0.039062 0.9601559999999999 0.044531 0.9625 0.078906
2 0.89375 0.078906 0.884375 0.080469 0.86875 0.10078100000000001 0.8664059999999999 0.107813 0.86875 0.110156 0.871875 0.110156 0.875 0.10703100000000002 0.894531 0.09765599999999999 0.903125 0.088281 0.904687 0.08203099999999999 0.901563 0.079687 0.89375 0.078906
2 0.9429690000000001 0.29218700000000003 0.948438 0.295312 0.953125 0.295312 0.9554690000000001 0.290625 0.9554690000000001 0.279687 0.9539059999999999 0.275 0.9476559999999999 0.26875 0.9429690000000001 0.269531 0.941406 0.274219 0.9429690000000001 0.29218700000000003
2 0.9 0.2625 0.896875 0.2625 0.882812 0.272656 0.853125 0.286719 0.8460940000000001 0.292969 0.840625 0.291406 0.8335940000000001 0.294531 0.826562 0.30625 0.8289059999999999 0.314063 0.829688 0.325 0.83125 0.326562 0.835938 0.326562 0.84375 0.322656 0.851562 0.322656 0.860938 0.319531 0.8726559999999999 0.310937 0.8742190000000001 0.30781200000000003 0.8851559999999999 0.296875 0.89375 0.28593799999999997 0.9195309999999999 0.26093700000000003 0.9195309999999999 0.257031 0.9125 0.257031 0.9 0.2625
1 0.8664059999999999 0.539844 0.8773440000000001 0.5375 0.896875 0.527344 0.904687 0.520312 0.907813 0.520312 0.910937 0.525781 0.91875 0.529687 0.928125 0.532031 0.9375 0.532031 0.9601559999999999 0.528125 0.964844 0.525781 0.975 0.523438 0.980469 0.519531 0.98125 0.516406 0.976562 0.513281 0.9679690000000001 0.511719 0.929688 0.510156 0.923438 0.508594 0.9085940000000001 0.507812 0.90625 0.508594 0.901563 0.514844 0.896875 0.515625 0.8875 0.521875 0.873437 0.528906 0.864062 0.53125 0.859375 0.533594 0.855469 0.5375 0.857812 0.539844 0.8664059999999999 0.539844
2 1 0.440625 0.9976559999999999 0.439844 0.996875 0.432031 0.9914059999999999 0.424219 0.9867190000000001 0.420312 0.9835940000000001 0.423438 0.9835940000000001 0.428906 0.9875 0.439844 0.9875 0.447656 0.9820309999999999 0.46406200000000003 0.9679690000000001 0.490625 0.967187 0.494531 0.96875 0.496875 0.971875 0.496875 0.978125 0.492969 0.9851559999999999 0.485938 0.988281 0.480469 0.9929690000000001 0.47656200000000004 0.996875 0.471094 0.9976559999999999 0.46796899999999997 1 0.467187 1 0.440625
2 0.753906 0.492969 0.748437 0.492969 0.740625 0.49531200000000003 0.738281 0.49921899999999997 0.741406 0.505469 0.746875 0.509375 0.752344 0.509375 0.764062 0.501563 0.771094 0.494531 0.771094 0.491406 0.7625 0.490625 0.753906 0.492969
1 0.834375 0.651563 0.8277340000000001 0.6537499999999999 0.825156 0.658125 0.8289059999999999 0.665625 0.824219 0.669531 0.820312 0.670312 0.8070309999999999 0.68125 0.797656 0.694531 0.796875 0.701562 0.794531 0.704688 0.796094 0.707031 0.799219 0.707812 0.8125 0.698438 0.823438 0.689063 0.8351559999999999 0.675781 0.839063 0.674219 0.8429690000000001 0.670312 0.8414059999999999 0.666406 0.8414059999999999 0.661719 0.837813 0.654687 0.845 0.651719 0.838125 0.650469 0.834375 0.651563