0 0.696875 0.600781 0.699219 0.60625 0.705469 0.614844 0.690625 0.622656 0.685156 0.628125 0.683594 0.632812 0.689063 0.636719 0.689063 0.659375 0.702344 0.688281 0.723438 0.709375 0.730469 0.713281 0.733594 0.713281 0.735156 0.711719 0.735156 0.703906 0.732812 0.696875 0.715625 0.6625 0.715625 0.650781 0.725781 0.633594 0.726562 0.628906 0.725 0.60625 0.720313 0.603125 0.728125 0.575 0.728125 0.567969 0.724219 0.567969 0.711719 0.578906 0.697656 0.596875 0.696875 0.600781
0 0.176562 0.251563 0.19921899999999998 0.2875 0.22265600000000002 0.316406 0.228125 0.321094 0.239844 0.325781 0.252344 0.345313 0.261719 0.35625 0.295312 0.389062 0.296875 0.384375 0.288281 0.352344 0.26640600000000003 0.3125 0.259375 0.305469 0.253906 0.303125 0.252344 0.299219 0.24765600000000002 0.295312 0.24531299999999998 0.278125 0.240625 0.26640600000000003 0.228906 0.252344 0.225781 0.253125 0.22265600000000002 0.257031 0.21718700000000002 0.25625 0.20156200000000002 0.23906299999999997 0.19531199999999999 0.224219 0.185937 0.217969 0.17421899999999998 0.204687 0.170312 0.20546899999999998 0.16875 0.217969 0.172656 0.242188 0.176562 0.251563
1 0.978125 0.8175779999999999 0.9757809999999999 0.808203 0.953125 0.808203 0.9527340000000001 0.81875 0.960547 0.8210940000000001 0.9699220000000001 0.845313 0.990625 0.872266 0.998047 0.871875 0.998047 0.8304690000000001 0.992188 0.830078 0.978125 0.8175779999999999
2 0.497656 0.395703 0.45898399999999995 0.396094 0.459375 0.40507799999999994 0.464844 0.40507799999999994 0.478906 0.412891 0.495313 0.42695299999999997 0.5105470000000001 0.42656299999999997 0.5105470000000001 0.40703100000000003 0.5 0.40507799999999994 0.497656 0.395703
1 0.878125 0.792578 0.8851559999999999 0.792578 0.8855470000000001 0.786719 0.870312 0.7847660000000001 0.859375 0.791016 0.8496090000000001 0.775781 0.841797 0.770312 0.8414059999999999 0.7644529999999999 0.815625 0.7644529999999999 0.8183590000000001 0.778125 0.8433590000000001 0.8023440000000001 0.84375 0.809766 0.8601559999999999 0.809766 0.864063 0.800391 0.871094 0.798828 0.878125 0.792578
0 0.607812 0.862891 0.622656 0.856641 0.640625 0.8425779999999999 0.647656 0.8425779999999999 0.648047 0.8335940000000001 0.5875 0.8332029999999999 0.587109 0.840625 0.571875 0.8488279999999999 0.562109 0.863281 0.560156 0.883203 0.546094 0.8753909999999999 0.516406 0.867578 0.47148399999999996 0.8695309999999999 0.471875 0.8738279999999999 0.480469 0.8738279999999999 0.490625 0.8800779999999999 0.542969 0.8894529999999999 0.546484 0.8914059999999999 0.546875 0.8972659999999999 0.572656 0.8972659999999999 0.5730470000000001 0.8898440000000001 0.578125 0.883203 0.607812 0.862891
1 0.8136720000000001 0.03125 0.8101559999999999 0.036328 0.779297 0.044531 0.779297 0.05 0.7828120000000001 0.053515999999999994 0.8179690000000001 0.051953000000000006 0.81875 0.059766 0.8292970000000001 0.059375 0.8289059999999999 0.020703 0.8140620000000001 0.020703 0.8136720000000001 0.03125
1 0.8929690000000001 0.345703 0.8652340000000001 0.346094 0.865625 0.355078 0.8726559999999999 0.355078 0.884375 0.367578 0.901563 0.376953 0.910547 0.376563 0.910156 0.355078 0.895312 0.353516 0.8929690000000001 0.345703
1 0.629297 0.660156 0.623437 0.6597660000000001 0.6199220000000001 0.654687 0.616406 0.626953 0.602734 0.627344 0.601172 0.657813 0.607422 0.678125 0.578906 0.695703 0.571875 0.695703 0.571875 0.703516 0.605469 0.703516 0.60625 0.697266 0.629297 0.690625 0.629297 0.660156
1 0.592187 0.6144529999999999 0.598047 0.614062 0.597656 0.595703 0.573437 0.595703 0.5730470000000001 0.603125 0.566406 0.616016 0.557812 0.6144529999999999 0.537109 0.619531 0.539062 0.6238279999999999 0.561719 0.6285160000000001 0.5625 0.634766 0.580859 0.634375 0.580859 0.627344 0.587109 0.619531 0.592187 0.6144529999999999
1 0.754688 0.351953 0.7449220000000001 0.3375 0.741797 0.321094 0.729687 0.320703 0.7308589999999999 0.345313 0.7355470000000001 0.35468700000000003 0.757422 0.372656 0.757422 0.38281200000000004 0.7605470000000001 0.389062 0.769922 0.396094 0.770313 0.40351600000000004 0.779297 0.403125 0.779297 0.361719 0.771875 0.361328 0.754688 0.351953
1 0.207422 0.552344 0.204297 0.564844 0.204297 0.579688 0.207422 0.584375 0.18398399999999998 0.596094 0.189063 0.603516 0.2 0.600391 0.223047 0.6 0.22265600000000002 0.5519529999999999 0.207422 0.552344
1 0.691797 0.184375 0.691406 0.158203 0.673438 0.158203 0.6683589999999999 0.170313 0.654297 0.18359399999999998 0.652344 0.19570300000000002 0.642969 0.192578 0.6355470000000001 0.194531 0.638672 0.203125 0.65 0.212891 0.664844 0.21132800000000002 0.674609 0.201563 0.6824220000000001 0.186719 0.691797 0.184375
1 1 0.9441409999999999 0.9679690000000001 0.941016 0.953125 0.9425779999999999 0.939063 0.9472659999999999 0.928125 0.955078 0.9132809999999999 0.9425779999999999 0.90625 0.941016 0.9039059999999999 0.933203 0.862109 0.933594 0.862109 0.942187 0.8765620000000001 0.9519529999999999 0.898438 0.961328 0.9210940000000001 0.964453 0.933984 0.972656 0.934375 0.9785159999999999 0.9617190000000001 0.9785159999999999 0.964063 0.970703 1 0.964453 1 0.9441409999999999
1 0.382422 0.526563 0.40117200000000003 0.500781 0.41054700000000005 0.498437 0.410156 0.48320299999999994 0.368359 0.48359399999999997 0.368359 0.490625 0.363672 0.494531 0.363672 0.498437 0.383984 0.503125 0.366797 0.517969 0.360547 0.528125 0.339844 0.548828 0.333984 0.549219 0.334375 0.5660160000000001 0.34296899999999997 0.5660160000000001 0.343359 0.560156 0.35859399999999997 0.5503910000000001 0.382422 0.526563
1 0.9308590000000001 0.085938 0.940234 0.061719 0.9480470000000001 0.059375 0.9476559999999999 0.039453 0.9308590000000001 0.039844000000000004 0.9308590000000001 0.046875 0.913672 0.067969 0.9039059999999999 0.087891 0.8839840000000001 0.088281 0.884375 0.09570300000000001 0.8914059999999999 0.09570300000000001 0.9054690000000001 0.101953 0.9078120000000001 0.109766 0.9121090000000001 0.109375 0.9121090000000001 0.10390600000000001 0.917969 0.101953 0.9308590000000001 0.085938
1 0.9121090000000001 0.660937 0.9152340000000001 0.653125 0.913672 0.639844 0.915625 0.636328 0.9230470000000001 0.635938 0.9226559999999999 0.626953 0.896875 0.626953 0.8960940000000001 0.641016 0.879687 0.6441410000000001 0.8652340000000001 0.657031 0.855859 0.667969 0.8542970000000001 0.676562 0.846484 0.678906 0.846875 0.703516 0.8679690000000001 0.703516 0.870312 0.695703 0.8757809999999999 0.694141 0.9121090000000001 0.660937
1 0.676172 0.332031 0.685937 0.323828 0.691797 0.32343700000000003 0.691406 0.301953 0.679688 0.301953 0.679297 0.309375 0.665234 0.321094 0.654297 0.349219 0.649609 0.378125 0.642969 0.381641 0.620312 0.381641 0.596875 0.386328 0.596875 0.397266 0.665234 0.396875 0.669922 0.37968799999999997 0.6683589999999999 0.349219 0.676172 0.332031
0 0.424219 0.110937 0.44375 0.157812 0.433594 0.16015600000000002 0.430469 0.1625 0.428906 0.170313 0.43125 0.184375 0.441406 0.203125 0.458594 0.21875 0.464844 0.220312 0.467187 0.217188 0.466406 0.20546899999999998 0.460156 0.18125 0.459375 0.159375 0.45 0.155469 0.439844 0.11796899999999999 0.419531 0.06640599999999999 0.416406 0.061719 0.411719 0.059375 0.41406200000000004 0.078125 0.42109399999999997 0.096875 0.424219 0.110937
2 0.260156 0.44570299999999996 0.242188 0.44570299999999996 0.23828100000000002 0.455078 0.233594 0.459766 0.22773400000000002 0.460156 0.228125 0.47851600000000005 0.241406 0.47851600000000005 0.253125 0.46289100000000005 0.260547 0.4625 0.260156 0.44570299999999996
0 0.272656 0.716406 0.286719 0.721094 0.321875 0.728906 0.33593799999999996 0.729688 0.350781 0.727344 0.357031 0.721094 0.353125 0.713281 0.35625 0.710938 0.35625 0.708594 0.350781 0.700781 0.34453100000000003 0.698438 0.342187 0.701562 0.34453100000000003 0.70625 0.342187 0.707812 0.333594 0.702344 0.332031 0.691406 0.329688 0.689063 0.314844 0.683594 0.251563 0.671094 0.242969 0.671094 0.228125 0.674219 0.213281 0.68125 0.21406299999999998 0.685937 0.25781200000000004 0.707031 0.272656 0.716406
0 0.704688 1 0.703125 0.9867190000000001 0.695312 0.95625 0.689844 0.951562 0.685156 0.9523440000000001 0.68125 0.959375 0.678906 0.96875 0.675781 1 0.704688 1
0 0.554688 0.453125 0.564063 0.461719 0.570312 0.471094 0.563281 0.480469 0.561719 0.48906299999999997 0.566406 0.505469 0.572656 0.517969 0.583594 0.530469 0.600781 0.541406 0.602344 0.539844 0.602344 0.532813 0.592969 0.504687 0.588281 0.48359399999999997 0.58125 0.47343799999999997 0.574219 0.470313 0.570312 0.454688 0.5625 0.442969 0.550781 0.430469 0.546875 0.42968799999999996 0.54375 0.43125 0.542187 0.435937 0.550781 0.446094 0.554688 0.453125
0 0.507812 0.42265600000000003 0.501563 0.43125 0.49921899999999997 0.43828100000000003 0.5 0.457031 0.497656 0.46093799999999996 0.490625 0.45625 0.48125 0.453125 0.473437 0.454688 0.465625 0.463281 0.46953100000000003 0.46796899999999997 0.480469 0.471875 0.489062 0.471094 0.498437 0.467187 0.510156 0.459375 0.530469 0.440625 0.560937 0.420312 0.565625 0.4125 0.564844 0.408594 0.539844 0.409375 0.520313 0.414844 0.507812 0.42265600000000003
0 0.17578100000000002 1 0.176562 0.9976559999999999 0.190625 0.990625 0.198438 0.9835940000000001 0.21718700000000002 0.975 0.24609399999999998 0.951562 0.263281 0.940625 0.267969 0.935937 0.26875 0.93125 0.264062 0.9289059999999999 0.21718700000000002 0.932813 0.19375 0.9382809999999999 0.17578100000000002 0.9460940000000001 0.160937 0.9601559999999999 0.154687 0.9742190000000001 0.154687 0.9835940000000001 0.15859399999999998 1 0.17578100000000002 1
0 0.901563 0.163281 0.884375 0.17578100000000002 0.8820309999999999 0.182031 0.8992190000000001 0.180469 0.9164059999999999 0.175 0.9304690000000001 0.176563 0.9382809999999999 0.171875 0.9398440000000001 0.165625 0.93125 0.16015600000000002 0.91875 0.157812 0.901563 0.163281
0 0.680469 0.225781 0.669531 0.22968700000000003 0.655469 0.23906299999999997 0.64375 0.24375 0.61875 0.2625 0.610938 0.278906 0.607031 0.292969 0.6 0.292969 0.5875 0.28906200000000004 0.573437 0.28906200000000004 0.561719 0.290625 0.551563 0.294531 0.529687 0.29218700000000003 0.516406 0.292969 0.494531 0.298438 0.478125 0.310156 0.465625 0.31328100000000003 0.45234399999999997 0.321875 0.439063 0.335156 0.435937 0.341406 0.435156 0.35 0.43828100000000003 0.35156200000000004 0.48125 0.349219 0.522656 0.342187 0.535938 0.338281 0.55 0.330469 0.558594 0.321094 0.591406 0.308594 0.607812 0.3 0.620312 0.3 0.64375 0.28593799999999997 0.660156 0.28046899999999997 0.673438 0.271875 0.682812 0.2625 0.692969 0.25781200000000004 0.713281 0.242969 0.725 0.23671899999999998 0.733594 0.228125 0.722656 0.225781 0.692188 0.224219 0.680469 0.225781
0 0.160937 0.385156 0.15625 0.410156 0.16015600000000002 0.421875 0.165625 0.42656299999999997 0.171875 0.425781 0.182813 0.403125 0.189063 0.382031 0.189063 0.366406 0.185937 0.360938 0.172656 0.36875 0.165625 0.37578100000000003 0.160937 0.385156
0 0.35859399999999997 0.371094 0.382031 0.372656 0.383594 0.377344 0.390625 0.377344 0.41875 0.36875 0.440625 0.369531 0.446875 0.365625 0.44375 0.3625 0.427344 0.35625 0.42265600000000003 0.349219 0.403906 0.33906200000000003 0.38125 0.335156 0.36015600000000003 0.335156 0.355469 0.336719 0.352344 0.341406 0.357031 0.35859399999999997 0.354688 0.369531 0.35859399999999997 0.371094
0 0.334375 0.664844 0.32890600000000003 0.669531 0.326562 0.675781 0.333594 0.694531 0.338281 0.696094 0.384375 0.66875 0.389062 0.663281 0.390625 0.658594 0.38984399999999997 0.653906 0.363281 0.655469 0.34453100000000003 0.660156 0.334375 0.664844