2 0.964063 0.253125 0.963281 0.25625 0.967187 0.258594 0.972656 0.266406 0.996094 0.280469 1 0.28125 1 0.267969 0.998437 0.267969 0.989062 0.257812 0.980469 0.253125 0.965625 0.251563
2 0.885156 0.642188 0.871094 0.653125 0.857812 0.660937 0.853125 0.665625 0.8507809999999999 0.669531 0.8507809999999999 0.675 0.853906 0.679688 0.857812 0.68125 0.864844 0.68125 0.871875 0.678125 0.878125 0.672656 0.886719 0.647656 0.886719 0.644531
2 0.5875 0.309375 0.58125 0.305469 0.571875 0.304688 0.558594 0.311719 0.546094 0.323437 0.545312 0.325781 0.538281 0.333594 0.532813 0.344531 0.532031 0.35 0.535156 0.350781 0.539844 0.349219 0.549219 0.342969 0.550781 0.340625 0.558594 0.336719 0.56875 0.326562 0.586719 0.314844
2 0.496875 0.144531 0.49531200000000003 0.145313 0.491406 0.152344 0.490625 0.163281 0.49375 0.16875 0.49921899999999997 0.171094 0.502344 0.171094 0.503906 0.167187 0.502344 0.150781 0.500781 0.146094
2 0.561719 0.010156 0.561719 0.01875 0.565625 0.032031 0.574219 0.049219 0.582031 0.060156 0.589063 0.067187 0.594531 0.070312 0.6 0.071875 0.610938 0.071094 0.6125 0.06875 0.6125 0.065625 0.603906 0.05 0.597656 0.046094 0.590625 0.039062 0.580469 0.025781 0.564844 0.009375
1 0.071875 0.121875 0.070312 0.151562 0.072656 0.171094 0.075 0.178906 0.082812 0.194531 0.089844 0.203906 0.099219 0.211719 0.107813 0.21640600000000002 0.1125 0.217188 0.10703100000000002 0.221875 0.103125 0.22109399999999998 0.101562 0.22343799999999997 0.099219 0.224219 0.096094 0.23125 0.093203 0.236797 0.090625 0.24531200000000003 0.090391 0.26375 0.096953 0.249219 0.098437 0.242969 0.104688 0.235156 0.113281 0.232813 0.11640599999999998 0.228906 0.11796900000000002 0.22109399999999998 0.12265600000000002 0.215625 0.12265600000000002 0.210156 0.11953100000000001 0.2 0.11171899999999998 0.182812 0.089844 0.139844 0.083594 0.130469 0.075781 0.12265600000000002
2 0.192969 0.302344 0.194531 0.307031 0.197656 0.310156 0.224219 0.329688 0.233594 0.333594 0.24609399999999998 0.335938 0.254688 0.334375 0.253125 0.330469 0.248438 0.325781 0.224219 0.314844 0.21406200000000003 0.307812 0.2 0.301563
2 0.171094 0.586719 0.165625 0.585938 0.161719 0.592187 0.157812 0.591406 0.157812 0.596094 0.152344 0.596875 0.135156 0.610156 0.128125 0.6125 0.125781 0.615625 0.121875 0.617188 0.11132800000000001 0.626094 0.10187499999999998 0.636094 0.117891 0.629687 0.13125 0.621875 0.137031 0.618906 0.141875 0.615781 0.149219 0.6125 0.155469 0.607031 0.1625 0.603906 0.163281 0.601562 0.170313 0.594531
1 0.225156 0.67375 0.235156 0.678906 0.239844 0.68125 0.24765600000000002 0.682031 0.261719 0.685937 0.279219 0.686562 0.269609 0.698906 0.286719 0.690625 0.292969 0.685937 0.298281 0.683906 0.29625 0.676719 0.291406 0.675547 0.279687 0.677344 0.271875 0.674219 0.261719 0.672656
2 0.046875 0.9125 0.040625 0.9125 0.033594 0.917188 0.030469000000000003 0.923438 0.028905999999999998 0.932031 0.028905999999999998 0.9507809999999999 0.032813 0.964844 0.035937 0.996094 0.039844 0.995313 0.042188 0.9914059999999999 0.046875 0.973437 0.047656 0.9351559999999999 0.049219 0.9210939999999999 0.048438 0.914062
2 0.455469 0.763281 0.446094 0.764062 0.44218799999999997 0.767188 0.439844 0.780469 0.43828100000000003 0.782031 0.439063 0.81875 0.442969 0.821875 0.444531 0.8195309999999999 0.44531200000000004 0.802344 0.447656 0.794531 0.447656 0.7875 0.450781 0.771875 0.45234399999999997 0.769531 0.45234399999999997 0.764844
2 0.50625 0.6875 0.49921899999999997 0.6875 0.49375 0.689063 0.484375 0.696094 0.466406 0.724219 0.464844 0.730469 0.461719 0.735938 0.46093799999999996 0.740625 0.4625 0.742188 0.46875 0.739844 0.484375 0.721875 0.502344 0.704688 0.507812 0.689844
2 0.53125 0.829688 0.53125 0.834375 0.532813 0.835938 0.54375 0.837969 0.553516 0.8439060000000002 0.5625 0.8445310000000001 0.5625 0.839844 0.558594 0.835938 0.549219 0.834375 0.545312 0.83125 0.539844 0.8304690000000001 0.5375 0.8289060000000001
2 0.414844 0.970313 0.409375 0.9695310000000001 0.400781 0.9710940000000001 0.392969 0.975 0.378125 0.978125 0.373437 0.982812 0.380469 0.9851560000000001 0.390625 0.9835939999999999 0.400781 0.984375 0.402344 0.9820309999999999 0.408594 0.978906 0.411719 0.978906 0.414844 0.9757809999999999
2 0.821875 0.567969 0.820312 0.566406 0.801562 0.565625 0.794531 0.567969 0.773438 0.584375 0.759375 0.598437 0.755469 0.603906 0.754687 0.607812 0.760938 0.608594 0.799219 0.59375 0.803125 0.589844 0.8125 0.584375 0.8148440000000001 0.577344 0.821875 0.572656
2 0.9507809999999999 0.563281 0.9507809999999999 0.569531 0.982812 0.56875 0.989844 0.569531 0.9976559999999999 0.574219 1 0.574219 1 0.565625 0.994531 0.5625 0.989844 0.557813 0.9867190000000001 0.552344 0.9820309999999999 0.550781 0.973437 0.550781 0.9679689999999999 0.552344 0.9601559999999999 0.55625
2 0.6625 0.5625 0.657813 0.5625 0.65625 0.565625 0.646094 0.56875 0.6375 0.575 0.624219 0.580469 0.617188 0.588281 0.611719 0.591406 0.609375 0.596094 0.614844 0.600781 0.617969 0.609375 0.628906 0.608594 0.65 0.589063 0.655469 0.577344 0.6625 0.570312 0.6625 0.567187 0.664062 0.564844
1 0.90625 0.392188 0.900781 0.392188 0.896094 0.395313 0.892188 0.395313 0.8882809999999999 0.397656 0.8773440000000001 0.391406 0.871094 0.390625 0.845313 0.4 0.817969 0.40625 0.815625 0.407813 0.815625 0.409375 0.817969 0.411719 0.83125 0.414844 0.857812 0.415625 0.870313 0.41093799999999997 0.875 0.40625 0.8773440000000001 0.40156200000000003 0.884375 0.404687 0.89375 0.404687 0.90625 0.396875