1 0.700781 0.696875 0.700781 0.717969 0.704688 0.728906 0.716406 0.744531 0.728906 0.752344 0.741406 0.755469 0.74375 0.758594 0.747656 0.760156 0.74375 0.760938 0.74375 0.7625 0.740625 0.765625 0.736719 0.767188 0.729687 0.775781 0.728125 0.775781 0.704688 0.810937 0.692969 0.8351559999999999 0.688281 0.8492190000000001 0.6875 0.855469 0.689063 0.857812 0.7 0.8429690000000001 0.707031 0.83125 0.710156 0.823438 0.71875 0.810937 0.723438 0.800781 0.74375 0.775781 0.744531 0.773438 0.748437 0.770312 0.75 0.766406 0.757812 0.760156 0.75625 0.751563 0.7515620000000001 0.751563 0.747656 0.748437 0.740625 0.717187 0.736719 0.686719 0.733594 0.672656 0.725781 0.652344 0.721094 0.646094 0.716406 0.648438 0.703906 0.682813 0.700781 0.696875
1 0.645313 1 0.646875 0.988281 0.651562 0.9789059999999999 0.651562 0.9695309999999999 0.649219 0.964063 0.647656 0.951562 0.642969 0.946875 0.635156 0.9460940000000001 0.63125 0.94375 0.626563 0.9460940000000001 0.607031 0.946875 0.607812 0.951562 0.615625 0.9554690000000001 0.634375 0.9554690000000001 0.635937 0.957031 0.632812 0.96875 0.632031 0.984375 0.636719 1 0.645313 1
2 0.967187 0.9 0.967187 0.903125 0.965625 0.9054690000000001 0.9523440000000001 0.9164059999999999 0.9476559999999999 0.91875 0.9359379999999999 0.9210940000000001 0.903125 0.9195309999999999 0.903125 0.9226559999999999 0.910156 0.928125 0.9273440000000001 0.932813 0.9398440000000001 0.932813 0.9523440000000001 0.9289059999999999 0.960938 0.9242190000000001 0.964844 0.920312 0.9679690000000001 0.910937 0.9757809999999999 0.9007809999999999 0.9757809999999999 0.8960940000000001 0.973438 0.895312 0.970313 0.896875 0.967187 0.9
2 0.497656 0.13125 0.501563 0.13671899999999998 0.511719 0.139063 0.513281 0.13828100000000002 0.513281 0.133594 0.508594 0.126562 0.508594 0.11796899999999999 0.514844 0.099219 0.505469 0.091406 0.501563 0.096094 0.496094 0.108594 0.497656 0.13125
2 0.742188 0.871875 0.735938 0.8773440000000001 0.728906 0.879687 0.703906 0.8820309999999999 0.696094 0.884375 0.692188 0.8875 0.692188 0.8898440000000001 0.697656 0.8929690000000001 0.7125 0.894531 0.716406 0.8960940000000001 0.728125 0.894531 0.733594 0.895312 0.745312 0.8929690000000001 0.7671870000000001 0.884375 0.772656 0.88125 0.772656 0.876563 0.765625 0.865625 0.760156 0.865625 0.742188 0.871875
2 0.150781 0.592187 0.163281 0.595313 0.167188 0.595313 0.170312 0.59375 0.170312 0.590625 0.166406 0.5875 0.14843800000000001 0.582031 0.134375 0.583594 0.12734399999999998 0.5875 0.12890600000000002 0.589844 0.13281199999999999 0.591406 0.150781 0.592187
2 0.661719 0.334375 0.625781 0.35468700000000003 0.607031 0.377344 0.5875 0.410156 0.583594 0.420312 0.591406 0.419531 0.614063 0.40546899999999997 0.65 0.372656 0.652344 0.366406 0.673438 0.346875 0.678125 0.339844 0.680469 0.338281 0.679688 0.334375 0.677344 0.33281299999999997 0.667969 0.33281299999999997 0.661719 0.334375
1 0.8992190000000001 0.750781 0.8992190000000001 0.752344 0.903125 0.754687 0.9039059999999999 0.757031 0.90625 0.757031 0.90625 0.759375 0.898438 0.765625 0.896875 0.76875 0.894531 0.785937 0.896875 0.8101559999999999 0.9 0.817187 0.901563 0.817187 0.9046879999999999 0.814063 0.9046879999999999 0.810937 0.9085940000000001 0.803125 0.9148440000000001 0.7625 0.9125 0.757812 0.90625 0.75625 0.9046879999999999 0.748437 0.8976559999999999 0.740625 0.8960940000000001 0.735938 0.8882809999999999 0.732812 0.8875 0.736719 0.8898440000000001 0.740625 0.8992190000000001 0.750781
1 0.885938 0.096875 0.8992190000000001 0.1 0.9078120000000001 0.105469 0.9164059999999999 0.10390600000000001 0.9148440000000001 0.10234399999999999 0.9148440000000001 0.095312 0.9132809999999999 0.092188 0.9 0.083594 0.8921870000000001 0.082812 0.8734379999999999 0.084375 0.8726559999999999 0.088281 0.875 0.090625 0.885938 0.096875
1 0.11875 0.3 0.086719 0.278906 0.07656199999999999 0.27031299999999997 0.071875 0.27031299999999997 0.071875 0.272656 0.096094 0.299219 0.1125 0.310156 0.104688 0.315625 0.086719 0.321875 0.071875 0.329688 0.053125 0.341406 0.024218999999999997 0.363281 0.017188000000000002 0.371094 0.017188000000000002 0.37421899999999997 0.025 0.373437 0.0375 0.367969 0.070312 0.350781 0.086719 0.34375 0.11640600000000001 0.326562 0.142188 0.315625 0.14296899999999998 0.31328100000000003 0.141406 0.310156 0.141406 0.30625 0.134375 0.305469 0.12890600000000002 0.302344 0.11875 0.3
2 0.384375 0.26093700000000003 0.392969 0.27031299999999997 0.4 0.274219 0.407813 0.27656200000000003 0.41406200000000004 0.275781 0.41406200000000004 0.271094 0.40703100000000003 0.261719 0.402344 0.244531 0.389062 0.217969 0.38281200000000004 0.21484399999999998 0.38125 0.2125 0.376563 0.213281 0.373437 0.224219 0.373437 0.232813 0.384375 0.26093700000000003
1 0.48945299999999997 0.046328 0.49921899999999997 0.05 0.501563 0.047656 0.505469 0.047656 0.508594 0.049219 0.505469 0.051562 0.503906 0.05625 0.498437 0.060156 0.498437 0.072656 0.505469 0.092188 0.513281 0.098437 0.517969 0.09765599999999999 0.520313 0.096094 0.517969 0.05 0.516406 0.048437999999999995 0.517188 0.04375 0.515625 0.040625 0.497656 0.036719 0.49023399999999995 0.034921999999999995 0.482031 0.032812999999999995 0.469844 0.036797 0.480859 0.044766 0.48945299999999997 0.046328
1 0.446094 0.376563 0.441406 0.36875 0.43828100000000003 0.36718799999999996 0.43671899999999997 0.36875 0.43671899999999997 0.377344 0.426562 0.37578100000000003 0.410937 0.376563 0.389062 0.380469 0.385938 0.382031 0.376563 0.38281200000000004 0.346094 0.392188 0.34296899999999997 0.396875 0.349219 0.39843799999999996 0.435937 0.39843799999999996 0.44375 0.396094 0.45234399999999997 0.39531299999999997 0.45625 0.38984399999999997 0.459375 0.389062 0.460156 0.384375 0.457031 0.383594 0.454688 0.380469 0.446094 0.376563
2 0.629688 0.471875 0.609375 0.482812 0.599219 0.491406 0.596094 0.49218799999999996 0.592187 0.498437 0.600781 0.498437 0.619531 0.491406 0.625 0.486719 0.63125 0.48359399999999997 0.64375 0.472656 0.647656 0.471094 0.649219 0.466406 0.64375 0.465625 0.632031 0.46953100000000003 0.629688 0.471875
1 0.673438 0.442969 0.669531 0.444531 0.667969 0.447656 0.667969 0.45234399999999997 0.670312 0.454688 0.669531 0.459375 0.671875 0.461719 0.671875 0.464844 0.657031 0.47656200000000004 0.645313 0.49218799999999996 0.639844 0.501563 0.639844 0.507812 0.641406 0.509375 0.651562 0.505469 0.660938 0.49921899999999997 0.667969 0.492969 0.671094 0.488281 0.675781 0.471094 0.675 0.46406200000000003 0.683594 0.45625 0.689844 0.454688 0.692969 0.446875 0.69375 0.439063 0.698437 0.428125 0.697656 0.423438 0.692969 0.42265600000000003 0.689063 0.425 0.673438 0.442969
1 0.9585940000000001 0.413281 0.946875 0.415625 0.940625 0.419531 0.9320309999999999 0.421875 0.9039059999999999 0.421875 0.9046879999999999 0.425 0.917188 0.428906 0.91875 0.43125 0.901563 0.442969 0.871875 0.466406 0.871094 0.471094 0.875 0.471094 0.894531 0.464844 0.9242190000000001 0.450781 0.9398440000000001 0.43828100000000003 0.9523440000000001 0.425781 0.9757809999999999 0.4125 0.973438 0.408594 0.96875 0.408594 0.9585940000000001 0.413281
1 0.9460940000000001 0.28203100000000003 0.957031 0.288281 0.975 0.295312 0.975 0.298438 0.9679690000000001 0.303125 0.9664059999999999 0.307031 0.9664059999999999 0.322656 0.970313 0.334375 0.9742190000000001 0.33906200000000003 0.976562 0.33906200000000003 0.9789059999999999 0.336719 0.982812 0.310937 0.9820309999999999 0.305469 0.9875 0.29609399999999997 0.9867190000000001 0.29218700000000003 0.964844 0.28125 0.94375 0.267188 0.93125 0.26093700000000003 0.9226559999999999 0.258594 0.921875 0.26093700000000003 0.928125 0.267969 0.9460940000000001 0.28203100000000003
2 1 0.291406 0.989063 0.295312 0.98125 0.30468799999999996 0.978125 0.30625 0.9789059999999999 0.310156 0.984375 0.310937 1 0.307031 1 0.291406
2 0.882812 0.710156 0.8523440000000001 0.727344 0.84375 0.7375 0.84375 0.741406 0.8453120000000001 0.744531 0.8523440000000001 0.752344 0.8585940000000001 0.752344 0.865625 0.749219 0.878125 0.7375 0.8929690000000001 0.727344 0.909375 0.713281 0.910156 0.708594 0.915625 0.703906 0.91875 0.696875 0.910937 0.696875 0.903125 0.701562 0.882812 0.710156
1 0.617188 0.590625 0.603125 0.605469 0.596094 0.621094 0.596094 0.624219 0.600781 0.627344 0.600781 0.628906 0.594531 0.639844 0.574219 0.659375 0.544531 0.678906 0.542969 0.68125 0.54375 0.683594 0.552344 0.682031 0.573437 0.671094 0.596094 0.650781 0.60625 0.6375 0.611719 0.634375 0.615625 0.625781 0.617188 0.617188 0.624219 0.596875 0.624219 0.592969 0.621094 0.591406 0.623437 0.583594 0.621875 0.586719 0.61875 0.585938 0.617188 0.590625