0 0.310937 0.41093799999999997 0.314844 0.409375 0.317969 0.396875 0.324219 0.3875 0.329688 0.365625 0.33125 0.34453100000000003 0.328125 0.336719 0.328125 0.325781 0.33281299999999997 0.295312 0.332031 0.286719 0.330469 0.285156 0.325781 0.289844 0.319531 0.30156299999999997 0.314844 0.317969 0.316406 0.332031 0.32343700000000003 0.34296899999999997 0.321094 0.345313 0.309375 0.34843799999999997 0.302344 0.353906 0.296875 0.363281 0.295312 0.37421899999999997 0.291406 0.384375 0.28906200000000004 0.41718700000000003 0.291406 0.42109399999999997 0.302344 0.425781 0.30625 0.424219 0.303125 0.420312 0.310937 0.41093799999999997
1 0.879687 0.22265600000000002 0.886719 0.22265600000000002 0.9210940000000001 0.21484399999999998 0.940625 0.20703100000000002 0.96875 0.19140600000000002 0.978125 0.182031 0.9851559999999999 0.178125 0.985938 0.173437 0.976562 0.16953100000000002 0.970313 0.16953100000000002 0.9351559999999999 0.178906 0.917969 0.18125 0.8898440000000001 0.192188 0.8695309999999999 0.204687 0.867188 0.209375 0.860938 0.21406200000000003 0.859375 0.21875 0.84375 0.240625 0.8460940000000001 0.242188 0.8539059999999999 0.23906299999999997 0.879687 0.22265600000000002
0 1 0.457031 0.9976559999999999 0.457031 0.9945309999999999 0.460156 0.9820309999999999 0.458594 0.975 0.4625 0.965625 0.457031 0.957812 0.45625 0.9601559999999999 0.449219 0.959375 0.441406 0.9523440000000001 0.432031 0.902344 0.40546899999999997 0.89375 0.403125 0.890625 0.4 0.879687 0.39843799999999996 0.878125 0.4 0.878906 0.40703100000000003 0.8882809999999999 0.41875 0.9195309999999999 0.447656 0.935937 0.460156 0.9460940000000001 0.464844 0.9554690000000001 0.465625 0.9617190000000001 0.46875 0.978125 0.46875 0.9867190000000001 0.475 1 0.47656200000000004 1 0.457031
1 0.847656 0.447656 0.853125 0.44843700000000003 0.857812 0.451562 0.8625 0.451562 0.871094 0.457031 0.871875 0.46093799999999996 0.865625 0.467187 0.870313 0.475 0.882812 0.4875 0.9039059999999999 0.502344 0.9117190000000001 0.505469 0.928125 0.509375 0.935937 0.508594 0.9367190000000001 0.504687 0.925 0.484375 0.8960940000000001 0.45781299999999997 0.8929690000000001 0.453125 0.884375 0.451562 0.865625 0.44375 0.8617190000000001 0.444531 0.8507809999999999 0.43671899999999997 0.829688 0.428906 0.829688 0.435937 0.840625 0.439063 0.847656 0.447656
1 0.8070309999999999 0 0.794531 0.017188000000000002 0.788281 0.028905999999999998 0.78125 0.051562 0.78125 0.057031 0.771094 0.060937 0.757812 0.073438 0.748437 0.0875 0.739844 0.107813 0.747656 0.10703100000000002 0.76875 0.1 0.785937 0.089063 0.798438 0.072656 0.799219 0.067187 0.796875 0.064062 0.80625 0.055469000000000004 0.8101559999999999 0.053905999999999996 0.826562 0.036719 0.846875 0.007031 0.8492190000000001 0 0.8070309999999999 0
1 0.678125 0.120313 0.675 0.12890600000000002 0.68125 0.140625 0.707812 0.171094 0.710938 0.171094 0.716406 0.16406199999999999 0.725781 0.1625 0.71875 0.149219 0.701562 0.129688 0.686719 0.123438 0.6875 0.103125 0.683594 0.088281 0.671094 0.075 0.661719 0.069531 0.661719 0.07421900000000001 0.667188 0.085938 0.678125 0.120313
2 0.8054690000000001 0.372656 0.8101559999999999 0.36718799999999996 0.8070309999999999 0.357812 0.799219 0.35859399999999997 0.765625 0.37968799999999997 0.764844 0.38281200000000004 0.766406 0.384375 0.775 0.383594 0.8054690000000001 0.372656
1 0.727344 0.4125 0.719531 0.423438 0.719531 0.444531 0.725 0.459375 0.728906 0.463281 0.730469 0.471875 0.736719 0.482812 0.7375 0.48906299999999997 0.747656 0.500781 0.752344 0.501563 0.757031 0.498437 0.758594 0.48906299999999997 0.757031 0.45234399999999997 0.755469 0.450781 0.753906 0.439063 0.750781 0.435156 0.749219 0.425 0.740625 0.41406200000000004 0.735938 0.4125 0.736719 0.40703100000000003 0.734375 0.392188 0.729688 0.385156 0.727344 0.377344 0.723437 0.375 0.721094 0.376563 0.724219 0.404687 0.727344 0.4125
0 0.621875 0.37421899999999997 0.6375 0.396875 0.644531 0.403906 0.649766 0.40789099999999995 0.653125 0.41164100000000003 0.657734 0.41601600000000005 0.658594 0.420312 0.667969 0.424219 0.671875 0.428125 0.664844 0.4375 0.658203 0.444766 0.651875 0.45390600000000003 0.667188 0.442969 0.674219 0.440625 0.676562 0.44218799999999997 0.682813 0.454688 0.701562 0.475781 0.717187 0.490625 0.725 0.494531 0.725 0.489844 0.717187 0.478125 0.703125 0.446094 0.688281 0.428125 0.688281 0.41875 0.685937 0.415625 0.683594 0.404687 0.678125 0.396875 0.619531 0.34375 0.609375 0.342187 0.607812 0.34375 0.608594 0.350781 0.621875 0.37421899999999997
0 0.561719 0.121875 0.569531 0.14296899999999998 0.577344 0.157812 0.575781 0.159375 0.564063 0.16015600000000002 0.563281 0.167187 0.567187 0.18359399999999998 0.589844 0.234375 0.596875 0.244531 0.611719 0.274219 0.621875 0.288281 0.628125 0.290625 0.632031 0.2875 0.633594 0.269531 0.628906 0.239844 0.623437 0.21875 0.609375 0.188281 0.596875 0.172656 0.588281 0.166406 0.596094 0.15625 0.596875 0.141406 0.595313 0.135156 0.578125 0.10703100000000002 0.563281 0.094531 0.555469 0.091406 0.554688 0.096875 0.560937 0.1125 0.561719 0.121875
2 0.486719 0.09375 0.482812 0.091406 0.47968700000000003 0.09375 0.471094 0.126562 0.46796899999999997 0.13281199999999999 0.467187 0.139844 0.470313 0.15 0.47656200000000004 0.142187 0.4875 0.11640600000000001 0.486719 0.09375
2 0.547656 0.321875 0.553125 0.321094 0.553125 0.317969 0.542188 0.310937 0.535156 0.303906 0.514062 0.295312 0.509375 0.294531 0.507812 0.29609399999999997 0.510156 0.305469 0.514844 0.310937 0.547656 0.321875
0 0.48906299999999997 0.432031 0.498437 0.424219 0.517188 0.435156 0.546094 0.44375 0.596094 0.442969 0.624219 0.43671899999999997 0.626563 0.430469 0.624219 0.42656299999999997 0.611719 0.42109399999999997 0.585156 0.417969 0.54375 0.404687 0.54375 0.403125 0.564844 0.385156 0.564063 0.382031 0.553906 0.384375 0.532813 0.392969 0.513281 0.40703100000000003 0.501563 0.41093799999999997 0.488281 0.402344 0.47656200000000004 0.402344 0.43828100000000003 0.414844 0.415625 0.43125 0.40625 0.439844 0.404687 0.44375 0.407813 0.447656 0.433594 0.446094 0.48906299999999997 0.432031
1 0.471094 0.471094 0.474219 0.48515600000000003 0.484375 0.494531 0.485938 0.505469 0.496875 0.516406 0.500781 0.521875 0.517188 0.536719 0.536719 0.55625 0.557031 0.56875 0.564063 0.56875 0.564844 0.564063 0.561719 0.557031 0.546094 0.538281 0.536719 0.529687 0.524219 0.507031 0.507031 0.492969 0.49375 0.490625 0.48359399999999997 0.470313 0.474219 0.458594 0.459375 0.44531200000000004 0.454688 0.44375 0.454688 0.451562 0.461719 0.45625 0.471094 0.471094
1 0.585156 0.546094 0.582812 0.557813 0.590625 0.573438 0.609375 0.596875 0.628906 0.614844 0.642969 0.623437 0.658594 0.628906 0.664062 0.628125 0.664844 0.621875 0.660156 0.611719 0.639844 0.580469 0.625781 0.564063 0.608594 0.548438 0.6 0.542969 0.6 0.521094 0.598437 0.517188 0.592969 0.514844 0.589844 0.509375 0.583594 0.504687 0.584375 0.536719 0.582031 0.541406 0.585156 0.546094
1 0.510156 0.277344 0.54375 0.271875 0.534375 0.261719 0.527344 0.263281 0.516406 0.261719 0.489844 0.25468799999999997 0.482031 0.25468799999999997 0.480469 0.258594 0.48515600000000003 0.26640600000000003 0.505469 0.27656200000000003 0.510156 0.277344
1 0.27656200000000003 0.142187 0.29375 0.134375 0.314844 0.11875 0.31718799999999997 0.1125 0.339844 0.094531 0.340625 0.090625 0.338281 0.089063 0.328125 0.08984400000000001 0.314844 0.092969 0.290625 0.107813 0.263281 0.134375 0.26093700000000003 0.13828100000000002 0.261719 0.140625 0.267188 0.146094 0.27343799999999996 0.146875 0.27656200000000003 0.142187
0 0.17968800000000001 0.067187 0.1875 0.08984400000000001 0.19375 0.099219 0.196875 0.108594 0.20781299999999997 0.124219 0.219531 0.135156 0.226562 0.13828100000000002 0.23203100000000002 0.146875 0.23671899999999998 0.150781 0.24531200000000003 0.15390600000000002 0.261719 0.175 0.271094 0.182812 0.28593799999999997 0.18984399999999998 0.30625 0.194531 0.319531 0.2 0.326562 0.19921899999999998 0.326562 0.19531199999999999 0.316406 0.18125 0.314844 0.176563 0.299219 0.16406199999999999 0.28046899999999997 0.151562 0.261719 0.14453100000000002 0.244531 0.142187 0.240625 0.13828100000000002 0.24375 0.120313 0.242969 0.103125 0.23671899999999998 0.096094 0.232813 0.0875 0.217188 0.064062 0.210938 0.059375 0.210156 0.05625 0.20078100000000002 0.046875 0.19531199999999999 0.045312000000000005 0.180469 0.03125 0.177344 0.029687 0.171094 0.030469000000000003 0.171094 0.046094 0.177344 0.064844 0.17968800000000001 0.067187
2 0.071875 0.321094 0.10234399999999999 0.321094 0.10625 0.319531 0.10390600000000001 0.315625 0.079687 0.310156 0.064062 0.308594 0.060156 0.31171899999999997 0.060156 0.314844 0.063281 0.317969 0.071875 0.321094
2 0.209375 0.189062 0.211719 0.186719 0.211719 0.180469 0.209375 0.176563 0.192969 0.176563 0.176563 0.18359399999999998 0.16953100000000002 0.190625 0.173437 0.192969 0.18984399999999998 0.192969 0.209375 0.189062
0 0.146875 0.367969 0.153125 0.350781 0.155469 0.33593799999999996 0.154688 0.317969 0.151562 0.310156 0.153125 0.303125 0.165625 0.288281 0.172656 0.26484399999999997 0.17421899999999998 0.23828100000000002 0.171094 0.2125 0.164844 0.201563 0.151562 0.188281 0.14375 0.18515600000000002 0.13671899999999998 0.186719 0.121094 0.202344 0.115625 0.210156 0.110937 0.227344 0.115625 0.2625 0.11953100000000001 0.274219 0.132031 0.29375 0.141406 0.3 0.142187 0.310937 0.125781 0.328125 0.11953100000000001 0.349219 0.113281 0.360938 0.110937 0.371875 0.098437 0.40703100000000003 0.099219 0.41406200000000004 0.103125 0.415625 0.110156 0.4125 0.132031 0.39140600000000003 0.146875 0.367969
0 0.15234399999999998 0.524219 0.17968800000000001 0.525781 0.20078100000000002 0.522656 0.227344 0.511719 0.23203100000000002 0.50625 0.24375 0.519531 0.25781200000000004 0.525781 0.27343799999999996 0.526563 0.310937 0.521094 0.31718799999999997 0.517969 0.314844 0.513281 0.29609399999999997 0.505469 0.265625 0.49921899999999997 0.242969 0.498437 0.234375 0.501563 0.232813 0.504687 0.227344 0.49375 0.217188 0.489844 0.18984399999999998 0.490625 0.16875 0.49375 0.1375 0.505469 0.129688 0.510938 0.129688 0.514062 0.139844 0.520312 0.15234399999999998 0.524219
0 0.264062 0.47968700000000003 0.278125 0.47343799999999997 0.30781200000000003 0.45625 0.31718799999999997 0.44375 0.32890600000000003 0.44375 0.330469 0.439063 0.317969 0.4375 0.31171899999999997 0.433594 0.29218700000000003 0.435156 0.2625 0.44375 0.252344 0.449219 0.24375 0.457031 0.2375 0.46796899999999997 0.2375 0.47656200000000004 0.244531 0.482812 0.24765600000000002 0.48359399999999997 0.264062 0.47968700000000003
0 0.383594 0.308594 0.392969 0.303906 0.40703100000000003 0.275 0.411719 0.271875 0.41093799999999997 0.26484399999999997 0.42109399999999997 0.22968700000000003 0.420312 0.224219 0.415625 0.22343799999999997 0.40156200000000003 0.235937 0.392188 0.239844 0.383594 0.25781200000000004 0.378125 0.27656200000000003 0.376563 0.299219 0.369531 0.302344 0.357031 0.31328100000000003 0.349219 0.325 0.349219 0.329688 0.355469 0.326562 0.373437 0.310937 0.383594 0.308594
0 0.37578100000000003 0.646875 0.382031 0.646875 0.403906 0.638281 0.4125 0.630469 0.415625 0.621875 0.41875 0.619531 0.42109399999999997 0.620313 0.423438 0.627344 0.428906 0.630469 0.4375 0.63125 0.44375 0.629687 0.45625 0.622656 0.503906 0.608594 0.514844 0.602344 0.522656 0.591406 0.517969 0.589063 0.498437 0.589063 0.464844 0.592969 0.442969 0.6 0.42656299999999997 0.603125 0.420312 0.610938 0.421875 0.615625 0.420312 0.61875 0.416406 0.613281 0.388281 0.613281 0.36015600000000003 0.619531 0.357812 0.621875 0.35859399999999997 0.63125 0.36875 0.642188 0.371875 0.642188 0.37578100000000003 0.646875
0 0.275 0.590625 0.288281 0.59375 0.3125 0.592969 0.319531 0.594531 0.32343700000000003 0.599219 0.325781 0.610156 0.329688 0.615625 0.36406299999999997 0.642969 0.372656 0.646875 0.382031 0.646875 0.392969 0.642969 0.388281 0.640625 0.376563 0.640625 0.373437 0.636719 0.369531 0.635156 0.338281 0.599219 0.32343700000000003 0.591406 0.32343700000000003 0.586719 0.32031200000000004 0.579688 0.310937 0.569531 0.295312 0.560937 0.282813 0.559375 0.279687 0.557031 0.275781 0.557813 0.271875 0.554688 0.244531 0.549219 0.226562 0.548438 0.21875 0.55 0.21640600000000002 0.552344 0.217969 0.557031 0.224219 0.5625 0.275 0.590625
0 0.232813 0.647656 0.249219 0.664062 0.26640600000000003 0.672656 0.26640600000000003 0.688281 0.274219 0.704688 0.28046899999999997 0.73125 0.283594 0.735156 0.288281 0.753125 0.294531 0.763281 0.299219 0.763281 0.303125 0.758594 0.305469 0.736719 0.307031 0.735156 0.346094 0.751563 0.366406 0.757031 0.377344 0.757812 0.378906 0.754687 0.375 0.746094 0.346094 0.713281 0.333594 0.703906 0.31718799999999997 0.6875 0.290625 0.671875 0.278125 0.669531 0.27656200000000003 0.667969 0.27656200000000003 0.659375 0.271875 0.65 0.25781200000000004 0.633594 0.251563 0.628125 0.23906299999999997 0.626563 0.23203100000000002 0.621875 0.23203100000000002 0.615625 0.235937 0.608594 0.234375 0.601562 0.217188 0.582812 0.2125 0.583594 0.2125 0.59375 0.217188 0.614844 0.232813 0.647656
2 0.228906 0.696875 0.248438 0.7 0.258594 0.696875 0.263281 0.692187 0.2625 0.688281 0.225 0.674219 0.2125 0.667188 0.20546899999999998 0.667188 0.19921899999999998 0.669531 0.20625 0.680469 0.217969 0.690625 0.228906 0.696875
1 0.251563 0.839844 0.24765600000000002 0.8367190000000001 0.24765600000000002 0.840625 0.253906 0.85 0.260156 0.847656 0.272656 0.8367190000000001 0.28906200000000004 0.8148440000000001 0.29375 0.8054690000000001 0.29609399999999997 0.791406 0.294531 0.78125 0.289844 0.775781 0.303906 0.771875 0.314844 0.761719 0.319531 0.752344 0.319531 0.74375 0.317969 0.74375 0.31718799999999997 0.746875 0.314063 0.748437 0.30156299999999997 0.763281 0.289844 0.767969 0.286719 0.771094 0.28125 0.770312 0.28125 0.774219 0.277344 0.777344 0.26640600000000003 0.798438 0.255469 0.829688 0.25468799999999997 0.8367190000000001 0.251563 0.839844
0 0.332031 0.939063 0.339844 0.928125 0.350781 0.90625 0.35468700000000003 0.8695309999999999 0.357812 0.867188 0.365625 0.867188 0.376563 0.8617190000000001 0.392969 0.8460940000000001 0.402344 0.828125 0.402344 0.8179690000000001 0.397656 0.81875 0.382031 0.829688 0.357031 0.8523440000000001 0.349219 0.85625 0.342187 0.855469 0.338281 0.8523440000000001 0.33593799999999996 0.853125 0.335156 0.8570309999999999 0.321875 0.8757809999999999 0.31718799999999997 0.886719 0.310156 0.9195309999999999 0.308594 0.9367190000000001 0.303906 0.95 0.305469 0.9554690000000001 0.310937 0.9554690000000001 0.319531 0.95 0.332031 0.939063
0 0.242969 1 0.24531200000000003 0.9929690000000001 0.252344 0.9835940000000001 0.26093700000000003 0.9835940000000001 0.267969 0.9757809999999999 0.279687 0.973437 0.299219 0.964063 0.3 0.9585940000000001 0.26875 0.957031 0.25625 0.9585940000000001 0.25078100000000003 0.9617190000000001 0.246875 0.9679690000000001 0.239844 0.96875 0.23203100000000002 0.9742190000000001 0.22109399999999998 0.978125 0.19140600000000002 0.9835940000000001 0.18984399999999998 0.9875 0.19921899999999998 0.995313 0.210938 0.9976559999999999 0.211719 1 0.242969 1
0 0.125781 0.755469 0.134609 0.766328 0.15390600000000002 0.782813 0.159375 0.783594 0.165625 0.782031 0.170313 0.778125 0.171094 0.7875 0.17421899999999998 0.792969 0.17578100000000002 0.800781 0.18359399999999998 0.8148440000000001 0.202344 0.8414059999999999 0.211719 0.8507809999999999 0.21640600000000002 0.853125 0.220312 0.8523440000000001 0.22109399999999998 0.845313 0.210156 0.816406 0.19921899999999998 0.8 0.190625 0.782813 0.17578100000000002 0.767188 0.173437 0.7625 0.171094 0.766406 0.166406 0.770312 0.1625 0.770312 0.147656 0.757031 0.139063 0.745313 0.12890600000000002 0.739062 0.12734399999999998 0.735156 0.11953100000000001 0.733594 0.11796899999999999 0.738281 0.121094 0.748437 0.125781 0.755469
0 0 0.759375 0.005469 0.761719 0.01875 0.763281 0.029687 0.760938 0.053905999999999996 0.767969 0.078125 0.767969 0.082812 0.764062 0.069531 0.755469 0.060156 0.752344 0.046875 0.74375 0.042187999999999996 0.742969 0.030469000000000003 0.733594 0.01875 0.728125 0.013281000000000001 0.728125 0.014063 0.742969 0.010936999999999999 0.746094 0.00625 0.742969 0 0.742969 0 0.759375
0 0.0625 0.935937 0.072656 0.910156 0.077344 0.903125 0.080469 0.882812 0.080469 0.8695309999999999 0.078125 0.8648440000000001 0.08125 0.8273440000000001 0.08125 0.8039059999999999 0.078906 0.788281 0.076563 0.785156 0.072656 0.7875 0.069531 0.794531 0.064844 0.8132809999999999 0.0625 0.840625 0.064062 0.8617190000000001 0.054688 0.871875 0.046094 0.8960940000000001 0.046094 0.9007809999999999 0.064062 0.902344 0.06640599999999999 0.904687 0.060156 0.9125 0.044531 0.923438 0.042969 0.928125 0.039844000000000004 0.9289059999999999 0.0375 0.939063 0.0375 0.948438 0.040625 0.9523440000000001 0.045312000000000005 0.9507809999999999 0.057031 0.942187 0.0625 0.935937
0 0.242188 0.361719 0.25 0.36718799999999996 0.257031 0.389062 0.282813 0.41406200000000004 0.28593799999999997 0.415625 0.289844 0.414844 0.290625 0.392969 0.295312 0.37421899999999997 0.295312 0.36875 0.290625 0.3625 0.26093700000000003 0.353125 0.253125 0.353906 0.244531 0.35859399999999997 0.239844 0.35625 0.239844 0.35859399999999997 0.242188 0.35859399999999997 0.242188 0.361719