0 0.478906 0.56875 0.480469 0.565625 0.480469 0.554688 0.470313 0.548438 0.441406 0.539062 0.432031 0.539844 0.416406 0.521641 0.423438 0.539844 0.433594 0.546875 0.435156 0.551563 0.44531200000000004 0.561719 0.446094 0.56875 0.453125 0.58125 0.4625 0.590625 0.471094 0.589062 0.474219 0.580469 0.474219 0.56875 0.478906 0.56875
2 0.241406 0.114062 0.22031299999999998 0.103125 0.22031299999999998 0.109375 0.228906 0.117188 0.244531 0.125781 0.255469 0.134375 0.261719 0.135156 0.260938 0.130469 0.253906 0.12265600000000002 0.241406 0.114062
0 0.4 0.125 0.384375 0.120313 0.372656 0.11953100000000001 0.357812 0.126563 0.355469 0.125781 0.35859399999999997 0.11640600000000001 0.372656 0.10625 0.378906 0.099219 0.37421899999999997 0.098437 0.361719 0.104688 0.357031 0.104688 0.353125 0.084375 0.34375 0.055469000000000004 0.341406 0.053125 0.339063 0.058594 0.339063 0.07968800000000001 0.34453100000000003 0.134375 0.353125 0.140625 0.364844 0.142188 0.36718799999999996 0.14453100000000002 0.40703100000000003 0.157031 0.419531 0.157813 0.426562 0.1625 0.432031 0.1625 0.42109399999999997 0.141406 0.4125 0.13281199999999999 0.4 0.125
0 0.439844 0.382031 0.407813 0.378125 0.394531 0.380469 0.38281200000000004 0.385156 0.37421899999999997 0.39140600000000003 0.36875 0.4 0.365625 0.394531 0.363281 0.369531 0.355469 0.359375 0.346875 0.353125 0.341406 0.353125 0.341406 0.36875 0.3375 0.38125 0.303906 0.388281 0.30625 0.392188 0.339063 0.397656 0.342187 0.400781 0.349219 0.416406 0.357031 0.420312 0.3625 0.417188 0.365625 0.410156 0.38125 0.413281 0.397656 0.4125 0.410156 0.408594 0.444531 0.402344 0.45234399999999997 0.399219 0.455469 0.396094 0.455469 0.392188 0.451562 0.388281 0.439844 0.382031
1 0.428125 0.446875 0.408594 0.447656 0.403906 0.44375 0.399219 0.434375 0.378906 0.424219 0.360938 0.421875 0.341406 0.421875 0.336719 0.423438 0.336719 0.428125 0.345313 0.434375 0.394531 0.460156 0.400781 0.460156 0.404687 0.457031 0.411719 0.457031 0.41406200000000004 0.459375 0.417188 0.459375 0.421875 0.455469 0.427344 0.45390600000000003 0.435156 0.45390600000000003 0.43828100000000003 0.45625 0.45 0.455469 0.446094 0.450781 0.432031 0.449219 0.428125 0.446875
0 0.536719 0.35625 0.524219 0.355469 0.513281 0.357812 0.5 0.36875 0.497656 0.37421899999999997 0.49375 0.364844 0.482812 0.357031 0.470313 0.355469 0.45390600000000003 0.359375 0.451562 0.361719 0.454688 0.365625 0.472656 0.375 0.492969 0.38125 0.496875 0.38984399999999997 0.5125 0.390625 0.525 0.386719 0.545312 0.371094 0.550781 0.363281 0.564844 0.359375 0.567969 0.357031 0.564844 0.354688 0.544531 0.354688 0.536719 0.35625
0 0.638281 0.34296899999999997 0.616406 0.353906 0.610938 0.359375 0.59375 0.361719 0.5875 0.365625 0.576562 0.380469 0.577344 0.385156 0.588281 0.385938 0.6 0.384375 0.61875 0.37578100000000003 0.625 0.375 0.640625 0.365625 0.646094 0.36015600000000003 0.659375 0.357031 0.672656 0.350781 0.678125 0.346094 0.680469 0.336719 0.675 0.333594 0.660156 0.33593799999999996 0.638281 0.34296899999999997
0 0.557031 0.225 0.553906 0.23593799999999998 0.553906 0.251563 0.54375 0.264062 0.539062 0.274219 0.532813 0.294531 0.532813 0.299219 0.538281 0.3 0.551563 0.283594 0.557031 0.283594 0.560156 0.28125 0.567188 0.271875 0.567969 0.267188 0.564844 0.255469 0.576562 0.24375 0.582813 0.225 0.582031 0.208594 0.577344 0.20078100000000002 0.571875 0.202344 0.5625 0.21406299999999998 0.557031 0.225
0 0.659375 0.285156 0.648438 0.275 0.6375 0.271875 0.623437 0.263281 0.622656 0.260156 0.625781 0.253125 0.624219 0.23046899999999998 0.61875 0.21718700000000002 0.611719 0.20546899999999998 0.607031 0.20156200000000002 0.596875 0.196094 0.591406 0.196875 0.592187 0.202344 0.603125 0.228906 0.609375 0.260156 0.616406 0.267969 0.613281 0.278906 0.614063 0.283594 0.642188 0.314844 0.653906 0.319531 0.658594 0.324219 0.666406 0.324219 0.669531 0.319531 0.670312 0.30625 0.659375 0.285156
0 0.548438 0.054688 0.541406 0.047656 0.517969 0.050781 0.509375 0.05625 0.496094 0.050781 0.48515600000000003 0.051562 0.470313 0.05625 0.450781 0.067187 0.45234399999999997 0.071094 0.457812 0.071875 0.475 0.06875 0.496875 0.06875 0.505469 0.067187 0.517188 0.07421900000000001 0.529687 0.078906 0.565625 0.1 0.583594 0.10625 0.589844 0.10625 0.592969 0.10390600000000001 0.584375 0.083594 0.566406 0.061719 0.548438 0.054688
0 0.675 0.040625 0.657813 0.049219 0.65 0.058594 0.646094 0.057031 0.645313 0.048437999999999995 0.642969 0.04375 0.635156 0.04375 0.620312 0.058594 0.617969 0.067969 0.61875 0.071875 0.624219 0.071875 0.641406 0.06640599999999999 0.646875 0.067969 0.646094 0.072656 0.655469 0.071094 0.685937 0.053125 0.689063 0.046875 0.696094 0.040625 0.692969 0.038280999999999996 0.685156 0.038280999999999996 0.675 0.040625
0 0.052344 0.470313 0.048437999999999995 0.477344 0.040625 0.478906 0.032812999999999995 0.485938 0.035156 0.49375 0.025781 0.547656 0.025781 0.553125 0.028905999999999998 0.557812 0.035937000000000004 0.554688 0.052344 0.526562 0.060156 0.505469 0.065625 0.49921899999999997 0.069531 0.48515600000000003 0.064844 0.478906 0.07656199999999999 0.466406 0.08125 0.451562 0.080469 0.442969 0.075781 0.444531 0.070312 0.45234399999999997 0.052344 0.470313
0 0.113281 0.666406 0.103125 0.665625 0.086719 0.667969 0.07421900000000001 0.676563 0.078906 0.682812 0.103125 0.694531 0.13125 0.696094 0.15859399999999998 0.692188 0.1625 0.689844 0.157813 0.685156 0.128125 0.670312 0.113281 0.666406
0 0 0.621094 0.021093999999999998 0.626563 0.023438 0.630469 0.023438 0.6375 0.025 0.639844 0.034375 0.645313 0.045312000000000005 0.648438 0.060937 0.648438 0.096094 0.641406 0.11093800000000001 0.635937 0.12265600000000002 0.628125 0.121875 0.623437 0.115625 0.619531 0.084375 0.610938 0.042187999999999996 0.610938 0.03125 0.614844 0.025 0.620312 0.021875 0.614844 0.021875 0.610156 0.0125 0.603125 0 0.601562 0 0.621094
0 0.557031 0.46875 0.553125 0.470313 0.554688 0.475 0.565625 0.486719 0.575 0.500781 0.58125 0.503906 0.5875 0.500781 0.589062 0.492969 0.583594 0.484375 0.557031 0.46875
0 0.951562 0.47656200000000004 0.93125 0.461719 0.9210940000000001 0.458594 0.9039059999999999 0.458594 0.8976559999999999 0.461719 0.895312 0.465625 0.8960940000000001 0.46953100000000003 0.9132809999999999 0.480469 0.9398440000000001 0.492969 0.9710940000000001 0.502344 0.9835940000000001 0.502344 0.973438 0.494531 0.9625 0.482031 0.951562 0.47656200000000004
0 0.9070309999999999 1 0.915625 0.9898440000000001 0.9210940000000001 0.978125 0.925 0.9625 0.925 0.949219 0.921875 0.939063 0.9226559999999999 0.9359379999999999 0.9367190000000001 0.9289059999999999 0.94375 0.9234370000000001 0.948438 0.9148440000000001 0.9476559999999999 0.903125 0.9429690000000001 0.903125 0.933594 0.9078120000000001 0.9054690000000001 0.9320309999999999 0.9039059999999999 0.9351559999999999 0.9046879999999999 0.9476559999999999 0.9007809999999999 0.9664059999999999 0.885938 0.996875 0.885938 1 0.9070309999999999 1
2 0.9554690000000001 0.8929690000000001 0.965625 0.895312 0.9789059999999999 0.89375 0.984375 0.8882809999999999 0.982812 0.885938 0.9585940000000001 0.8890629999999999 0.9554690000000001 0.8929690000000001
0 1 0.747656 0.99375 0.750781 0.9898440000000001 0.759375 0.9875 0.771094 0.984375 0.776562 0.9851559999999999 0.792969 0.972656 0.801563 0.965625 0.8132809999999999 0.959375 0.8335940000000001 0.959375 0.8421879999999999 0.960938 0.8429690000000001 0.9695309999999999 0.8421879999999999 0.976562 0.8375 0.984375 0.8296870000000001 0.9945309999999999 0.8117190000000001 1 0.8140620000000001 1 0.747656
1 0.882812 0.719531 0.8820309999999999 0.727344 0.871875 0.755469 0.86875 0.771875 0.8734379999999999 0.771094 0.8773440000000001 0.7671870000000001 0.8914059999999999 0.74375 0.894531 0.733594 0.8929690000000001 0.721094 0.9054690000000001 0.722656 0.9125 0.721875 0.9125 0.719531 0.890625 0.714062 0.8804690000000001 0.716406 0.882812 0.719531
0 0.9273440000000001 0.642188 0.91875 0.634375 0.9210940000000001 0.619531 0.9203129999999999 0.603125 0.915625 0.5875 0.9125 0.584375 0.909375 0.586719 0.9039059999999999 0.602344 0.901563 0.604687 0.8804690000000001 0.592187 0.86875 0.589062 0.8664059999999999 0.591406 0.867188 0.596875 0.875 0.6125 0.8890629999999999 0.627344 0.9007809999999999 0.635156 0.9007809999999999 0.642969 0.9046879999999999 0.654687 0.9148440000000001 0.671094 0.9234370000000001 0.679688 0.93125 0.68125 0.934375 0.675781 0.933594 0.655469 0.9273440000000001 0.642188
0 0.9625 0.633594 0.9601559999999999 0.625781 0.946875 0.617969 0.9375 0.614844 0.9476559999999999 0.607812 0.9523440000000001 0.599219 0.9539059999999999 0.589844 0.957188 0.565391 0.948438 0.585391 0.944687 0.595078 0.941328 0.578828 0.932578 0.574062 0.9203129999999999 0.571875 0.926562 0.610156 0.928125 0.6125 0.934375 0.614844 0.932813 0.61875 0.933594 0.625781 0.9375 0.639062 0.9460940000000001 0.657813 0.949219 0.670312 0.9539059999999999 0.672656 0.9585940000000001 0.671875 0.965625 0.6625 0.964844 0.635937 0.9625 0.633594
0 0.8054690000000001 0.653906 0.796875 0.6625 0.792187 0.671875 0.792187 0.676563 0.7953129999999999 0.682812 0.792187 0.685937 0.7828120000000001 0.685937 0.772656 0.701562 0.757812 0.741406 0.754688 0.757031 0.761719 0.75625 0.78125 0.738281 0.797656 0.701562 0.796875 0.691406 0.803125 0.685937 0.7984370000000001 0.677344 0.8023440000000001 0.674219 0.8125 0.672656 0.8273440000000001 0.666406 0.832031 0.6625 0.8492190000000001 0.655469 0.85 0.650781 0.8453120000000001 0.65 0.823437 0.655469 0.8054690000000001 0.653906
0 0.773438 0.8609370000000001 0.738281 0.864063 0.733594 0.8617190000000001 0.720313 0.8601559999999999 0.713281 0.85625 0.696875 0.85625 0.672656 0.864063 0.644531 0.8757809999999999 0.635156 0.88125 0.629688 0.8890629999999999 0.63125 0.8929690000000001 0.635156 0.894531 0.667969 0.8929690000000001 0.7 0.8835940000000001 0.715625 0.88125 0.721797 0.8671089999999999 0.733984 0.8741410000000001 0.7321869999999999 0.893516 0.740234 0.878516 0.76875 0.886719 0.785938 0.884375 0.823437 0.8734379999999999 0.828125 0.86875 0.8195309999999999 0.8648440000000001 0.8039059999999999 0.8617190000000001 0.773438 0.8609370000000001
0 0.621094 0.9195309999999999 0.603125 0.9085940000000001 0.589844 0.90625 0.580469 0.909375 0.576562 0.90625 0.56875 0.9046879999999999 0.535156 0.9039059999999999 0.532813 0.9054690000000001 0.532813 0.9085940000000001 0.539844 0.915625 0.555469 0.9242190000000001 0.567188 0.926562 0.574219 0.925781 0.578125 0.9234370000000001 0.580469 0.917969 0.592969 0.932813 0.609375 0.942187 0.626563 0.9554690000000001 0.6375 0.957812 0.639844 0.9554690000000001 0.639844 0.9445309999999999 0.633594 0.932813 0.621094 0.9195309999999999
1 0.479688 1 0.474219 0.9898440000000001 0.478906 0.9820309999999999 0.465625 0.9820309999999999 0.45625 0.9789059999999999 0.449219 0.9789059999999999 0.449219 0.9859370000000001 0.457031 1 0.479688 1
1 0.46093799999999996 0.775 0.46093799999999996 0.785156 0.464063 0.791406 0.46093799999999996 0.8 0.46093799999999996 0.809375 0.466406 0.8179690000000001 0.46953100000000003 0.8148440000000001 0.46796899999999997 0.8023440000000001 0.470313 0.79375 0.48359399999999997 0.7796879999999999 0.492969 0.753125 0.491406 0.746094 0.494531 0.742969 0.491406 0.735938 0.48515600000000003 0.732031 0.478906 0.732812 0.47656200000000004 0.735156 0.46093799999999996 0.775
2 0.502344 0.791406 0.498437 0.783594 0.489062 0.783594 0.48359399999999997 0.785938 0.490625 0.792969 0.49375 0.799219 0.507031 0.8070309999999999 0.515625 0.8101559999999999 0.532813 0.8101559999999999 0.5375 0.807812 0.5375 0.8054690000000001 0.530469 0.801563 0.502344 0.791406
0 0.544531 0.7828120000000001 0.517969 0.750781 0.516406 0.7515620000000001 0.516406 0.755469 0.513281 0.757812 0.507031 0.75625 0.508594 0.752344 0.507812 0.732812 0.502344 0.715625 0.498437 0.717969 0.498437 0.740625 0.502344 0.75625 0.5 0.7640629999999999 0.510156 0.770313 0.527344 0.786719 0.528906 0.791406 0.535938 0.797656 0.542187 0.799219 0.549219 0.796875 0.55 0.794531 0.546094 0.789062 0.544531 0.7828120000000001
3 0 0.302344 0.007031 0.301562 0.029687 0.285937 0.060937 0.288281 0.084375 0.28203100000000003 0.098437 0.270312 0.109375 0.264062 0.117188 0.25625 0.120313 0.24843700000000002 0.133594 0.23203100000000002 0.13671899999999998 0.225 0.135156 0.21718700000000002 0.13125 0.211719 0.125781 0.210156 0.09375 0.210938 0.07656199999999999 0.215625 0.05531199999999999 0.235547 0.046562 0.223359 0.026328 0.21125 0.050781 0.24843700000000002 0.048437999999999995 0.258594 0.039062 0.24765600000000002 0.030469000000000003 0.242188 0 0.23906200000000002 0 0.302344
0 0.591406 0.8125 0.592969 0.8101559999999999 0.573437 0.794531 0.573437 0.7828120000000001 0.567188 0.760937 0.560937 0.75 0.55625 0.745312 0.552344 0.744531 0.55 0.747656 0.549219 0.754688 0.550781 0.771094 0.558594 0.792187 0.567188 0.799219 0.566406 0.816406 0.567969 0.8289059999999999 0.576562 0.84375 0.579688 0.846875 0.585156 0.847656 0.588281 0.8460940000000001 0.591406 0.8335940000000001 0.591406 0.8125
0 0.457812 0.661719 0.442969 0.65625 0.42109399999999997 0.653906 0.4 0.657813 0.392188 0.653906 0.3875 0.660938 0.38125 0.6625 0.38125 0.658594 0.384375 0.654687 0.385156 0.646094 0.380469 0.632031 0.36718799999999996 0.617969 0.35 0.609375 0.330469 0.605469 0.3 0.605469 0.296875 0.607031 0.298438 0.613281 0.309375 0.617969 0.32890600000000003 0.632812 0.339063 0.638281 0.365625 0.659375 0.371094 0.670312 0.363281 0.676563 0.363281 0.678906 0.378125 0.671875 0.394531 0.66875 0.40625 0.676563 0.454688 0.690625 0.475781 0.692969 0.486719 0.691406 0.488281 0.689844 0.486719 0.685156 0.479688 0.676563 0.457812 0.661719
1 0.228125 0.697656 0.22968799999999998 0.701562 0.225781 0.710938 0.225781 0.719531 0.227344 0.721875 0.233594 0.722656 0.24609399999999998 0.713281 0.246875 0.709375 0.251563 0.703906 0.253906 0.692969 0.258594 0.685156 0.264062 0.66875 0.264062 0.661719 0.239844 0.685937 0.228125 0.685937 0.228125 0.697656
0 0.177344 0.8460940000000001 0.175 0.8421879999999999 0.184375 0.835938 0.188281 0.8265629999999999 0.186719 0.789844 0.184375 0.782031 0.182031 0.780469 0.17968800000000001 0.7828120000000001 0.178125 0.792187 0.16953100000000002 0.815625 0.16953100000000002 0.832031 0.16796899999999998 0.8335940000000001 0.16875 0.867188 0.172656 0.865625 0.172656 0.8578129999999999 0.177344 0.8460940000000001
0 0.290781 1 0.298359 0.988203 0.30226600000000003 0.9771089999999999 0.304844 0.965234 0.30468799999999996 0.957031 0.302344 0.954688 0.308594 0.951562 0.314063 0.951562 0.317187 0.9476559999999999 0.319531 0.9398440000000001 0.326562 0.9375 0.330469 0.9242190000000001 0.336719 0.9203129999999999 0.35945299999999997 0.9038280000000001 0.337812 0.908906 0.322656 0.9125 0.298438 0.932813 0.295312 0.9375 0.28906200000000004 0.939063 0.282813 0.94375 0.276563 0.9445309999999999 0.264062 0.9507809999999999 0.260156 0.954688 0.263281 0.9585940000000001 0.267969 0.9554690000000001 0.271094 0.9554690000000001 0.27343799999999996 0.957812 0.27343799999999996 0.965625 0.271875 0.972656 0.264062 0.984375 0.25781200000000004 1 0.290781 1
0 0.146875 1 0.147656 0.9976559999999999 0.155469 0.996094 0.163281 0.990625 0.1625 0.9859370000000001 0.15859399999999998 0.9835940000000001 0.134375 0.9773440000000001 0.113281 0.976562 0.105469 0.978125 0.09765599999999999 0.982812 0.078906 0.98125 0.060937 0.9757809999999999 0.054688 0.9757809999999999 0.053125 0.978125 0.060937 0.9875 0.075781 0.9976559999999999 0.10078100000000001 0.996875 0.11171899999999998 0.9976559999999999 0.1125 1 0.146875 1
1 0.07421900000000001 0.932813 0.067187 0.9398440000000001 0.057031 0.9445309999999999 0.05625 0.949219 0.067187 0.95 0.088281 0.94375 0.096875 0.9359379999999999 0.10781199999999999 0.9351559999999999 0.096094 0.9234370000000001 0.091406 0.9242190000000001 0.07421900000000001 0.932813
0 0.132031 0.804688 0.1125 0.8023440000000001 0.10234399999999999 0.804688 0.098437 0.808594 0.092969 0.8101559999999999 0.091406 0.790625 0.07968800000000001 0.778125 0.053125 0.766406 0.034375 0.765625 0.029687 0.7671870000000001 0.030469000000000003 0.771094 0.060156 0.796875 0.075781 0.8140620000000001 0.080469 0.8148440000000001 0.09218699999999999 0.8101559999999999 0.096094 0.8179690000000001 0.114062 0.834375 0.124219 0.8367190000000001 0.140625 0.8367190000000001 0.16015600000000002 0.834375 0.167188 0.8304690000000001 0.166406 0.8257809999999999 0.153125 0.8148440000000001 0.132031 0.804688
0 0.194531 0.8382809999999999 0.189063 0.8367190000000001 0.18515600000000002 0.8421879999999999 0.17421899999999998 0.847656 0.16953100000000002 0.8453120000000001 0.16875 0.8539059999999999 0.161719 0.8695309999999999 0.157813 0.8742190000000001 0.151563 0.871875 0.146875 0.8726559999999999 0.146875 0.8773440000000001 0.15390600000000002 0.884375 0.166406 0.884375 0.180469 0.875 0.19375 0.8570309999999999 0.20703100000000002 0.865625 0.22031299999999998 0.8695309999999999 0.23281200000000002 0.870312 0.261719 0.865625 0.265625 0.8609370000000001 0.23828100000000002 0.851562 0.203906 0.847656 0.194531 0.8382809999999999
0 0.054688 0.865625 0.054688 0.86875 0.034375 0.882812 0.01875 0.9234370000000001 0.016406 0.933594 0.017969 0.941406 0.024218999999999997 0.9398440000000001 0.036719 0.9289059999999999 0.050781 0.909375 0.059375 0.8835940000000001 0.063281 0.878125 0.063281 0.871875 0.065625 0.867188 0.075781 0.8609370000000001 0.08125 0.864063 0.08125 0.8601559999999999 0.077344 0.851562 0.051562 0.8570309999999999 0.049219 0.8617190000000001 0.054688 0.865625
0 0.11093800000000001 0.747656 0.11171899999999998 0.74375 0.10781199999999999 0.745312 0.096094 0.739844 0.09218699999999999 0.739844 0.088281 0.736719 0.09375 0.732812 0.096094 0.720313 0.089063 0.708594 0.080469 0.699219 0.072656 0.69375 0.070312 0.694531 0.069531 0.70625 0.071875 0.721094 0.075781 0.732031 0.08203099999999999 0.739063 0.086719 0.750781 0.11093800000000001 0.76875 0.12734399999999998 0.772656 0.128125 0.765625 0.124219 0.758594 0.11093800000000001 0.747656
0 0.771094 0 0.764844 0.016406 0.7640629999999999 0.035156 0.7671870000000001 0.05 0.7625 0.05625 0.760937 0.073438 0.750781 0.11484399999999999 0.7515620000000001 0.12734399999999998 0.759375 0.132031 0.765625 0.130469 0.774219 0.120313 0.785938 0.09218699999999999 0.7875 0.070312 0.785938 0.063281 0.778906 0.053905999999999996 0.770313 0.048437999999999995 0.786719 0.0375 0.796094 0.014844 0.796875 0 0.771094 0
0 0.9375 0.0375 0.9351559999999999 0.036719 0.932813 0.040625 0.9242190000000001 0.04375 0.917188 0.050781 0.909375 0.053905999999999996 0.9039059999999999 0.059375 0.8898440000000001 0.06640599999999999 0.8820309999999999 0.072656 0.865625 0.07968800000000001 0.8617190000000001 0.084375 0.8695309999999999 0.084375 0.8914059999999999 0.07968800000000001 0.902344 0.073438 0.9195309999999999 0.057813 0.933594 0.059375 0.948438 0.05625 0.94375 0.047656 0.9398440000000001 0.044531 0.9375 0.0375
0 1 0.24843700000000002 0.980469 0.249219 0.9539059999999999 0.255469 0.951562 0.252344 0.9507809999999999 0.244531 0.94375 0.23828100000000002 0.926562 0.23281200000000002 0.917969 0.23281200000000002 0.909375 0.23593799999999998 0.910156 0.240625 0.9164059999999999 0.24843700000000002 0.9320309999999999 0.260938 0.94375 0.26640600000000003 0.95 0.271875 0.971875 0.277344 1 0.274219 1 0.24843700000000002
0 0.203125 0.560156 0.175 0.541406 0.157031 0.535938 0.134375 0.534375 0.12734399999999998 0.535938 0.11953100000000001 0.541406 0.11640600000000001 0.541406 0.11875 0.528906 0.11484399999999999 0.521094 0.10781199999999999 0.513281 0.0875 0.503906 0.086719 0.510937 0.09375 0.515625 0.11484399999999999 0.540625 0.10390600000000001 0.552344 0.109375 0.564844 0.115625 0.565625 0.11875 0.56875 0.13281199999999999 0.570312 0.147656 0.56875 0.15234399999999998 0.565625 0.16015600000000002 0.565625 0.166406 0.56875 0.192969 0.575781 0.210938 0.584375 0.21875 0.584375 0.219531 0.579688 0.217969 0.575781 0.203125 0.560156
0 0.154687 0.442969 0.14296899999999998 0.441406 0.139062 0.439063 0.104688 0.43125 0.103125 0.42968799999999996 0.103125 0.415625 0.10078100000000001 0.40703100000000003 0.088281 0.390625 0.08125 0.384375 0.065625 0.37578100000000003 0.059375 0.37421899999999997 0.057031 0.37578100000000003 0.057031 0.384375 0.059375 0.389062 0.070312 0.401563 0.08125 0.425781 0.090625 0.439844 0.091406 0.444531 0.094531 0.44375 0.099219 0.43828100000000003 0.103125 0.446875 0.10781199999999999 0.45 0.134375 0.457031 0.165625 0.473437 0.171094 0.472656 0.173438 0.457812 0.16953100000000002 0.450781 0.154687 0.442969
0 0.254687 0.454688 0.253125 0.451562 0.25625 0.447656 0.25781200000000004 0.43671899999999997 0.255469 0.432813 0.24375 0.447656 0.23203100000000002 0.46953100000000003 0.22031299999999998 0.478906 0.217969 0.48515600000000003 0.188281 0.513281 0.176562 0.514844 0.166406 0.521094 0.16015600000000002 0.529687 0.16015600000000002 0.536719 0.17421899999999998 0.539062 0.190625 0.536719 0.196875 0.532813 0.198438 0.528906 0.210938 0.523438 0.21640600000000002 0.51875 0.22031299999999998 0.51875 0.22031299999999998 0.521875 0.225 0.521094 0.226562 0.517188 0.22265600000000002 0.515625 0.22265600000000002 0.513281 0.23125 0.509375 0.239844 0.507812 0.242969 0.504688 0.253906 0.502344 0.260938 0.497656 0.275 0.48359399999999997 0.317969 0.459375 0.321094 0.455469 0.321094 0.450781 0.31328100000000003 0.446875 0.286719 0.446094 0.254687 0.454688
0 0.159375 0.008594000000000001 0.155469 0.009375 0.15234399999999998 0.014062 0.146094 0.0125 0.12734399999999998 0.01875 0.11171899999999998 0.028125 0.10390600000000001 0.035937000000000004 0.09765599999999999 0.028905999999999998 0.08125 0.022656000000000003 0.067187 0.022656000000000003 0.053905999999999996 0.025 0.025 0.036719 0.025 0.041406 0.03125 0.044531 0.033594 0.048437999999999995 0.039062 0.05 0.065625 0.049219 0.09218699999999999 0.046094 0.099219 0.047656 0.101562 0.053125 0.104688 0.054688 0.110156 0.054688 0.159375 0.0375 0.171094 0.03125 0.172656 0.028905999999999998 0.16796899999999998 0.021093999999999998 0.164844 0.009375 0.159375 0.008594000000000001
0 0.290625 0.039844000000000004 0.2875 0.041406 0.284375 0.038280999999999996 0.28203100000000003 0.038280999999999996 0.28046899999999997 0.040625 0.27343799999999996 0.08125 0.27343799999999996 0.10703100000000002 0.26484399999999997 0.120313 0.265625 0.146875 0.260938 0.19140600000000002 0.263281 0.19531199999999999 0.272656 0.1875 0.282813 0.170312 0.288281 0.146094 0.2875 0.125781 0.295312 0.11093800000000001 0.296875 0.1 0.314063 0.083594 0.321875 0.065625 0.334375 0.021875 0.334375 0.017188000000000002 0.330469 0.013281000000000001 0.322656 0.014062 0.302344 0.028125 0.290625 0.039844000000000004