2 0.33593799999999996 0.048437999999999995 0.317187 0.064062 0.314063 0.070312 0.315625 0.076563 0.31328100000000003 0.080469 0.31875 0.08203099999999999 0.34296899999999997 0.069531 0.354688 0.058594 0.365625 0.051562 0.370313 0.044531 0.366406 0.042969 0.353125 0.042969 0.33593799999999996 0.048437999999999995
1 0.43125 0.25781200000000004 0.43125 0.26093700000000003 0.4375 0.267969 0.439063 0.27343799999999996 0.466406 0.26640600000000003 0.478125 0.257031 0.48125 0.25078100000000003 0.473437 0.25 0.45390600000000003 0.257031 0.43125 0.25781200000000004
0 0.559375 0.25 0.571875 0.25625 0.571875 0.26093700000000003 0.575781 0.267188 0.5875 0.274219 0.596094 0.27656200000000003 0.595313 0.271094 0.589062 0.2625 0.580469 0.244531 0.564844 0.23046899999999998 0.553125 0.22343799999999997 0.550781 0.224219 0.549219 0.228906 0.55 0.23671899999999998 0.559375 0.25
1 0.46796899999999997 0.914062 0.466406 0.9210940000000001 0.480469 0.9289059999999999 0.490625 0.932813 0.500781 0.934375 0.50625 0.932813 0.486719 0.9070309999999999 0.478906 0.902344 0.466406 0.901563 0.449219 0.907813 0.450781 0.909375 0.466406 0.910156 0.46796899999999997 0.914062
0 0.9210940000000001 0.0625 0.9195309999999999 0.060937 0.925781 0.05 0.925 0.047656 0.921875 0.047656 0.9125 0.058594 0.9070309999999999 0.057031 0.901563 0.060937 0.8804690000000001 0.060156 0.8679690000000001 0.064062 0.854687 0.071875 0.8429690000000001 0.084375 0.847656 0.088281 0.863281 0.08984400000000001 0.88125 0.089063 0.9117190000000001 0.080469 0.915625 0.077344 0.9195309999999999 0.077344 0.9445309999999999 0.091406 0.957031 0.09375 0.9617190000000001 0.073438 0.967187 0.059375 0.965625 0.05625 0.945312 0.053905999999999996 0.9210940000000001 0.0625
0 0.686719 0.15625 0.707031 0.157812 0.708594 0.170313 0.724219 0.182031 0.730469 0.182031 0.729687 0.172656 0.721094 0.157031 0.709375 0.142187 0.702344 0.13671899999999998 0.692188 0.133594 0.676563 0.133594 0.66875 0.1375 0.66875 0.145313 0.673438 0.150781 0.686719 0.15625
0 0.780469 0.2 0.776562 0.215625 0.767969 0.225 0.764844 0.233594 0.752344 0.234375 0.735938 0.23828100000000002 0.724219 0.24375 0.714062 0.253125 0.710938 0.25781200000000004 0.708594 0.267188 0.709375 0.272656 0.711719 0.275 0.721094 0.275 0.729687 0.271875 0.742188 0.26484399999999997 0.757812 0.252344 0.767969 0.246875 0.7796879999999999 0.24609399999999998 0.7875 0.239844 0.79375 0.22968700000000003 0.789844 0.22109399999999998 0.791406 0.219531 0.797656 0.22109399999999998 0.803125 0.220312 0.8070309999999999 0.217188 0.808594 0.211719 0.8109379999999999 0.210156 0.8109379999999999 0.204687 0.8054690000000001 0.203125 0.8039059999999999 0.20078100000000002 0.803125 0.18359399999999998 0.800781 0.180469 0.792187 0.182812 0.784375 0.192188 0.780469 0.2
0 0.794531 0.23125 0.8023440000000001 0.235937 0.8070309999999999 0.235937 0.808594 0.23828100000000002 0.809375 0.24765600000000002 0.8070309999999999 0.25 0.8023440000000001 0.248438 0.797656 0.25468799999999997 0.7984370000000001 0.260156 0.801563 0.26093700000000003 0.8054690000000001 0.265625 0.804688 0.28046899999999997 0.807812 0.29609399999999997 0.8125 0.30468799999999996 0.8210940000000001 0.314063 0.8296870000000001 0.32031200000000004 0.8351559999999999 0.321094 0.8382809999999999 0.317969 0.839844 0.310937 0.840625 0.288281 0.834375 0.26640600000000003 0.824219 0.25 0.817188 0.24375 0.817188 0.235937 0.8132809999999999 0.23125 0.8132809999999999 0.228125 0.800781 0.220312 0.792187 0.22109399999999998 0.790625 0.225 0.792969 0.226562 0.794531 0.23125
0 0.8585940000000001 0.35 0.8726559999999999 0.357812 0.889297 0.36046900000000004 0.87375 0.383516 0.897187 0.365703 0.9070309999999999 0.359375 0.9125 0.353125 0.914062 0.346875 0.9132809999999999 0.340625 0.8914059999999999 0.317969 0.884375 0.299219 0.8804690000000001 0.298438 0.8726559999999999 0.307031 0.8585940000000001 0.303906 0.8414059999999999 0.30468799999999996 0.839062 0.32031200000000004 0.8414059999999999 0.32890600000000003 0.8585940000000001 0.35
1 0.8414059999999999 0.42656299999999997 0.8625 0.427344 0.865625 0.423438 0.859375 0.419531 0.8429690000000001 0.41406200000000004 0.8289059999999999 0.413281 0.823437 0.414844 0.820312 0.410156 0.8179690000000001 0.410156 0.809375 0.427344 0.809375 0.432031 0.8148440000000001 0.43281200000000003 0.8210940000000001 0.42968799999999996 0.8414059999999999 0.42656299999999997
0 0.622656 0.8132809999999999 0.610938 0.8125 0.603906 0.815625 0.582031 0.81875 0.572656 0.8257809999999999 0.56875 0.821875 0.557812 0.817187 0.547656 0.8179690000000001 0.525781 0.815625 0.5125 0.816406 0.507812 0.81875 0.528906 0.83125 0.532813 0.8304690000000001 0.54375 0.8351559999999999 0.557031 0.8367190000000001 0.560156 0.839063 0.564063 0.835938 0.56875 0.8382809999999999 0.572656 0.835938 0.579688 0.8445309999999999 0.595313 0.8492190000000001 0.6125 0.8492190000000001 0.632812 0.839063 0.646875 0.8257809999999999 0.65 0.8179690000000001 0.642969 0.814063 0.627344 0.810937 0.622656 0.8132809999999999
0 0.64375 0.879687 0.646094 0.896875 0.65625 0.9117190000000001 0.653906 0.9195309999999999 0.648438 0.923438 0.648438 0.9289059999999999 0.646484 0.944844 0.643594 0.9624219999999999 0.657031 0.9445309999999999 0.660938 0.941406 0.666406 0.921875 0.666406 0.9148440000000001 0.673438 0.90625 0.675781 0.8976559999999999 0.675781 0.8875 0.672656 0.875 0.6625 0.855469 0.658594 0.851562 0.655469 0.853125 0.65 0.8617190000000001 0.64375 0.879687
0 0.39843799999999996 0.688281 0.392969 0.69375 0.389062 0.702344 0.36015600000000003 0.701562 0.3375 0.703125 0.31328100000000003 0.7125 0.29765600000000003 0.721094 0.28125 0.739062 0.278906 0.747656 0.275781 0.751563 0.276563 0.754687 0.284375 0.757812 0.30625 0.760156 0.317187 0.759375 0.342187 0.753125 0.359375 0.744531 0.370313 0.732031 0.390625 0.715625 0.403906 0.722656 0.41406200000000004 0.721875 0.423438 0.717969 0.43828100000000003 0.707812 0.441406 0.702344 0.446875 0.697656 0.447656 0.692969 0.428125 0.685156 0.40546899999999997 0.685156 0.39843799999999996 0.688281
0 0.524219 0.640625 0.525 0.669531 0.535156 0.694531 0.542969 0.701562 0.545312 0.708594 0.540625 0.714063 0.532031 0.735938 0.529687 0.747656 0.530469 0.76875 0.536719 0.789844 0.542187 0.789062 0.545312 0.786719 0.548438 0.776563 0.55625 0.764062 0.560937 0.742969 0.560937 0.722656 0.557031 0.708594 0.550781 0.704688 0.559375 0.695312 0.561719 0.688281 0.561719 0.649219 0.557031 0.635156 0.548438 0.621094 0.546094 0.610938 0.542187 0.608594 0.5375 0.610938 0.533594 0.617188 0.524219 0.640625
2 0.39140600000000003 0.461719 0.397656 0.465625 0.404687 0.465625 0.42265600000000003 0.459375 0.428125 0.454688 0.396094 0.454688 0.392188 0.457031 0.39140600000000003 0.461719
2 0.196875 0.11875 0.192969 0.126562 0.19140600000000002 0.139844 0.19531199999999999 0.139844 0.202344 0.12890600000000002 0.22343700000000002 0.10625 0.234375 0.1 0.2375 0.095312 0.23046899999999998 0.09375 0.2125 0.1 0.196875 0.11875