1 0.096328 0.960469 0.080625 0.962266 0.063125 0.965391 0.046094 0.972109 0.053125 0.984453 0.066328 1 0.062656 0.979688 0.096875 0.9773440000000001 0.13125 0.967187 0.125781 0.9632809999999999 0.117188 0.960938 0.096328 0.960469
1 0.9375 0.083594 0.898438 0.091406 0.8882809999999999 0.095312 0.8609370000000001 0.096875 0.853125 0.092969 0.828125 0.089063 0.8257809999999999 0.091406 0.8179690000000001 0.0875 0.791406 0.0875 0.789062 0.090625 0.788281 0.096875 0.79375 0.10234399999999999 0.8101559999999999 0.10625 0.846875 0.10703100000000002 0.8601559999999999 0.10234399999999999 0.8992190000000001 0.104688 0.93125 0.10078100000000001 0.9476559999999999 0.09375 0.951562 0.09375 0.953125 0.0875 0.948438 0.083594 0.9375 0.083594
1 0.894531 0.23906299999999997 0.89375 0.227344 0.8890629999999999 0.21406200000000003 0.8820309999999999 0.203125 0.8664059999999999 0.186719 0.8422660000000001 0.17124999999999999 0.850703 0.161875 0.861328 0.150703 0.879922 0.128047 0.848594 0.148594 0.8539059999999999 0.12890600000000002 0.8523440000000001 0.110937 0.85 0.108594 0.8453120000000001 0.108594 0.84375 0.110156 0.8429690000000001 0.12265600000000002 0.835938 0.146875 0.8296870000000001 0.159375 0.820312 0.172656 0.8195309999999999 0.178125 0.8226559999999999 0.182031 0.821875 0.185938 0.8265629999999999 0.185938 0.834375 0.189062 0.853125 0.204687 0.8601559999999999 0.21640600000000002 0.870312 0.228125 0.8820309999999999 0.249219 0.884375 0.251563 0.8890629999999999 0.251563 0.8929690000000001 0.246875 0.894531 0.23906299999999997
1 1 0.28203100000000003 0.9929690000000001 0.28125 0.978125 0.283594 0.9304690000000001 0.282813 0.9203129999999999 0.286719 0.9242190000000001 0.291406 0.9429690000000001 0.295312 0.960938 0.30156299999999997 1 0.305469 1 0.28203100000000003
1 1 0.34296899999999997 0.9929690000000001 0.34296899999999997 0.9851559999999999 0.346094 0.9710940000000001 0.355469 0.965625 0.369531 0.975 0.369531 0.9867190000000001 0.36406299999999997 0.9914059999999999 0.357031 1 0.35625 1 0.34296899999999997
1 0.9375 0.31328100000000003 0.929688 0.321094 0.8929690000000001 0.36875 0.890625 0.376563 0.8835940000000001 0.389062 0.879687 0.407813 0.8695309999999999 0.428125 0.871094 0.42968799999999996 0.8773440000000001 0.430469 0.882812 0.428125 0.895312 0.416406 0.9078120000000001 0.38984399999999997 0.915625 0.4 0.917969 0.4 0.91875 0.396094 0.9164059999999999 0.392188 0.915625 0.38281200000000004 0.910156 0.36875 0.910156 0.364844 0.929688 0.35 0.9445309999999999 0.333594 0.954688 0.314844 0.951562 0.30625 0.948438 0.309375 0.9375 0.31328100000000003
1 0.825 0.367969 0.820312 0.37421899999999997 0.801563 0.383594 0.797656 0.388281 0.7953129999999999 0.396875 0.7984370000000001 0.39843799999999996 0.807812 0.397656 0.823437 0.390625 0.83125 0.385156 0.834375 0.376563 0.8601559999999999 0.37031200000000003 0.8609370000000001 0.367969 0.8585940000000001 0.364844 0.825 0.367969
1 0.79375 0.009375 0.7828120000000001 0.032812999999999995 0.7828120000000001 0.040625 0.777344 0.064062 0.778125 0.075781 0.776562 0.078906 0.776562 0.088281 0.770313 0.099219 0.76875 0.15859399999999998 0.771094 0.164844 0.770313 0.182812 0.7671870000000001 0.189062 0.7671870000000001 0.198437 0.770313 0.202344 0.776562 0.202344 0.7796879999999999 0.19921899999999998 0.78125 0.18984399999999998 0.792969 0.163281 0.796094 0.14453100000000002 0.796094 0.12265600000000002 0.792969 0.107813 0.7875 0.099219 0.785156 0.071094 0.791406 0.060937 0.792187 0.055469000000000004 0.7953129999999999 0.053905999999999996 0.7953129999999999 0.049219 0.7984370000000001 0.046094 0.799219 0.032812999999999995 0.801563 0.029687 0.801563 0.017969 0.8039059999999999 0.015625 0.803125 0.007031 0.796875 0.007031 0.79375 0.009375
1 0.696875 0.045312000000000005 0.689063 0.05 0.680469 0.059375 0.667969 0.0625 0.658594 0.071875 0.65 0.077344 0.65 0.079687 0.642188 0.091406 0.642188 0.096094 0.652344 0.095312 0.653125 0.092188 0.667187 0.078125 0.676563 0.072656 0.685156 0.061719 0.691406 0.060937 0.696875 0.055469000000000004 0.701562 0.053905999999999996 0.703906 0.050781 0.703906 0.046875 0.702344 0.045312000000000005 0.696875 0.045312000000000005
1 0.569531 0.091406 0.565625 0.08984400000000001 0.553125 0.072656 0.536719 0.057813 0.53125 0.055469000000000004 0.526562 0.05625 0.528906 0.065625 0.54375 0.083594 0.54375 0.088281 0.55 0.10078100000000001 0.573437 0.10078100000000001 0.58125 0.096094 0.580469 0.091406 0.569531 0.091406
1 0.536719 0.161719 0.520313 0.178125 0.496875 0.209375 0.486719 0.228125 0.475781 0.234375 0.458594 0.249219 0.44531200000000004 0.271094 0.446875 0.27343799999999996 0.451562 0.275781 0.45625 0.272656 0.46796899999999997 0.26093700000000003 0.485938 0.249219 0.492969 0.241406 0.497656 0.239844 0.501563 0.232813 0.502344 0.227344 0.507812 0.224219 0.514062 0.22343799999999997 0.514844 0.220312 0.530469 0.20546899999999998 0.536719 0.19375 0.548438 0.180469 0.554688 0.166406 0.553125 0.157812 0.544531 0.15625 0.536719 0.161719
1 0.43671899999999997 0.024218999999999997 0.432031 0.025 0.42265600000000003 0.030469000000000003 0.414844 0.038280999999999996 0.407813 0.05 0.407813 0.057031 0.413281 0.057031 0.420312 0.053905999999999996 0.432031 0.042187999999999996 0.442969 0.041406 0.446094 0.046875 0.451562 0.046875 0.454688 0.040625 0.440625 0.025781 0.43671899999999997 0.024218999999999997
1 0.40625 0.10703100000000002 0.40703100000000003 0.103125 0.388281 0.10078100000000001 0.383594 0.103125 0.382031 0.108594 0.385156 0.11171899999999998 0.40703100000000003 0.121094 0.4225 0.126562 0.414844 0.115625 0.413281 0.11171899999999998 0.40625 0.10703100000000002
1 0.48515600000000003 0.30781200000000003 0.455469 0.279687 0.416406 0.25468799999999997 0.410156 0.253125 0.39375 0.253125 0.385938 0.249219 0.377344 0.23906299999999997 0.372656 0.242969 0.361719 0.242969 0.329688 0.227344 0.323438 0.21640600000000002 0.31171899999999997 0.208594 0.299219 0.208594 0.299219 0.213281 0.308594 0.22265600000000002 0.31171899999999997 0.228125 0.32734399999999997 0.244531 0.3375 0.252344 0.364844 0.264062 0.3875 0.267188 0.390625 0.271875 0.390625 0.275 0.396875 0.28125 0.401563 0.282813 0.410156 0.292969 0.41875 0.29765600000000003 0.428906 0.30781200000000003 0.457812 0.32734399999999997 0.478906 0.33906200000000003 0.494531 0.346094 0.503906 0.346094 0.501563 0.336719 0.48515600000000003 0.30781200000000003
1 0.210156 0.028905999999999998 0.197656 0.025 0.18984399999999998 0.025 0.185937 0.019531 0.178906 0.019531 0.17421899999999998 0.016406 0.16875 0.017969 0.164844 0.028905999999999998 0.171875 0.03125 0.173438 0.033594 0.192969 0.035156 0.20468799999999998 0.039062 0.21875 0.0375 0.217969 0.032812999999999995 0.210156 0.028905999999999998
1 0.252344 0.282813 0.241406 0.279687 0.216094 0.273906 0.2375 0.271094 0.21640600000000002 0.26875 0.196094 0.27031299999999997 0.192969 0.267969 0.189063 0.259375 0.17421899999999998 0.24765600000000002 0.16015600000000002 0.242969 0.147656 0.235937 0.13671899999999998 0.235937 0.142188 0.24609399999999998 0.161719 0.25781200000000004 0.16875 0.264062 0.180469 0.269531 0.1875 0.278906 0.198438 0.2875 0.228125 0.299219 0.23828100000000002 0.30156299999999997 0.25781200000000004 0.302344 0.264062 0.299219 0.260938 0.28906200000000004 0.252344 0.282813
1 0.14843800000000001 0.255469 0.13125 0.260156 0.11953100000000001 0.271875 0.11640600000000001 0.285156 0.10234399999999999 0.2875 0.094531 0.29218700000000003 0.092969 0.308594 0.099219 0.325781 0.10234399999999999 0.321094 0.101562 0.309375 0.103125 0.30468799999999996 0.113281 0.295312 0.124219 0.294531 0.126563 0.28906200000000004 0.139062 0.278125 0.14296899999999998 0.278906 0.146875 0.275 0.15859399999999998 0.27031299999999997 0.161719 0.265625 0.165625 0.264062 0.163281 0.258594 0.15859399999999998 0.255469 0.14843800000000001 0.255469
1 0.030469000000000003 0.24609399999999998 0.017969 0.265625 0.014844 0.278125 0.015625 0.28046899999999997 0.021875 0.28046899999999997 0.026562999999999996 0.275781 0.03125 0.267188 0.05625 0.2375 0.060937 0.228125 0.05625 0.228125 0.030469000000000003 0.24609399999999998
1 0.021093999999999998 0.12265600000000002 0.015625 0.20703100000000002 0.017188000000000002 0.209375 0.021875 0.209375 0.03125 0.19375 0.038280999999999996 0.173437 0.041406 0.15859399999999998 0.039844000000000004 0.12734399999999998 0.0375 0.11796899999999999 0.033594 0.114062 0.025781 0.115625 0.021093999999999998 0.12265600000000002
1 0.057733999999999994 0.051483999999999995 0.049686999999999995 0.058906 0.044063000000000005 0.067187 0.038125 0.07718699999999999 0.034219 0.084531 0.034219 0.09023400000000001 0.034921999999999995 0.091563 0.0375 0.092969 0.041406 0.092969 0.045312000000000005 0.08984400000000001 0.051562 0.076563 0.055469000000000004 0.072656 0.059688 0.06304699999999999 0.071016 0.049844 0.07656199999999999 0.0375 0.06601599999999999 0.044766 0.057733999999999994 0.051483999999999995
1 0.10273399999999999 0.477344 0.095859 0.47765599999999997 0.082578 0.48054699999999995 0.059766 0.48601599999999995 0.059609 0.48914099999999994 0.06875 0.490313 0.078203 0.490313 0.0875 0.49218799999999996 0.108594 0.49218799999999996 0.1125 0.490625 0.117188 0.48359399999999997 0.132031 0.482812 0.135938 0.478125 0.11640600000000001 0.475781 0.10273399999999999 0.477344
1 0.04375 0.55625 0.05 0.557031 0.048281000000000004 0.565156 0.046094 0.577344 0.048437999999999995 0.585938 0.053905999999999996 0.575 0.05625 0.564063 0.060937 0.557813 0.0625 0.546875 0.060937 0.545312 0.051562 0.548438 0.04375 0.55625
1 0 0.625781 0.009375 0.63125 0.032031 0.654687 0.035937000000000004 0.654687 0.033594 0.645312 0.017188000000000002 0.621875 0.014062 0.614844 0.010156 0.610156 0 0.608594 0 0.625781
1 0.096094 0.783594 0.071094 0.782031 0.05625 0.777344 0.051562 0.782813 0.052344 0.786719 0.05 0.796094 0.05406300000000001 0.802031 0.057031 0.79375 0.058436999999999996 0.7880469999999999 0.069531 0.795312 0.09375 0.796875 0.109375 0.79375 0.115625 0.790625 0.11171899999999998 0.786719 0.096094 0.783594
1 0.275781 0.6344529999999999 0.27718699999999996 0.648359 0.277422 0.660078 0.275 0.670312 0.272656 0.683594 0.269531 0.690625 0.26875 0.701562 0.286172 0.72 0.29609399999999997 0.735078 0.306094 0.760156 0.312344 0.7704690000000001 0.305547 0.7367969999999999 0.296016 0.712969 0.278906 0.703125 0.277344 0.701562 0.290625 0.692187 0.29609399999999997 0.679688 0.29765600000000003 0.66875 0.296875 0.649219 0.283594 0.608594 0.278672 0.602734 0.275781 0.6344529999999999
1 0.432031 0.635156 0.408594 0.610938 0.400781 0.605469 0.380469 0.596875 0.376563 0.596875 0.36875 0.600781 0.36718799999999996 0.598437 0.36718799999999996 0.591406 0.359375 0.582031 0.354688 0.582031 0.35156200000000004 0.579688 0.333594 0.575 0.324219 0.575781 0.317969 0.574219 0.317969 0.576562 0.323438 0.577344 0.326562 0.580469 0.340625 0.585156 0.359375 0.595313 0.36718799999999996 0.603906 0.36718799999999996 0.607812 0.372656 0.613281 0.378125 0.614844 0.396875 0.626563 0.42265600000000003 0.646875 0.4375 0.654687 0.444531 0.654687 0.44375 0.65 0.432031 0.635156
1 0.49218799999999996 0.839844 0.48515600000000003 0.8226559999999999 0.475 0.804688 0.453125 0.776563 0.440625 0.771875 0.42968799999999996 0.764844 0.421875 0.752344 0.419531 0.739844 0.41406200000000004 0.735156 0.41406200000000004 0.732031 0.40546899999999997 0.721875 0.397656 0.708594 0.392188 0.707031 0.392188 0.710938 0.397656 0.725 0.402344 0.732031 0.403906 0.739844 0.427344 0.767188 0.426562 0.772656 0.42968799999999996 0.786719 0.46093799999999996 0.8257809999999999 0.464063 0.832812 0.472656 0.842187 0.489844 0.8679690000000001 0.494531 0.86875 0.496875 0.860938 0.49218799999999996 0.839844
1 0.341406 0.285156 0.32890600000000003 0.288047 0.321875 0.29218700000000003 0.310156 0.294531 0.302187 0.30062500000000003 0.295312 0.298438 0.2975 0.306875 0.30375 0.309766 0.305937 0.315078 0.305547 0.326797 0.310937 0.31171899999999997 0.314063 0.30781200000000003 0.322656 0.303906 0.332031 0.302344 0.338281 0.29765600000000003 0.34296899999999997 0.296875 0.353906 0.2875 0.37210899999999997 0.271719 0.354453 0.277188 0.341406 0.285156
1 0.373437 0.36015600000000003 0.357812 0.35156200000000004 0.35 0.35156200000000004 0.347656 0.349219 0.346094 0.342187 0.326562 0.32734399999999997 0.314844 0.32343700000000003 0.309375 0.32343700000000003 0.301562 0.329688 0.305469 0.334375 0.310156 0.335156 0.341406 0.36015600000000003 0.350781 0.35859399999999997 0.359375 0.363281 0.363281 0.367969 0.377344 0.378125 0.383594 0.377344 0.38125 0.371094 0.373437 0.36015600000000003
1 0.403906 0.43671899999999997 0.37578100000000003 0.430469 0.369531 0.420312 0.361719 0.417969 0.332031 0.397656 0.316406 0.392188 0.310937 0.392188 0.308594 0.394531 0.31171899999999997 0.400781 0.325781 0.4125 0.35 0.42656299999999997 0.357031 0.428906 0.365625 0.428906 0.375 0.439844 0.388281 0.442969 0.404687 0.44375 0.40546899999999997 0.439063 0.403906 0.43671899999999997
1 0.485938 0.5625 0.47656200000000004 0.54375 0.458594 0.520312 0.450781 0.516406 0.440625 0.503906 0.439063 0.496875 0.444531 0.4875 0.444531 0.474219 0.433594 0.447656 0.423438 0.434375 0.409375 0.420312 0.4 0.415625 0.4 0.432031 0.417969 0.4625 0.420312 0.471875 0.425781 0.482031 0.427344 0.49375 0.435156 0.504687 0.439063 0.517969 0.449219 0.53125 0.457812 0.548438 0.467187 0.561719 0.482812 0.577344 0.490625 0.580469 0.488281 0.564063 0.485938 0.5625
1 0.6875 0.542969 0.6875 0.536719 0.682812 0.517188 0.671875 0.490625 0.659375 0.478906 0.664844 0.46406200000000003 0.664062 0.44843700000000003 0.665625 0.43828100000000003 0.664062 0.435937 0.660938 0.435937 0.65625 0.44218799999999997 0.652344 0.4625 0.653906 0.474219 0.653125 0.4875 0.65625 0.504687 0.669531 0.538281 0.675 0.547656 0.682031 0.551562 0.685937 0.548438 0.6875 0.542969
1 0.7 0.425 0.6875 0.42109399999999997 0.677344 0.420312 0.667187 0.411719 0.648438 0.40625 0.639062 0.407813 0.639062 0.409375 0.64375 0.41093799999999997 0.657031 0.421875 0.661719 0.42265600000000003 0.671094 0.430469 0.685156 0.43828100000000003 0.710938 0.44531200000000004 0.714062 0.44375 0.7125 0.434375 0.7 0.425
1 0.635156 0.349219 0.6375 0.360938 0.642188 0.367969 0.646875 0.367969 0.649219 0.365625 0.649219 0.349219 0.646875 0.34296899999999997 0.642188 0.34296899999999997 0.635156 0.349219
1 0.560156 0.424219 0.528906 0.459375 0.526562 0.471875 0.507812 0.485938 0.49593699999999996 0.5067969999999999 0.490313 0.514141 0.488281 0.521875 0.486172 0.534297 0.49124999999999996 0.532813 0.497656 0.529687 0.5001559999999999 0.525391 0.5047659999999999 0.520625 0.508594 0.517109 0.513594 0.508203 0.519922 0.497813 0.532031 0.48515600000000003 0.534375 0.478125 0.558047 0.45875000000000005 0.573203 0.44132800000000005 0.582344 0.429609 0.580469 0.425781 0.580469 0.41875 0.577344 0.415625 0.567969 0.417969 0.560156 0.424219
1 1 0.44531200000000004 0.990625 0.44531200000000004 0.9835940000000001 0.442969 0.9835940000000001 0.43828100000000003 0.9867190000000001 0.434375 0.988281 0.428125 0.988281 0.415625 0.9867190000000001 0.414844 0.9773440000000001 0.43671899999999997 0.973438 0.440625 0.9367190000000001 0.439844 0.925 0.446875 0.9273440000000001 0.451562 0.9351559999999999 0.451562 0.9445309999999999 0.45625 0.9585940000000001 0.460156 0.9617190000000001 0.463281 0.959375 0.47656200000000004 0.959375 0.49921899999999997 0.9617190000000001 0.503125 0.967187 0.49921899999999997 0.971875 0.4875 0.979687 0.478906 0.9820309999999999 0.46796899999999997 0.9875 0.463281 0.988281 0.458594 1 0.455469 1 0.44531200000000004
1 0.980469 0.561719 0.967187 0.55 0.9617190000000001 0.547656 0.957031 0.548438 0.960938 0.55625 0.9695309999999999 0.564063 0.9859370000000001 0.584375 0.990625 0.585156 0.990625 0.579688 0.980469 0.561719
1 0.909375 0.575781 0.9070309999999999 0.582031 0.9078120000000001 0.585938 0.9132809999999999 0.584375 0.93125 0.564063 0.932813 0.560937 0.9320309999999999 0.552344 0.926562 0.551562 0.909375 0.575781
1 0.879687 0.53125 0.859375 0.550781 0.846875 0.555469 0.83125 0.55625 0.832813 0.560937 0.835938 0.5625 0.839844 0.572656 0.840625 0.592187 0.8351559999999999 0.616406 0.8296870000000001 0.625781 0.8265629999999999 0.638281 0.823437 0.642188 0.825 0.648438 0.8296870000000001 0.651563 0.834375 0.652344 0.84375 0.646094 0.853125 0.628125 0.8585940000000001 0.6125 0.859375 0.592187 0.8578129999999999 0.583594 0.8507809999999999 0.570312 0.8453120000000001 0.567969 0.8453120000000001 0.564844 0.847656 0.563281 0.8617190000000001 0.5625 0.8773440000000001 0.552344 0.8875 0.538281 0.8929690000000001 0.527344 0.894531 0.517969 0.8929690000000001 0.514844 0.884375 0.521094 0.879687 0.53125
1 0.9304690000000001 0.700781 0.925 0.691406 0.9195309999999999 0.688281 0.9132809999999999 0.692969 0.910937 0.698438 0.9195309999999999 0.705469 0.921875 0.716406 0.9273440000000001 0.721094 0.93125 0.721094 0.932813 0.711719 0.9304690000000001 0.700781
1 1 0.730469 0.9898440000000001 0.734375 0.9789059999999999 0.742969 0.9617190000000001 0.752344 0.951562 0.755469 0.9382809999999999 0.755469 0.9367190000000001 0.760156 0.942187 0.76875 0.94375 0.775781 0.942187 0.779687 0.945312 0.7875 0.945312 0.801562 0.946875 0.8039059999999999 0.953125 0.792969 0.9554690000000001 0.778125 0.959375 0.775781 0.959375 0.771875 0.970313 0.767188 0.973438 0.763281 1 0.746875 1 0.730469
1 0.797656 0.609375 0.7953129999999999 0.604688 0.796094 0.599219 0.794531 0.596875 0.796094 0.592969 0.794531 0.5875 0.796094 0.575 0.79375 0.56875 0.790625 0.566406 0.78125 0.596094 0.789062 0.603906 0.790625 0.614844 0.796094 0.617188 0.797656 0.616406 0.797656 0.609375
1 0.78125 0.638281 0.780469 0.626563 0.759375 0.625781 0.747656 0.628125 0.717969 0.638281 0.704688 0.646094 0.70625 0.648438 0.710156 0.649219 0.7515620000000001 0.647656 0.772656 0.639062 0.778906 0.646094 0.780469 0.65 0.7796879999999999 0.654687 0.7828120000000001 0.658594 0.7875 0.657031 0.789062 0.650781 0.786719 0.642188 0.78125 0.638281
1 0.772656 0.746875 0.771875 0.763281 0.764844 0.782813 0.7671870000000001 0.785156 0.7796879999999999 0.7875 0.780469 0.783594 0.783594 0.780469 0.785938 0.76875 0.784375 0.7375 0.780469 0.732812 0.776562 0.735156 0.772656 0.746875
1 0.770313 0.828125 0.760156 0.8226559999999999 0.753125 0.815625 0.732812 0.801562 0.725 0.799219 0.713281 0.775781 0.708594 0.773438 0.707813 0.789062 0.710938 0.803125 0.728906 0.820312 0.7671870000000001 0.845313 0.778125 0.847656 0.784375 0.847656 0.786719 0.8460940000000001 0.785156 0.8414059999999999 0.770313 0.828125
1 0.707813 0.9757809999999999 0.708594 0.957812 0.705469 0.9367190000000001 0.703125 0.9289059999999999 0.695781 0.9152340000000001 0.697656 0.9054690000000001 0.699844 0.886328 0.699766 0.872109 0.693125 0.891094 0.683594 0.9117190000000001 0.683594 0.920312 0.691406 0.953125 0.692188 0.967187 0.696094 0.982812 0.695312 0.990625 0.696875 0.9929690000000001 0.697969 0.9978910000000001 0.7039839999999999 0.9989060000000001 0.7055469999999999 0.988203 0.707813 0.9757809999999999
1 0.8179690000000001 0.957812 0.8070309999999999 0.951562 0.799219 0.95 0.782031 0.95 0.771094 0.9585940000000001 0.771094 0.960938 0.773438 0.9625 0.792969 0.960938 0.808594 0.9632809999999999 0.820312 0.96875 0.828125 0.9695309999999999 0.832813 0.967187 0.8265629999999999 0.9601559999999999 0.8179690000000001 0.957812
1 0.6625 0.625781 0.627344 0.607031 0.621094 0.607031 0.621875 0.611719 0.65 0.635938 0.655469 0.638281 0.664844 0.634375 0.664844 0.629687 0.6625 0.625781
1 0.724219 0.670312 0.710156 0.657813 0.700781 0.652344 0.696094 0.652344 0.684375 0.65625 0.676563 0.661719 0.694531 0.675 0.717187 0.6875 0.732812 0.703125 0.740625 0.707031 0.739063 0.692969 0.724219 0.670312
1 0.753906 0.572656 0.7375 0.563281 0.732812 0.558594 0.703125 0.553906 0.701562 0.552344 0.692969 0.554688 0.694531 0.560937 0.700781 0.563281 0.716406 0.577344 0.728906 0.583594 0.732031 0.588281 0.739844 0.590625 0.753125 0.590625 0.757031 0.5875 0.757812 0.578906 0.753906 0.572656
1 0.674219 0.324219 0.655469 0.33281299999999997 0.650781 0.3375 0.649219 0.342187 0.653906 0.34453100000000003 0.664062 0.34375 0.697656 0.332031 0.700781 0.329688 0.701562 0.325781 0.699219 0.32343700000000003 0.674219 0.324219
1 0.679688 0.890625 0.678906 0.876563 0.675 0.8625 0.65625 0.8273440000000001 0.644531 0.810937 0.627344 0.796094 0.622656 0.796094 0.622656 0.803125 0.629688 0.8195309999999999 0.630469 0.828125 0.638281 0.839844 0.639844 0.8460940000000001 0.645313 0.8539059999999999 0.647656 0.8617190000000001 0.660938 0.885938 0.664062 0.8976559999999999 0.669531 0.901563 0.672656 0.9007809999999999 0.677344 0.8960940000000001 0.679688 0.890625
1 0.585859 0.8113279999999999 0.583594 0.8195309999999999 0.578906 0.8382809999999999 0.578906 0.8523440000000001 0.571875 0.864062 0.566406 0.890625 0.564063 0.9210940000000001 0.561719 0.928125 0.561719 0.9382809999999999 0.564063 0.9476559999999999 0.575781 0.941406 0.58125 0.9351559999999999 0.589062 0.9132809999999999 0.589844 0.882812 0.585938 0.851562 0.592031 0.8378909999999999 0.594297 0.828125 0.596094 0.8210940000000001 0.5985940000000001 0.817109 0.599219 0.810937 0.6075 0.780234 0.599141 0.790312 0.5948439999999999 0.794297 0.592187 0.800938 0.585859 0.8113279999999999
1 0.335156 0.783594 0.31875 0.79375 0.295312 0.801562 0.282813 0.800781 0.282813 0.8070309999999999 0.289844 0.8117190000000001 0.29609399999999997 0.8257809999999999 0.29375 0.842187 0.299219 0.842187 0.302344 0.8335940000000001 0.305469 0.83125 0.302344 0.8257809999999999 0.305469 0.815625 0.322656 0.8195309999999999 0.329688 0.810937 0.34375 0.8023440000000001 0.352344 0.79375 0.352344 0.788281 0.339844 0.783594 0.335156 0.783594
1 0.23671899999999998 0.753906 0.23281200000000002 0.760938 0.19921899999999998 0.790625 0.19531199999999999 0.797656 0.196094 0.801562 0.19921899999999998 0.8023440000000001 0.225781 0.79375 0.235156 0.7875 0.24375 0.777344 0.24765600000000002 0.763281 0.244531 0.75 0.24609399999999998 0.748437 0.265625 0.749219 0.265625 0.742188 0.23671899999999998 0.74375 0.23671899999999998 0.753906
1 0.179531 0.306719 0.182813 0.300781 0.184375 0.294531 0.182031 0.290625 0.177344 0.290625 0.171094 0.295312 0.16953100000000002 0.299219 0.171094 0.315625 0.172656 0.31875 0.184375 0.31875 0.181953 0.311875 0.179531 0.306719
1 0.479688 0.163281 0.461719 0.182031 0.45234399999999997 0.197656 0.45390600000000003 0.19921899999999998 0.458594 0.198437 0.473437 0.189062 0.505469 0.15859399999999998 0.503906 0.15390600000000002 0.492969 0.15390600000000002 0.479688 0.163281
1 0.7515620000000001 0.835938 0.742188 0.8539059999999999 0.732031 0.8679690000000001 0.732031 0.873437 0.742188 0.873437 0.757812 0.8648440000000001 0.7640629999999999 0.8585940000000001 0.769531 0.845313 0.757812 0.8375 0.7515620000000001 0.835938
1 0.770313 0.809375 0.764844 0.8039059999999999 0.755469 0.800781 0.752344 0.804688 0.753906 0.817187 0.763281 0.826562 0.771875 0.8304690000000001 0.773438 0.821875 0.770313 0.809375
1 0.572656 0.632031 0.565625 0.622656 0.5625 0.622656 0.561719 0.627344 0.564063 0.63125 0.566406 0.647656 0.574219 0.648438 0.575781 0.64375 0.572656 0.632031
1 0.670312 0.690625 0.645313 0.691406 0.625781 0.699219 0.625 0.702344 0.630469 0.707031 0.642969 0.703906 0.664062 0.703906 0.678125 0.700781 0.680469 0.699219 0.68125 0.694531 0.678906 0.692187 0.670312 0.690625
1 0.80625 0.790625 0.8 0.7875 0.769531 0.783594 0.749219 0.778125 0.735156 0.777344 0.726562 0.778906 0.721094 0.782031 0.71875 0.785937 0.723438 0.792969 0.735156 0.800781 0.75 0.804688 0.760937 0.804688 0.771094 0.808594 0.792969 0.809375 0.800781 0.804688 0.807812 0.803125 0.8101559999999999 0.8 0.809375 0.794531 0.80625 0.790625
1 0.696875 0.76875 0.680469 0.757812 0.671094 0.747656 0.642969 0.739844 0.638281 0.740625 0.638281 0.746094 0.642188 0.752344 0.674219 0.780469 0.684375 0.785937 0.690625 0.785937 0.698437 0.78125 0.698437 0.771875 0.696875 0.76875
1 0.847656 0.664844 0.801563 0.629687 0.794531 0.610938 0.791406 0.607031 0.7875 0.608594 0.784375 0.607812 0.780469 0.603125 0.782031 0.599219 0.771094 0.598437 0.760156 0.59375 0.7515620000000001 0.595313 0.748437 0.592969 0.74375 0.592969 0.740625 0.595313 0.7375 0.603906 0.739844 0.605469 0.744531 0.615625 0.767969 0.628125 0.778906 0.642969 0.7828120000000001 0.64375 0.8101559999999999 0.664844 0.8375 0.682031 0.8609370000000001 0.689063 0.8679690000000001 0.685937 0.8664059999999999 0.682031 0.847656 0.664844
1 0.724219 0.610156 0.682812 0.628906 0.650781 0.640625 0.638281 0.648438 0.622656 0.653906 0.61875 0.658594 0.621875 0.663281 0.628125 0.664062 0.663281 0.663281 0.675 0.660937 0.698437 0.651563 0.710156 0.642188 0.719531 0.639062 0.736719 0.629687 0.740625 0.621094 0.739844 0.614844 0.736719 0.607812 0.724219 0.610156