1 0.20625 0.15 0.208594 0.154688 0.215625 0.157812 0.233594 0.158594 0.244531 0.152344 0.24531200000000003 0.146094 0.241406 0.142187 0.235156 0.142187 0.226562 0.139844 0.217969 0.139844 0.211719 0.142969 0.20703100000000002 0.147656
1 0.44531200000000004 0.186719 0.442969 0.185938 0.430469 0.194531 0.428125 0.199219 0.427344 0.213281 0.42109399999999997 0.220312 0.420312 0.22343799999999997 0.415625 0.226562 0.4125 0.233594 0.416406 0.234375 0.42265600000000003 0.226562 0.428125 0.224219 0.435937 0.22343799999999997 0.441406 0.220312 0.444531 0.210156 0.444531 0.199219 0.446094 0.192969
1 0.533594 0.165625 0.532813 0.175 0.535937 0.183594 0.54375 0.186719 0.551562 0.185938 0.550781 0.18125 0.548438 0.179688 0.547656 0.173437 0.545312 0.169531 0.538281 0.165625
1 0.575781 0.11171899999999998 0.572656 0.113281 0.572656 0.12265600000000002 0.582031 0.138281 0.582031 0.151562 0.584375 0.153906 0.589844 0.147656 0.589844 0.134375 0.592187 0.13125 0.592969 0.125781 0.585156 0.11640599999999998
1 0.538281 0.047656 0.538281 0.05 0.542188 0.054688 0.552344 0.063281 0.564063 0.064844 0.567969 0.067969 0.572656 0.06875 0.579688 0.064062 0.595313 0.064062 0.601562 0.060937 0.599219 0.058594 0.58125 0.054688 0.570312 0.055469000000000004 0.558594 0.046875 0.550781 0.044531 0.540625 0.044531
1 0.474219 0.075781 0.471094 0.080469 0.46953100000000003 0.085938 0.470313 0.092188 0.477344 0.101562 0.482812 0.10625 0.4875 0.107813 0.48359399999999997 0.1125 0.48125 0.11953100000000001 0.48125 0.136719 0.484375 0.14375 0.49375 0.15625 0.498437 0.157031 0.5 0.155469 0.500781 0.146094 0.498437 0.11640599999999998 0.501563 0.108594 0.507812 0.10390600000000001 0.50625 0.097656 0.501563 0.1 0.489844 0.096094 0.486719 0.09375 0.482031 0.094531 0.477344 0.091406 0.475781 0.085156 0.477344 0.078125
1 0.532813 0.428906 0.526563 0.42656299999999997 0.521094 0.427344 0.511719 0.432031 0.501563 0.440625 0.49375 0.439844 0.491406 0.441406 0.490625 0.451562 0.494531 0.459375 0.49375 0.467187 0.490625 0.474219 0.491406 0.478906 0.494531 0.47968700000000003 0.50625 0.47343799999999997 0.507812 0.46875 0.507812 0.454688 0.510938 0.451562 0.524219 0.44531200000000004 0.529687 0.439844 0.535156 0.432031
1 0.715625 0.259375 0.709375 0.25625 0.702344 0.255469 0.689844 0.261719 0.685156 0.261719 0.682031 0.266406 0.678906 0.278906 0.672656 0.288281 0.665625 0.294531 0.665625 0.296094 0.667188 0.297656 0.671094 0.297656 0.680469 0.292187 0.685156 0.288281 0.6875 0.28125 0.692187 0.275781 0.698438 0.273438 0.702344 0.270313 0.713281 0.266406 0.716406 0.264062
1 0.5875 0.224219 0.589844 0.227344 0.601562 0.235937 0.607031 0.235937 0.611719 0.2375 0.614844 0.240625 0.621875 0.240625 0.621094 0.23671899999999998 0.61875 0.235156 0.617969 0.23203100000000002 0.6125 0.221875 0.60625 0.215625 0.598437 0.21406200000000003 0.594531 0.21640600000000002
2 0.9375 0 0.932813 0 0.932813 0.002344 0.9242190000000001 0.011719 0.916406 0.013280999999999998 0.915625 0.017969 0.91875 0.020313 0.923438 0.020313 0.932031 0.014844 0.935937 0.009375
1 0.256172 0.847031 0.2425 0.840391 0.249531 0.847578 0.258594 0.85625 0.259375 0.8757810000000001 0.263281 0.8835940000000001 0.267969 0.884375 0.270313 0.880469 0.271875 0.8726559999999999 0.271094 0.845313 0.267969 0.8429689999999999
1 0.349219 0.8257809999999999 0.341406 0.826562 0.3125 0.8429689999999999 0.310156 0.845313 0.310937 0.853125 0.314844 0.85625 0.324219 0.8570309999999999 0.329688 0.85625 0.336719 0.8523440000000001 0.346094 0.839063 0.349219 0.8304690000000001
1 0.289062 0.671875 0.282813 0.671875 0.275 0.679688 0.271094 0.690625 0.271094 0.700781 0.277344 0.7 0.285156 0.692187 0.289844 0.674219
1 0.146875 0.677344 0.142187 0.678906 0.140625 0.682031 0.133594 0.6875 0.120313 0.690625 0.1125 0.699219 0.10703100000000002 0.710938 0.10625 0.721875 0.10703100000000002 0.725781 0.108594 0.727344 0.115625 0.726562 0.11953100000000001 0.723437 0.127344 0.708594 0.128125 0.7 0.136719 0.696094 0.142969 0.691406 0.146875 0.682813
1 0.135156 0.463281 0.132031 0.461719 0.126562 0.4625 0.121875 0.464844 0.117188 0.470313 0.11484399999999999 0.47968700000000003 0.109375 0.492969 0.109375 0.498437 0.110937 0.5 0.115625 0.497656 0.127344 0.486719 0.133594 0.475781 0.134375 0.471094 0.1375 0.467187
1 0.23046899999999998 0.511719 0.228125 0.509375 0.22109399999999998 0.50625 0.2125 0.50625 0.20781299999999997 0.508594 0.201563 0.514062 0.19375 0.516406 0.189844 0.520312 0.185156 0.522656 0.176563 0.532031 0.176563 0.535937 0.182031 0.536719 0.197656 0.532031 0.203906 0.532031 0.209375 0.533594 0.213281 0.528906 0.21640600000000002 0.520312 0.220312 0.517969 0.225 0.517969 0.226562 0.516406 0.228906 0.516406
1 0.067187 0.310156 0.064062 0.314844 0.0625 0.322656 0.064062 0.328906 0.067187 0.330469 0.075 0.338281 0.075781 0.342187 0.071094 0.345313 0.071094 0.348438 0.072656 0.35 0.073438 0.347656 0.076563 0.346094 0.078906 0.342187 0.080469 0.342187 0.08125 0.339062 0.084375 0.335156 0.085156 0.328125 0.082812 0.31875 0.073438 0.310937
2 0.120313 0.173437 0.123438 0.178125 0.130469 0.18125 0.136719 0.186719 0.139844 0.19375 0.151562 0.19375 0.152344 0.186719 0.15 0.183594 0.145313 0.182812 0.136719 0.175 0.129688 0.172656
2 0.123438 0.178906 0.120156 0.180859 0.11953100000000001 0.184219 0.118516 0.197656 0.11796900000000002 0.203906 0.123359 0.202891 0.12429700000000002 0.19375 0.125 0.1875 0.123438 0.185156 0.125781 0.18125
2 0.723437 0.465625 0.71875 0.466406 0.714844 0.471875 0.714063 0.484375 0.707812 0.49921899999999997 0.705469 0.501563 0.70625 0.503125 0.711719 0.503125 0.720313 0.496875 0.722656 0.488281 0.728125 0.48125 0.728125 0.474219 0.725781 0.467187
1 0.451562 0.3375 0.43281200000000003 0.346094 0.42265600000000003 0.353125 0.421875 0.360156 0.423438 0.364844 0.428125 0.363281 0.432031 0.364063 0.432031 0.3625 0.435937 0.359375 0.439844 0.360156 0.44531200000000004 0.35625 0.451562 0.342969
1 0.41234399999999993 0.3575 0.40742200000000006 0.355625 0.40218699999999996 0.353828 0.394453 0.3525 0.385937 0.357812 0.376563 0.359375 0.372188 0.359766 0.36875 0.361719 0.373437 0.3625 0.377422 0.364766 0.382031 0.365156 0.3875 0.364844 0.390625 0.366406 0.394531 0.371094 0.403125 0.371094 0.407813 0.369531 0.414844 0.361719 0.41648399999999997 0.356094
1 0.295312 0.083594 0.291406 0.084375 0.282813 0.092969 0.282813 0.110937 0.2875 0.109375 0.292969 0.104688 0.297656 0.096875 0.297656 0.091406