2 0.440625 0.225781 0.439844 0.228906 0.442969 0.2375 0.447656 0.242969 0.45 0.242969 0.451562 0.244531 0.453125 0.251563 0.458594 0.253125 0.463281 0.257031 0.471094 0.257812 0.471094 0.254688 0.467187 0.24765600000000002 0.467187 0.244531 0.44843700000000003 0.228125 0.44375 0.225781
1 0.9773440000000001 0.251563 0.970313 0.251563 0.9664059999999999 0.257031 0.9625 0.258594 0.9617190000000001 0.260937 0.95625 0.264844 0.954688 0.272656 0.951562 0.278906 0.942187 0.278125 0.928125 0.282031 0.925 0.285938 0.923438 0.290625 0.9242190000000001 0.296875 0.927344 0.299219 0.9367189999999999 0.296094 0.942969 0.297656 0.951562 0.297656 0.9554690000000001 0.292187 0.960938 0.289062 0.967187 0.288281 0.967187 0.279687 0.9710940000000001 0.273438 0.9710940000000001 0.267969 0.975 0.265625
1 0.660937 0.349219 0.661719 0.353906 0.675 0.360938 0.682031 0.363281 0.70625 0.3625 0.716406 0.357812 0.717187 0.353125 0.697656 0.349219 0.688281 0.349219 0.678125 0.346094 0.66875 0.346094
2 0.698438 0.489844 0.698438 0.494531 0.703125 0.504687 0.708594 0.510156 0.720313 0.515625 0.725 0.514062 0.727344 0.507812 0.727344 0.504687 0.725 0.5 0.71875 0.49921899999999997 0.711719 0.49375 0.703906 0.489844
2 0.591406 0.701562 0.588281 0.711719 0.588281 0.73125 0.592969 0.747656 0.596875 0.750781 0.6 0.750781 0.603906 0.740625 0.604688 0.728125 0.603125 0.725 0.600781 0.710156 0.596094 0.700781
1 0.482812 0.164844 0.47343799999999997 0.169531 0.463281 0.182812 0.46093799999999996 0.179688 0.459375 0.174219 0.454688 0.173437 0.45390600000000003 0.185938 0.45625 0.19375 0.461719 0.203906 0.470313 0.211719 0.47343799999999997 0.209375 0.477344 0.182812 0.48359399999999997 0.16875
1 0.654844 0.289219 0.658438 0.280703 0.650781 0.286719 0.643203 0.305234 0.643984 0.313516 0.64 0.313359 0.633594 0.310937 0.633594 0.314844 0.6375 0.31875 0.647656 0.319531 0.652344 0.321094 0.653906 0.318438 0.653906 0.315547 0.653047 0.304922 0.654453 0.295391
1 0.642188 0.153125 0.640625 0.161719 0.641406 0.178125 0.646875 0.189844 0.654687 0.195312 0.654687 0.177344 0.651563 0.16875 0.65 0.159375 0.646875 0.154688
1 0.699219 0.030469000000000003 0.692969 0.03125 0.6875 0.035156 0.682813 0.047656 0.682813 0.060937 0.680469 0.061719 0.673438 0.058594 0.667969 0.064062 0.669531 0.066406 0.674219 0.066406 0.682813 0.071094 0.688281 0.071875 0.694531 0.076563 0.699219 0.075781 0.703906 0.046875 0.703906 0.039062 0.702344 0.032031
2 0.8617190000000001 0.11875 0.863281 0.121875 0.8726559999999999 0.12265600000000002 0.884375 0.129688 0.8898439999999999 0.123438 0.882812 0.11875 0.873437 0.115625
2 0.864766 0.124063 0.8721879999999999 0.134219 0.8757810000000001 0.141406 0.8782029999999998 0.146641 0.879687 0.154688 0.88125 0.159375 0.876563 0.160156 0.870937 0.150625 0.86875 0.142969 0.865625 0.135156 0.8664059999999999 0.13125
2 0.9181250000000001 0.850625 0.925 0.854688 0.930703 0.855547 0.93875 0.8589839999999999 0.9507809999999999 0.869531 0.95625 0.865625 0.9554690000000001 0.860938 0.9523439999999999 0.8570309999999999 0.9445309999999999 0.853125 0.9351559999999999 0.85 0.927344 0.85
2 0.719531 0.8726559999999999 0.714063 0.86875 0.703125 0.8679690000000001 0.685156 0.873437 0.688281 0.8773440000000001 0.7 0.8773440000000001 0.705547 0.8747659999999999 0.711484 0.875078 0.715625 0.8755469999999999 0.717969 0.8773440000000001
1 0.036953 0.378359 0.04125 0.377969 0.039062 0.389062 0.035937 0.395313 0.035937 0.402344 0.034375 0.407813 0.038281 0.411719 0.039062 0.416406 0.020313 0.41718700000000003 0 0.42109399999999997 0 0.41406200000000004 0.010937 0.41093799999999997 0.027344 0.408594 0.025 0.403906 0.025 0.391406 0.032813 0.38125
1 0.303125 0.089844 0.301563 0.091406 0.302344 0.094531 0.314063 0.105469 0.314844 0.107813 0.321875 0.114062 0.323437 0.117188 0.328125 0.117188 0.329688 0.114062 0.329688 0.107813 0.326562 0.091406 0.325 0.091406 0.321875 0.094531 0.307031 0.089063
1 0.290625 0.026561999999999995 0.289062 0.028125 0.289062 0.040625 0.286719 0.042188 0.275781 0.042969 0.274219 0.044531 0.275 0.05 0.284375 0.052344 0.292969 0.057813 0.296094 0.057813 0.300781 0.05 0.300781 0.046875 0.296875 0.041406 0.295312 0.028905999999999998
1 0.404687 0.019531 0.392969 0.024219 0.384375 0.033594 0.377344 0.034375 0.373437 0.040625 0.375 0.050781 0.378125 0.059375 0.383594 0.067187 0.388281 0.071094 0.389844 0.071094 0.392188 0.075 0.394531 0.071875 0.391406 0.070312 0.390625 0.064844 0.388281 0.060937 0.388281 0.053125 0.392188 0.046875 0.397656 0.032813 0.402344 0.028125 0.404687 0.023438
1 0.489844 0.014844 0.47656200000000004 0.014844 0.459375 0.022656 0.45390600000000003 0.028125 0.450781 0.035937 0.446875 0.033594 0.444531 0.028125 0.440625 0.028125 0.439844 0.029687 0.442969 0.039844 0.451562 0.047656 0.45390600000000003 0.051562 0.459375 0.054688 0.466406 0.045312 0.490625 0.021875 0.491406 0.017188
2 0.69375 0.24375 0.69375 0.246875 0.696094 0.249219 0.710938 0.250781 0.716406 0.253906 0.728125 0.255469 0.73125 0.258594 0.733594 0.258594 0.735938 0.254688 0.734375 0.246875 0.729688 0.242188 0.721094 0.2375 0.707031 0.2375 0.696875 0.240625
1 0.660937 0.125 0.659375 0.126562 0.659375 0.13125 0.664062 0.149219 0.676562 0.15625 0.684375 0.15625 0.685937 0.154688 0.685156 0.139063 0.675781 0.130469 0.665625 0.125