0 0.967187 0.619531 0.9625 0.620313 0.957812 0.623437 0.94375 0.6375 0.9382810000000001 0.639844 0.925 0.65 0.9132809999999999 0.660937 0.9054689999999999 0.670312 0.884375 0.702344 0.88125 0.7125 0.871094 0.732812 0.867188 0.75 0.867188 0.767188 0.849219 0.769531 0.8429689999999999 0.774219 0.840625 0.778906 0.839844 0.788281 0.85625 0.832812 0.859375 0.846875 0.859375 0.857812 0.860938 0.8601560000000001 0.864062 0.857812 0.867188 0.851562 0.8726559999999999 0.8460940000000001 0.8773440000000001 0.8304690000000001 0.882812 0.8257809999999999 0.884375 0.8210940000000001 0.890625 0.815625 0.89375 0.8039059999999999 0.8992190000000001 0.796094 0.902344 0.7875 0.904687 0.785156 0.9125 0.783594 0.921875 0.777344 0.926562 0.772656 0.9382810000000001 0.755469 0.95 0.732812 0.963281 0.7 0.967187 0.684375 0.967187 0.638281 0.9695310000000001 0.628125
1 0.169531 0.610938 0.170313 0.616406 0.201563 0.647656 0.210156 0.652344 0.22109399999999998 0.654687 0.221875 0.658594 0.21875 0.665625 0.217969 0.674219 0.22343799999999997 0.682031 0.235937 0.685937 0.241406 0.685937 0.251563 0.682031 0.255469 0.673438 0.259375 0.658594 0.259375 0.648438 0.25625 0.639844 0.24531200000000003 0.635156 0.23203100000000002 0.6375 0.224219 0.636719 0.210938 0.63125 0.185938 0.614062 0.175781 0.610156
1 0.960938 0.554688 0.959375 0.552344 0.953125 0.550781 0.9507809999999999 0.554688 0.951562 0.560937 0.948438 0.570312 0.946875 0.571875 0.940625 0.567187 0.932813 0.567187 0.926562 0.56875 0.910156 0.577344 0.894531 0.592187 0.89375 0.596094 0.896875 0.598437 0.9039059999999999 0.6 0.923438 0.6 0.928125 0.598437 0.939063 0.598437 0.957031 0.577344 0.9617190000000001 0.564844
1 0.113281 0.853125 0.107813 0.849219 0.101562 0.847656 0.096875 0.847656 0.084375 0.853125 0.076563 0.8585939999999999 0.060156 0.8742189999999999 0.052344 0.885156 0.046875 0.8976559999999999 0.05625 0.898438 0.06875 0.896094 0.09375 0.8835940000000001 0.110937 0.8664059999999999 0.1125 0.863281
2 0.675781 0.199219 0.674219 0.20078100000000002 0.675781 0.209375 0.686719 0.235156 0.692969 0.25625 0.703125 0.283594 0.708594 0.291406 0.716406 0.296094 0.720313 0.3 0.725 0.298438 0.728906 0.29375 0.732031 0.285156 0.732031 0.278125 0.729688 0.270313 0.728906 0.258594 0.725 0.24609399999999998 0.717187 0.232813 0.701562 0.21640600000000002 0.682813 0.20078100000000002
1 0.017969 0.325781 0.020313 0.333594 0.026561999999999995 0.34375 0.032813 0.358594 0.04375 0.375781 0.047656 0.385156 0.058594 0.40156200000000003 0.067969 0.4125 0.08125 0.424219 0.10625 0.439844 0.114062 0.440625 0.127344 0.444531 0.129688 0.44375 0.129688 0.439063 0.135156 0.439063 0.135937 0.435156 0.132031 0.432031 0.128906 0.427344 0.128125 0.41406200000000004 0.125 0.403125 0.117188 0.388281 0.10390600000000001 0.371094 0.086719 0.357031 0.066406 0.345313 0.052344 0.339844 0.035156 0.33125 0.025781 0.325 0.021094 0.324219
2 0.8304690000000001 0.539062 0.8257809999999999 0.539062 0.820312 0.544531 0.8101559999999999 0.560156 0.8039059999999999 0.574219 0.803125 0.584375 0.8039059999999999 0.589844 0.80625 0.594531 0.807031 0.602344 0.809375 0.610156 0.814063 0.614062 0.81875 0.611719 0.81875 0.603906 0.824219 0.594531 0.8289060000000001 0.579688 0.829688 0.5625 0.832031 0.542188
1 0.580469 0.758594 0.573438 0.759375 0.567969 0.76875 0.565625 0.778906 0.559375 0.792188 0.554688 0.8132810000000001 0.554688 0.8367190000000001 0.557813 0.865625 0.560937 0.875 0.566406 0.88125 0.561719 0.884375 0.555469 0.882812 0.546094 0.882812 0.540625 0.886719 0.535937 0.904687 0.532813 0.911719 0.533594 0.91875 0.538281 0.91875 0.564844 0.9054689999999999 0.573438 0.9054689999999999 0.579688 0.903125 0.590625 0.902344 0.592969 0.900781 0.59375 0.889062 0.601562 0.8835940000000001 0.605469 0.878125 0.605469 0.85 0.600781 0.8125 0.594531 0.790625 0.5875 0.775 0.585156 0.765625
1 0.196094 0 0.1875 0.021094 0.185156 0.030469000000000003 0.184375 0.040625 0.18125 0.050781 0.178125 0.08125 0.178906 0.099219 0.18125 0.11171899999999998 0.1875 0.128125 0.196094 0.14375 0.20078100000000002 0.149219 0.20546899999999998 0.151562 0.21406200000000003 0.133594 0.21875 0.128125 0.22109399999999998 0.121094 0.226562 0.11171899999999998 0.226562 0.105469 0.219531 0.075 0.211719 0.052344 0.209375 0.039062 0.20546899999999998 0.028125 0.201563 0
0 0.9507809999999999 0.871094 0.9460940000000001 0.8757810000000001 0.946875 0.88125 0.9507809999999999 0.886719 0.9507809999999999 0.890625 0.9539060000000001 0.89375 0.954688 0.8992190000000001 0.957812 0.904687 0.958594 0.910937 0.9617190000000001 0.9132809999999999 0.9625 0.917969 0.964063 0.91875 0.9664059999999999 0.925781 0.970313 0.928125 0.970313 0.932031 0.976562 0.935937 0.9773440000000001 0.9398440000000001 0.99375 0.951562 0.99375 0.9554690000000001 1 0.95625 1 0.876563 0.978125 0.8757810000000001 0.975 0.8742189999999999 0.9679689999999999 0.873437 0.963281 0.875 0.954688 0.875
1 0.220312 0.36875 0.224219 0.385156 0.228125 0.395313 0.23828100000000002 0.413281 0.245703 0.42437500000000006 0.248984 0.43273400000000006 0.251875 0.44046900000000005 0.254688 0.4543749999999999 0.239297 0.446328 0.239844 0.451562 0.252344 0.46875 0.263281 0.47343799999999997 0.274219 0.472656 0.277344 0.46796899999999997 0.280469 0.45781299999999997 0.28125 0.45 0.279687 0.446875 0.277344 0.44531200000000004 0.267188 0.446875 0.264844 0.444531 0.260156 0.42968799999999996 0.258594 0.420312 0.253906 0.41406200000000004 0.24531200000000003 0.396094 0.23671899999999998 0.385156 0.22968700000000003 0.373437 0.225 0.369531
0 0.311719 0.06875 0.315625 0.072656 0.335156 0.071875 0.350781 0.074219 0.366406 0.08125 0.376563 0.088281 0.395313 0.096875 0.40703100000000003 0.098437 0.4125 0.101562 0.42656299999999997 0.103125 0.435937 0.108594 0.439844 0.113281 0.451562 0.12265600000000002 0.45625 0.13125 0.467187 0.142969 0.46796899999999997 0.146094 0.471094 0.147656 0.472656 0.146875 0.474219 0.142969 0.470313 0.139063 0.471094 0.1375 0.478906 0.138281 0.482812 0.135937 0.486719 0.128125 0.49531200000000003 0.127344 0.500781 0.125 0.516406 0.108594 0.517188 0.10625 0.523438 0.10234400000000002 0.525 0.097656 0.529687 0.09375 0.532031 0.089063 0.541406 0.079687 0.550781 0.075 0.553125 0.071875 0.55625 0.070312 0.558594 0.065625 0.564063 0.060156 0.578125 0.05 0.594531 0.027344 0.6 0.015625 0.601562 0.005469 0.6 0 0.510938 0 0.510938 0.0015629999999999997 0.49218799999999996 0.021094 0.482031 0.039844 0.47656200000000004 0.05625 0.474219 0.074219 0.472656 0.078125 0.470313 0.079687 0.46875 0.085938 0.46796899999999997 0.096875 0.471875 0.1 0.470313 0.10234400000000002 0.471094 0.10703100000000002 0.46796899999999997 0.110937 0.464844 0.110937 0.45781299999999997 0.10625 0.457031 0.103125 0.45390600000000003 0.099219 0.449219 0.083594 0.449219 0.071094 0.444531 0.057813 0.440625 0.036719 0.44218799999999997 0 0.423438 0 0.423438 0.00625 0.421875 0.011719 0.42109399999999997 0.021875 0.423438 0.048438 0.427344 0.057813 0.42968799999999996 0.072656 0.433594 0.080469 0.433594 0.082812 0.432031 0.084375 0.423438 0.075781 0.421875 0.071875 0.404687 0.055469000000000004 0.385937 0.04375 0.372656 0.0375 0.353906 0.032031 0.342969 0.032031 0.338281 0.034375 0.321094 0.05 0.314063 0.060156
2 0.092969 0.809375 0.090625 0.80625 0.079687 0.804688 0.071094 0.809375 0.048438 0.8148440000000001 0.040625 0.8195309999999999 0.038281 0.822656 0.035156 0.829688 0.035156 0.834375 0.046094 0.834375 0.058594 0.8304690000000001 0.067187 0.825 0.078906 0.8210940000000001 0.085156 0.814063 0.091406 0.8125
2 0.234375 0.546094 0.233594 0.55 0.235156 0.553125 0.253906 0.577344 0.263281 0.592187 0.271094 0.599219 0.280469 0.600781 0.284375 0.595313 0.286719 0.584375 0.282031 0.570312 0.273438 0.561719 0.269531 0.560937 0.257031 0.553906 0.251563 0.552344 0.241406 0.546094
2 0.071875 0.642188 0.072656 0.646875 0.075 0.648438 0.08125 0.649219 0.091406 0.653125 0.10625 0.654687 0.132812 0.6625 0.1625 0.667969 0.165625 0.664844 0.164844 0.659375 0.148438 0.641406 0.135937 0.635938 0.107813 0.635156 0.090625 0.636719 0.080469 0.639844 0.075781 0.639844
1 0.149219 0.789062 0.147656 0.790625 0.147656 0.795312 0.150781 0.810937 0.154688 0.81875 0.16875 0.835938 0.169531 0.847656 0.1875 0.848437 0.196094 0.8507809999999999 0.204687 0.8507809999999999 0.20703100000000002 0.846875 0.20703100000000002 0.833594 0.204687 0.826562 0.191406 0.8117189999999999 0.174219 0.799219 0.160938 0.792969 0.158594 0.790625