0 0.315625 0.032812999999999995 0.3 0.036719 0.267188 0.05 0.244531 0.061719 0.227344 0.073438 0.22265600000000002 0.078125 0.21640600000000002 0.0875 0.21484399999999998 0.09531300000000001 0.2125 0.09765599999999999 0.203906 0.10078100000000001 0.196094 0.10625 0.184375 0.109375 0.178906 0.115625 0.17421899999999998 0.117188 0.16953100000000002 0.12265600000000002 0.15390600000000002 0.12734399999999998 0.14843800000000001 0.13281199999999999 0.142188 0.135938 0.139844 0.139062 0.142188 0.140625 0.153125 0.140625 0.167188 0.14375 0.211719 0.16015600000000002 0.22109399999999998 0.159375 0.225781 0.157031 0.23046899999999998 0.150781 0.23281200000000002 0.13281199999999999 0.25 0.13281199999999999 0.267188 0.12890600000000002 0.2875 0.11875 0.29765600000000003 0.115625 0.329688 0.094531 0.339063 0.086719 0.35 0.075 0.36015600000000003 0.061719 0.3625 0.05625 0.376563 0.042187999999999996 0.379687 0.0375 0.380469 0.032812999999999995 0.371875 0.030469000000000003 0.361719 0.032812999999999995 0.315625 0.032812999999999995
1 0.36875 0.789062 0.363281 0.775781 0.3625 0.767969 0.364844 0.754688 0.36015600000000003 0.74375 0.35156200000000004 0.740625 0.341406 0.740625 0.326562 0.744531 0.317969 0.748437 0.314063 0.758594 0.314063 0.7640629999999999 0.317969 0.776562 0.325781 0.782031 0.334375 0.78125 0.341406 0.778125 0.345313 0.778906 0.347656 0.789844 0.352344 0.7984370000000001 0.383594 0.8296870000000001 0.389062 0.8304690000000001 0.38984399999999997 0.824219 0.385938 0.8140620000000001 0.36875 0.789062
1 0.401563 0.060937 0.401563 0.071875 0.4 0.07656199999999999 0.4 0.096094 0.401563 0.103125 0.403906 0.10625 0.407813 0.105469 0.42265600000000003 0.08984400000000001 0.43125 0.073438 0.432813 0.067187 0.432813 0.059375 0.428125 0.053125 0.42968799999999996 0.051562 0.439063 0.048437999999999995 0.44531200000000004 0.049219 0.449219 0.046875 0.447656 0.040625 0.44531200000000004 0.039062 0.435156 0.038280999999999996 0.42265600000000003 0.042969 0.401563 0.060937
1 0.11640600000000001 0.90625 0.10390600000000001 0.93125 0.101562 0.94375 0.10234399999999999 0.953125 0.11484399999999999 0.9476559999999999 0.125781 0.9398440000000001 0.141406 0.9234370000000001 0.146875 0.915625 0.15234399999999998 0.903125 0.15234399999999998 0.898438 0.150781 0.8921870000000001 0.146875 0.886719 0.13671899999999998 0.8875 0.133594 0.8890629999999999 0.11640600000000001 0.90625
2 0.7671870000000001 0.282813 0.753906 0.275 0.741406 0.271094 0.729687 0.270312 0.721875 0.267969 0.714844 0.267969 0.70625 0.271094 0.701562 0.275 0.7 0.279687 0.703906 0.283594 0.708594 0.291406 0.716406 0.296875 0.74375 0.307031 0.764844 0.31328100000000003 0.790625 0.324219 0.799219 0.325781 0.800781 0.324219 0.799219 0.317187 0.783594 0.298438 0.7671870000000001 0.282813
1 0.66875 0.964844 0.660156 0.9476559999999999 0.654687 0.933594 0.642969 0.9132809999999999 0.628906 0.8960940000000001 0.611719 0.882812 0.596875 0.875 0.585938 0.871875 0.572656 0.871094 0.567969 0.8679690000000001 0.564844 0.864063 0.560937 0.8648440000000001 0.560937 0.870312 0.55625 0.870312 0.555469 0.8726559999999999 0.559375 0.885938 0.560156 0.89375 0.575781 0.91875 0.5875 0.9320309999999999 0.598438 0.941406 0.614844 0.9523440000000001 0.624219 0.95625 0.641406 0.967187 0.65625 0.973438 0.666406 0.979687 0.674219 0.9820309999999999 0.675781 0.9789059999999999 0.675 0.9742190000000001 0.66875 0.964844
2 0.420312 0.171094 0.40546899999999997 0.17578100000000002 0.396094 0.18125 0.388281 0.18125 0.385938 0.185937 0.38984399999999997 0.190625 0.397656 0.192969 0.40546899999999997 0.19375 0.410156 0.196094 0.415625 0.196875 0.425781 0.196094 0.439844 0.18984399999999998 0.455469 0.17968800000000001 0.46093799999999996 0.17421899999999998 0.46093799999999996 0.16953100000000002 0.457812 0.16796899999999998 0.4375 0.170312 0.420312 0.171094
1 0.209375 0.40546899999999997 0.1875 0.399219 0.15 0.394531 0.121875 0.394531 0.11640600000000001 0.39843799999999996 0.11093800000000001 0.40625 0.099219 0.40703100000000003 0.09765599999999999 0.409375 0.096875 0.420312 0.094531 0.426562 0.094531 0.435156 0.08125 0.461719 0.08125 0.466406 0.088281 0.467187 0.09531300000000001 0.464063 0.113281 0.459375 0.117188 0.45390600000000003 0.117188 0.444531 0.115625 0.43828100000000003 0.11875 0.433594 0.125 0.439063 0.134375 0.442187 0.163281 0.44531200000000004 0.186719 0.44531200000000004 0.20781200000000002 0.440625 0.22109399999999998 0.434375 0.23125 0.432031 0.240625 0.426562 0.241406 0.419531 0.234375 0.414844 0.225 0.4125 0.209375 0.40546899999999997
1 1 0.7984370000000001 0.971875 0.794531 0.960938 0.790625 0.9476559999999999 0.788281 0.925 0.780469 0.894531 0.773438 0.8882809999999999 0.773438 0.878906 0.778906 0.871875 0.78125 0.8664059999999999 0.785938 0.848438 0.794531 0.8507809999999999 0.799219 0.85625 0.8039059999999999 0.871875 0.8125 0.8882809999999999 0.81875 0.9007809999999999 0.8210940000000001 0.91875 0.821875 0.949219 0.81875 0.959375 0.815625 0.9695309999999999 0.8148440000000001 0.9789059999999999 0.8125 1 0.8039059999999999 1 0.7984370000000001
0 0.04375 0 0.044531 0.00625 0.048437999999999995 0.00625 0.060156 0.022656000000000003 0.06406300000000001 0.023438 0.067969 0.029687 0.071875 0.029687 0.07421900000000001 0.033594 0.08125 0.035937000000000004 0.08203099999999999 0.0375 0.086719 0.038280999999999996 0.089063 0.041406 0.09531300000000001 0.042187999999999996 0.10078100000000001 0.045312000000000005 0.10625 0.046094 0.109375 0.049219 0.113281 0.049219 0.11875 0.053125 0.124219 0.053905999999999996 0.12890600000000002 0.049219 0.125 0.045312000000000005 0.125 0.036719 0.126563 0.032031 0.125781 0.025 0.124219 0.021875 0.12343699999999999 0 0.04375 0
1 0.614844 0.763281 0.603906 0.754688 0.585938 0.746094 0.579688 0.741406 0.570312 0.739844 0.555469 0.735156 0.553125 0.732812 0.554688 0.722656 0.553125 0.720313 0.55 0.71875 0.542187 0.719531 0.532031 0.722656 0.527344 0.725781 0.526562 0.736719 0.53125 0.747656 0.548438 0.760156 0.5536719999999999 0.760703 0.545625 0.745312 0.559531 0.748125 0.5672659999999999 0.751016 0.5756249999999999 0.754297 0.586719 0.761719 0.604687 0.771875 0.614844 0.775781 0.63125 0.7796879999999999 0.630469 0.775 0.626563 0.770313 0.614844 0.763281
0 1 0.4 0.9945309999999999 0.39843799999999996 0.984375 0.4 0.972656 0.40546899999999997 0.95 0.421875 0.9398440000000001 0.435937 0.934375 0.441406 0.929688 0.44375 0.928125 0.446875 0.925 0.449219 0.9203129999999999 0.458594 0.910937 0.46796899999999997 0.90625 0.470313 0.902344 0.475 0.8976559999999999 0.47656200000000004 0.89375 0.482812 0.8914059999999999 0.48359399999999997 0.875 0.49921899999999997 0.8726559999999999 0.504688 0.871875 0.513281 0.864063 0.517188 0.8617190000000001 0.521094 0.8625 0.528906 0.8609370000000001 0.529687 0.8570309999999999 0.525781 0.853125 0.527344 0.8523440000000001 0.528906 0.8539059999999999 0.532031 0.8570309999999999 0.532813 0.86875 0.54375 0.8773440000000001 0.548438 0.886719 0.560156 0.8914059999999999 0.564063 0.896875 0.573437 0.898438 0.5875 0.901563 0.592969 0.903125 0.604687 0.9117190000000001 0.623437 0.91875 0.633594 0.925781 0.649219 0.928125 0.664844 0.9273440000000001 0.684375 0.93125 0.688281 0.9398440000000001 0.685937 0.95 0.678906 0.965625 0.661719 0.9679690000000001 0.657031 0.9679690000000001 0.646094 0.9625 0.627344 0.95625 0.614063 0.9445309999999999 0.595313 0.928125 0.578125 0.9242190000000001 0.576562 0.915625 0.567969 0.917188 0.566406 0.9195309999999999 0.566406 0.9273440000000001 0.570312 0.942187 0.572656 0.951562 0.576562 0.978125 0.578906 0.988281 0.578125 0.99375 0.576562 1 0.576562 1 0.557812 0.9632809999999999 0.559375 0.942187 0.555469 0.9289059999999999 0.550781 0.9164059999999999 0.550781 0.9007809999999999 0.546094 0.896875 0.542969 0.89375 0.542187 0.8890629999999999 0.535156 0.8890629999999999 0.532031 0.8929690000000001 0.528906 0.8976559999999999 0.529687 0.9 0.528125 0.903125 0.532031 0.914062 0.53125 0.9203129999999999 0.529687 0.921875 0.527344 0.925781 0.525781 0.94375 0.523438 0.9601559999999999 0.517969 0.9789059999999999 0.507812 0.998437 0.489062 1 0.489062 1 0.4
2 0.178906 0.9210940000000001 0.175 0.932813 0.16953100000000002 0.941406 0.165625 0.9539059999999999 0.165625 0.964844 0.170312 0.964844 0.177344 0.9617190000000001 0.180469 0.959375 0.18515600000000002 0.951562 0.190625 0.9289059999999999 0.19531199999999999 0.9203129999999999 0.19375 0.909375 0.190625 0.9070309999999999 0.1875 0.9085940000000001 0.185937 0.9148440000000001 0.178906 0.9210940000000001
2 0.446094 0.742969 0.439063 0.730469 0.43828100000000003 0.726562 0.42968799999999996 0.717969 0.415625 0.713281 0.404687 0.715625 0.399219 0.719531 0.400781 0.728906 0.407813 0.736719 0.42265600000000003 0.746094 0.446875 0.764844 0.45 0.766406 0.45390600000000003 0.765625 0.45390600000000003 0.758594 0.447656 0.748437 0.446094 0.742969
2 0.363281 0.909375 0.364844 0.8921870000000001 0.364062 0.864063 0.35859399999999997 0.851562 0.340625 0.8351559999999999 0.335156 0.834375 0.332031 0.8375 0.3375 0.867188 0.345313 0.89375 0.346875 0.9085940000000001 0.350781 0.91875 0.35156200000000004 0.925 0.353125 0.9273440000000001 0.357812 0.928125 0.36015600000000003 0.9242190000000001 0.36015600000000003 0.9195309999999999 0.363281 0.909375
1 0.20078100000000002 0.8257809999999999 0.188281 0.808594 0.173438 0.7953129999999999 0.166406 0.792969 0.153125 0.792969 0.149219 0.7953129999999999 0.149219 0.8039059999999999 0.151563 0.8125 0.15234399999999998 0.8304690000000001 0.16406199999999999 0.83125 0.18125 0.8453120000000001 0.189063 0.8492190000000001 0.20468799999999998 0.8523440000000001 0.209375 0.8523440000000001 0.210938 0.8507809999999999 0.209375 0.8414059999999999 0.20703100000000002 0.839062 0.20078100000000002 0.8257809999999999