2 0.046094 0.161719 0.063281 0.177344 0.07656199999999999 0.185938 0.083594 0.192188 0.098437 0.201563 0.10781199999999999 0.20546899999999998 0.11796899999999999 0.20703100000000002 0.126563 0.20625 0.126563 0.19531199999999999 0.128125 0.189062 0.121875 0.17968800000000001 0.115625 0.176563 0.091406 0.15859399999999998 0.06406300000000001 0.14375 0.045312000000000005 0.1375 0.038280999999999996 0.1375 0.033594 0.140625 0.032812999999999995 0.14453100000000002 0.034375 0.14843800000000001 0.046094 0.161719
2 0.738281 0.29375 0.74375 0.30156299999999997 0.752344 0.310156 0.755469 0.31171899999999997 0.764844 0.31171899999999997 0.766406 0.310156 0.7671870000000001 0.30625 0.763281 0.296875 0.760937 0.294531 0.760937 0.28906200000000004 0.7640629999999999 0.285156 0.765625 0.28906200000000004 0.76875 0.290625 0.769531 0.286719 0.764844 0.284375 0.764844 0.278906 0.760156 0.269531 0.744531 0.255469 0.721875 0.22968700000000003 0.721094 0.227344 0.719531 0.227344 0.717969 0.228906 0.71875 0.2375 0.738281 0.29375
1 0.617969 0.510938 0.63125 0.530469 0.65 0.549219 0.669531 0.557813 0.68125 0.560156 0.690625 0.558594 0.728125 0.571094 0.728125 0.575781 0.722656 0.580469 0.720313 0.590625 0.721875 0.596094 0.725 0.598437 0.739844 0.603906 0.752344 0.604688 0.763281 0.607031 0.782031 0.607812 0.792187 0.610156 0.799219 0.610156 0.8023440000000001 0.607812 0.801563 0.602344 0.796094 0.591406 0.783594 0.570312 0.763281 0.546875 0.754688 0.544531 0.748437 0.546875 0.742188 0.551562 0.739063 0.560156 0.735938 0.564844 0.730469 0.564063 0.720313 0.55625 0.715625 0.554688 0.705469 0.546875 0.701562 0.546094 0.7 0.544531 0.697656 0.528906 0.694531 0.523438 0.682031 0.507812 0.674219 0.501563 0.657031 0.49375 0.654687 0.49375 0.635156 0.48515600000000003 0.621094 0.480469 0.591406 0.466406 0.582031 0.46406200000000003 0.580469 0.4625 0.577344 0.463281 0.577344 0.46796899999999997 0.6 0.489844 0.617969 0.510938
2 0.957812 0.595313 0.9617190000000001 0.600781 0.9632809999999999 0.611719 0.964844 0.613281 0.96875 0.613281 0.971875 0.610156 0.975 0.595313 0.978125 0.5875 0.9773440000000001 0.574219 0.9710940000000001 0.560156 0.9601559999999999 0.54375 0.9554690000000001 0.539062 0.95 0.539062 0.949219 0.547656 0.9539059999999999 0.585938 0.957812 0.595313
1 0.166406 0.403906 0.163281 0.39843799999999996 0.16015600000000002 0.399219 0.157813 0.403906 0.155469 0.417969 0.14843800000000001 0.43125 0.145312 0.44218799999999997 0.145312 0.451562 0.147656 0.46093799999999996 0.155469 0.472656 0.157031 0.482812 0.16406199999999999 0.490625 0.166406 0.500781 0.17421899999999998 0.500781 0.17578100000000002 0.496094 0.17578100000000002 0.477344 0.172656 0.459375 0.171094 0.43125 0.166406 0.403906
1 0.121094 0.488281 0.108594 0.49921899999999997 0.10390600000000001 0.501563 0.096875 0.508594 0.091406 0.517188 0.090625 0.522656 0.085156 0.536719 0.085156 0.546875 0.0875 0.549219 0.09218699999999999 0.55 0.1 0.545312 0.109375 0.536719 0.11171899999999998 0.532813 0.115625 0.532031 0.13281199999999999 0.517969 0.140625 0.515625 0.142188 0.514062 0.147656 0.513281 0.150781 0.510938 0.16015600000000002 0.508594 0.1625 0.504687 0.165625 0.503125 0.166406 0.500781 0.16015600000000002 0.500781 0.157031 0.497656 0.151563 0.496875 0.13125 0.48515600000000003 0.126563 0.48515600000000003 0.121094 0.488281
1 0.5625 0.18359399999999998 0.576562 0.196875 0.579688 0.202344 0.5875 0.210156 0.595313 0.21484399999999998 0.597656 0.21484399999999998 0.607031 0.225781 0.611719 0.22109399999999998 0.611719 0.20546899999999998 0.615625 0.197656 0.628906 0.18515600000000002 0.657813 0.1625 0.657813 0.157812 0.652344 0.154688 0.63125 0.155469 0.614844 0.16015600000000002 0.608594 0.165625 0.603125 0.172656 0.601562 0.177344 0.602344 0.20078100000000002 0.599219 0.204687 0.595313 0.20078100000000002 0.592187 0.192188 0.563281 0.165625 0.544531 0.15390600000000002 0.514844 0.13828100000000002 0.507031 0.13828100000000002 0.507812 0.140625 0.517969 0.150781 0.5625 0.18359399999999998
2 0.299219 0.578125 0.332031 0.609375 0.341406 0.614844 0.346094 0.614844 0.349219 0.613281 0.360938 0.613281 0.366406 0.611719 0.359375 0.605469 0.350781 0.601562 0.317187 0.574219 0.292188 0.55 0.279687 0.542969 0.276563 0.544531 0.28125 0.555469 0.290625 0.564844 0.299219 0.578125
1 0.8421879999999999 0.597656 0.851562 0.597656 0.859375 0.6 0.8773440000000001 0.6 0.884375 0.598437 0.8875 0.596094 0.886719 0.592187 0.8742190000000001 0.579688 0.854687 0.56875 0.848438 0.567187 0.8414059999999999 0.567187 0.834375 0.571875 0.8304690000000001 0.560937 0.8304690000000001 0.552344 0.8289059999999999 0.550781 0.825 0.550781 0.820312 0.554688 0.8195309999999999 0.564844 0.8257809999999999 0.579688 0.8421879999999999 0.597656
1 0.459375 0.8289059999999999 0.488281 0.8523440000000001 0.49921899999999997 0.863281 0.517969 0.875 0.525781 0.878125 0.528906 0.88125 0.524219 0.890625 0.524219 0.9 0.526562 0.90625 0.544531 0.929688 0.552344 0.934375 0.558594 0.934375 0.560937 0.9304690000000001 0.560937 0.9195309999999999 0.553125 0.8960940000000001 0.551563 0.878125 0.55 0.873437 0.5375 0.871094 0.526562 0.863281 0.515625 0.8523440000000001 0.496094 0.839063 0.485938 0.8304690000000001 0.479688 0.8273440000000001 0.46875 0.8179690000000001 0.450781 0.8101559999999999 0.453125 0.8117190000000001 0.453125 0.8226559999999999 0.459375 0.8289059999999999
0 0.7953129999999999 1 0.8070309999999999 0.9742190000000001 0.8132809999999999 0.9507809999999999 0.8132809999999999 0.941406 0.8109379999999999 0.9351559999999999 0.8117190000000001 0.9320309999999999 0.815625 0.9273440000000001 0.8179690000000001 0.920312 0.8265629999999999 0.904687 0.8296870000000001 0.8914059999999999 0.8382809999999999 0.873437 0.8375 0.86875 0.83125 0.8679690000000001 0.8148440000000001 0.8726559999999999 0.788281 0.876563 0.778906 0.876563 0.771094 0.88125 0.765625 0.8820309999999999 0.757031 0.886719 0.7375 0.901563 0.727344 0.9125 0.722656 0.921875 0.71875 0.9351559999999999 0.71875 0.945312 0.721094 0.9523440000000001 0.733594 0.9710940000000001 0.730469 0.9742190000000001 0.720313 0.975 0.713281 0.9773440000000001 0.697656 0.989062 0.691406 0.995313 0.689844 1 0.713281 1 0.714062 0.9976559999999999 0.719531 0.996094 0.723438 0.9929690000000001 0.728125 0.9929690000000001 0.734375 0.998437 0.734375 1 0.7953129999999999 1
0 0.408594 0.628906 0.392969 0.625 0.363281 0.6125 0.352344 0.611719 0.345313 0.613281 0.34296899999999997 0.617969 0.34296899999999997 0.632031 0.347656 0.650781 0.346875 0.658594 0.34296899999999997 0.663281 0.339063 0.664844 0.314844 0.667188 0.31171899999999997 0.665625 0.2875 0.664062 0.275781 0.654687 0.274219 0.65 0.272656 0.63125 0.267188 0.61875 0.263281 0.621875 0.259375 0.633594 0.252344 0.644531 0.23203100000000002 0.635938 0.196094 0.629687 0.16406199999999999 0.628906 0.14375 0.632812 0.11953100000000001 0.639844 0.09375 0.652344 0.063281 0.661719 0.063281 0.666406 0.077344 0.671094 0.10078100000000001 0.675 0.12734399999999998 0.683594 0.1625 0.691406 0.16796899999999998 0.69375 0.18515600000000002 0.696094 0.22343700000000002 0.695312 0.24843700000000002 0.692187 0.261719 0.689063 0.269531 0.684375 0.276563 0.676562 0.282813 0.674219 0.299219 0.673438 0.338281 0.678125 0.346094 0.683594 0.353125 0.684375 0.354688 0.68125 0.361719 0.678125 0.370313 0.670312 0.379687 0.664844 0.394531 0.661719 0.413281 0.660156 0.428125 0.65625 0.434375 0.650781 0.434375 0.645312 0.432813 0.642188 0.419531 0.633594 0.408594 0.628906
0 0.8140620000000001 0.639062 0.8140620000000001 0.685156 0.81875 0.702344 0.83125 0.733594 0.8414059999999999 0.753125 0.853125 0.771094 0.863281 0.780469 0.8726559999999999 0.785156 0.8765620000000001 0.785156 0.879687 0.7875 0.8804690000000001 0.792188 0.8882809999999999 0.8054690000000001 0.8914059999999999 0.814063 0.896875 0.820312 0.9007809999999999 0.828125 0.9046879999999999 0.832031 0.9078120000000001 0.8414059999999999 0.914062 0.8460940000000001 0.915625 0.8507809999999999 0.9203129999999999 0.8507809999999999 0.9203129999999999 0.845313 0.921875 0.84375 0.925 0.834375 0.929688 0.814063 0.9320309999999999 0.8101559999999999 0.933594 0.8023440000000001 0.940625 0.789062 0.940625 0.778125 0.9382809999999999 0.774219 0.9320309999999999 0.769531 0.9148440000000001 0.76875 0.9132809999999999 0.767188 0.9148440000000001 0.755469 0.910156 0.732812 0.9 0.7125 0.894531 0.697656 0.8757809999999999 0.669531 0.8578129999999999 0.650781 0.8421879999999999 0.639062 0.8382809999999999 0.6375 0.81875 0.619531 0.8140620000000001 0.61875 0.8125 0.622656 0.8125 0.633594 0.8140620000000001 0.639062
1 0 0.892188 0.003125 0.892188 0.010938 0.889062 0.025 0.8882809999999999 0.047656 0.8835940000000001 0.072656 0.88125 0.08984400000000001 0.8773440000000001 0.10078100000000001 0.8726559999999999 0.10781199999999999 0.865625 0.108594 0.860938 0.10234399999999999 0.853125 0.08984400000000001 0.8492190000000001 0.08203099999999999 0.84375 0.065625 0.826562 0.055469000000000004 0.8179690000000001 0.048437999999999995 0.8132809999999999 0.04375 0.8125 0.042187999999999996 0.8148440000000001 0.044531 0.820312 0.057031 0.839844 0.06406300000000001 0.848437 0.06406300000000001 0.853125 0.032812999999999995 0.8625 0.013281000000000001 0.870313 0 0.8773440000000001 0 0.892188
1 0.626563 0.686719 0.614063 0.689063 0.599219 0.696875 0.597656 0.702344 0.594531 0.704688 0.591406 0.704688 0.577344 0.709375 0.567969 0.707031 0.566406 0.710156 0.567969 0.714063 0.575781 0.71875 0.608594 0.719531 0.634375 0.710938 0.649219 0.696875 0.65 0.692187 0.646094 0.688281 0.636719 0.686719 0.626563 0.686719
1 0.141406 0.786719 0.142188 0.803125 0.149219 0.81875 0.146094 0.821875 0.13828100000000002 0.8210940000000001 0.133594 0.821875 0.133594 0.823438 0.13671899999999998 0.826562 0.146094 0.828125 0.15859399999999998 0.834375 0.161719 0.834375 0.170312 0.839063 0.177344 0.848437 0.185937 0.8507809999999999 0.188281 0.847656 0.189063 0.8335940000000001 0.185937 0.8226559999999999 0.178906 0.807813 0.178125 0.8023440000000001 0.17578100000000002 0.799219 0.171875 0.7875 0.16406199999999999 0.775 0.1625 0.769531 0.157813 0.764062 0.15390600000000002 0.764062 0.15 0.767969 0.146094 0.775 0.141406 0.786719