1 0.720313 0.055469000000000004 0.71875 0.072656 0.717187 0.080469 0.713281 0.082812 0.710938 0.079687 0.697656 0.071875 0.692969 0.071875 0.69375 0.076563 0.701562 0.083594 0.7125 0.096875 0.714063 0.096875 0.720313 0.10390600000000001 0.724219 0.105469 0.728125 0.109375 0.732031 0.117188 0.736719 0.11640600000000001 0.741406 0.109375 0.741406 0.091406 0.7375 0.080469 0.733594 0.052344 0.732031 0.048437999999999995 0.728906 0.045312000000000005 0.727344 0.045312000000000005 0.723437 0.047656 0.720313 0.055469000000000004
2 0.329688 0.142187 0.33281299999999997 0.142187 0.336719 0.145313 0.341406 0.146094 0.347656 0.150781 0.377344 0.153125 0.38281200000000004 0.155469 0.39140600000000003 0.155469 0.397656 0.15390600000000002 0.39843799999999996 0.142187 0.394531 0.140625 0.388281 0.139844 0.385156 0.142187 0.378906 0.140625 0.36875 0.141406 0.35156200000000004 0.13671899999999998 0.33906200000000003 0.135937 0.333594 0.134375 0.322656 0.134375 0.324219 0.139063 0.329688 0.142187
1 0 0.23906299999999997 0.0023439999999999997 0.23906299999999997 0.0125 0.226562 0.016406 0.219531 0.024218999999999997 0.210938 0.029687 0.20703100000000002 0.035156 0.20625 0.038280999999999996 0.202344 0.041406 0.20078100000000002 0.0375 0.198437 0.036719 0.192969 0.032812999999999995 0.185938 0.022656000000000003 0.173437 0.010156 0.160938 0.0023439999999999997 0.154688 0 0.154688 0 0.190625 0.010156 0.196094 0.014844 0.20078100000000002 0.008594000000000001 0.203906 0 0.204687 0 0.23906299999999997
1 0.8101559999999999 0.350781 0.8125 0.353125 0.814063 0.35859399999999997 0.825 0.37578100000000003 0.8304690000000001 0.3875 0.839844 0.40156200000000003 0.8492190000000001 0.4125 0.8625 0.424219 0.8875 0.439844 0.896875 0.440625 0.9039059999999999 0.44375 0.9117190000000001 0.44531200000000004 0.9148440000000001 0.447656 0.917969 0.447656 0.9210940000000001 0.44375 0.9242190000000001 0.44375 0.910937 0.428906 0.909375 0.424219 0.9085940000000001 0.409375 0.904687 0.399219 0.896875 0.38593700000000003 0.8851559999999999 0.371094 0.8625 0.353125 0.8179690000000001 0.332031 0.8070309999999999 0.325 0.799219 0.325 0.8 0.330469 0.8101559999999999 0.350781
2 0.871875 0.653125 0.882812 0.653906 0.8914059999999999 0.657031 0.904687 0.659375 0.9125 0.6625 0.921875 0.663281 0.9273440000000001 0.665625 0.9367190000000001 0.667188 0.945312 0.667188 0.946875 0.664062 0.945312 0.659375 0.9375 0.651563 0.933594 0.645312 0.928125 0.640625 0.920312 0.6375 0.90625 0.635156 0.8835940000000001 0.635156 0.8648440000000001 0.638281 0.8539059999999999 0.642188 0.8539059999999999 0.646875 0.871875 0.653125
2 0.13671899999999998 0.51875 0.13828100000000002 0.529687 0.145313 0.541406 0.145313 0.557031 0.15 0.575 0.16015600000000002 0.582812 0.161719 0.5875 0.16406199999999999 0.589844 0.171094 0.592969 0.17578100000000002 0.588281 0.17578100000000002 0.583594 0.16875 0.571094 0.15859399999999998 0.5375 0.155469 0.532813 0.154688 0.525 0.150781 0.522656 0.142187 0.5125 0.139844 0.505469 0.135156 0.501563 0.13281199999999999 0.501563 0.13281199999999999 0.509375 0.13671899999999998 0.51875
1 0.8820309999999999 0.847656 0.8726559999999999 0.8492190000000001 0.871094 0.851562 0.865625 0.853125 0.8460940000000001 0.86875 0.839063 0.876563 0.8335940000000001 0.884375 0.828125 0.895312 0.828125 0.8976559999999999 0.83125 0.8992190000000001 0.847656 0.896875 0.855469 0.8929690000000001 0.857812 0.8929690000000001 0.876563 0.882812 0.886719 0.873437 0.892188 0.865625 0.89375 0.857812 0.8929690000000001 0.853125 0.8882809999999999 0.8492190000000001 0.8820309999999999 0.847656
1 0.544531 0.859375 0.521875 0.859375 0.508594 0.8617190000000001 0.49218799999999996 0.870313 0.484375 0.878906 0.48125 0.885938 0.482031 0.894531 0.488281 0.9070309999999999 0.49218799999999996 0.9117190000000001 0.491406 0.915625 0.485938 0.914062 0.480469 0.9164059999999999 0.471094 0.917188 0.459375 0.9132809999999999 0.449219 0.9132809999999999 0.4375 0.915625 0.382031 0.93125 0.36875 0.9375 0.36718799999999996 0.940625 0.36875 0.942187 0.37968799999999997 0.942187 0.40703100000000003 0.9367190000000001 0.464844 0.9320309999999999 0.478906 0.926562 0.501563 0.9242190000000001 0.507031 0.9132809999999999 0.535156 0.8835940000000001 0.542188 0.878906 0.551562 0.8757809999999999 0.554688 0.873437 0.555469 0.8648440000000001 0.552344 0.8617190000000001 0.544531 0.859375
2 0.560156 0 0.560937 0.007031 0.564063 0.0125 0.567969 0.026562000000000002 0.575781 0.041406 0.589844 0.055469000000000004 0.603906 0.0625 0.609375 0.057031 0.609375 0.05 0.60625 0.040625 0.6 0.030469000000000003 0.591406 0.021093999999999998 0.584375 0.009375 0.576562 0.0023439999999999997 0.576562 0 0.560156 0
2 0.689844 0.2375 0.682813 0.24531200000000003 0.678906 0.253906 0.678906 0.2625 0.680469 0.26640600000000003 0.678906 0.27343799999999996 0.679688 0.283594 0.685156 0.28906200000000004 0.692187 0.292969 0.697656 0.292969 0.699219 0.2875 0.696875 0.278906 0.699219 0.257031 0.702344 0.239844 0.703906 0.23671899999999998 0.703125 0.225781 0.696875 0.226562 0.689844 0.2375
1 0.163281 0.647656 0.166406 0.666406 0.16875 0.673438 0.165625 0.675 0.153125 0.669531 0.14843800000000001 0.670312 0.154688 0.678125 0.16953100000000002 0.689063 0.180469 0.694531 0.189062 0.696875 0.192188 0.699219 0.198437 0.699219 0.204687 0.69375 0.20546899999999998 0.685156 0.19140600000000002 0.671094 0.178125 0.649219 0.170313 0.641406 0.165625 0.639062 0.163281 0.642188 0.163281 0.647656
1 0.978125 0 0.970313 0.016406 0.96875 0.025781 0.9664059999999999 0.03125 0.965625 0.041406 0.9625 0.051562 0.9601559999999999 0.072656 0.9601559999999999 0.096875 0.9625 0.110937 0.9664059999999999 0.12265600000000002 0.978125 0.14453100000000002 0.9867190000000001 0.151562 0.996875 0.13125 1 0.129688 1 0.072656 0.9976559999999999 0.071875 0.996094 0.060156 0.9914059999999999 0.046875 0.990625 0.039062 0.9867190000000001 0.029687 0.9835940000000001 0.0039059999999999997 0.9820309999999999 0 0.978125 0
2 0.9320309999999999 0.472656 0.925781 0.47343799999999997 0.920312 0.47656200000000004 0.9054690000000001 0.49218799999999996 0.903125 0.496875 0.894531 0.50625 0.89375 0.510156 0.9054690000000001 0.510938 0.9242190000000001 0.503906 0.935937 0.503125 0.9367190000000001 0.486719 0.9382809999999999 0.482812 0.942187 0.478906 0.941406 0.47656200000000004 0.939063 0.474219 0.9320309999999999 0.472656
1 0.180469 0.19531199999999999 0.17421899999999998 0.204687 0.170313 0.21406200000000003 0.170313 0.217422 0.16953100000000002 0.220312 0.165625 0.234375 0.165625 0.246875 0.16953100000000002 0.264062 0.173437 0.274219 0.178906 0.282813 0.17968800000000001 0.286719 0.178125 0.2875 0.171875 0.28203100000000003 0.147656 0.272656 0.13125 0.274219 0.129688 0.275 0.128125 0.279687 0.134375 0.283594 0.14375 0.28593799999999997 0.155469 0.29218700000000003 0.1625 0.29375 0.171094 0.298438 0.176563 0.303125 0.182812 0.30468799999999996 0.18515600000000002 0.307031 0.19140600000000002 0.30781200000000003 0.192969 0.310937 0.19531199999999999 0.310937 0.196875 0.308594 0.201563 0.310156 0.209375 0.305469 0.211719 0.305469 0.213281 0.302344 0.209375 0.3 0.20625 0.29375 0.202344 0.278125 0.19921899999999998 0.255469 0.198437 0.226562 0.19531199999999999 0.20781299999999997 0.19531199999999999 0.20078100000000002 0.19375 0.192969 0.19140600000000002 0.188281 0.189062 0.1875 0.185938 0.189062 0.180469 0.19531199999999999
2 1 0.633594 0.9945309999999999 0.632031 0.967187 0.613281 0.954688 0.609375 0.95 0.609375 0.9476559999999999 0.610938 0.957031 0.624219 0.964844 0.629687 0.984375 0.649219 0.9929690000000001 0.653125 1 0.653125 1 0.633594
1 0.9289059999999999 0.796094 0.9320309999999999 0.810937 0.9382809999999999 0.821875 0.949219 0.8351559999999999 0.9507809999999999 0.8382809999999999 0.9507809999999999 0.845313 0.9554690000000001 0.847656 0.967187 0.847656 0.978125 0.8507809999999999 0.9867190000000001 0.85 0.988281 0.839063 0.9875 0.8304690000000001 0.9835940000000001 0.823438 0.9664059999999999 0.80625 0.957031 0.800781 0.9554690000000001 0.798438 0.941406 0.792969 0.9398440000000001 0.790625 0.935937 0.789062 0.9304690000000001 0.789062 0.9289059999999999 0.790625 0.9289059999999999 0.796094