2 0.9664059999999999 0.140625 0.9617190000000001 0.1375 0.954688 0.1375 0.935937 0.14375 0.9085940000000001 0.158594 0.884375 0.176563 0.878125 0.179688 0.871875 0.189062 0.873437 0.195312 0.873437 0.20625 0.8820309999999999 0.20703100000000002 0.892188 0.20546899999999998 0.901563 0.201563 0.916406 0.192188 0.923438 0.185938 0.9367189999999999 0.177344 0.9539060000000001 0.161719 0.965625 0.148438 0.967187 0.144531
2 0.280469 0.227344 0.278906 0.227344 0.278125 0.22968700000000003 0.255469 0.255469 0.239844 0.269531 0.235156 0.278906 0.235156 0.284375 0.23046899999999998 0.286719 0.23125 0.290625 0.234375 0.289062 0.235937 0.285156 0.23906299999999997 0.289062 0.23906299999999997 0.294531 0.23671899999999998 0.296875 0.232813 0.30625 0.233594 0.310156 0.235156 0.311719 0.244531 0.311719 0.24765600000000002 0.310156 0.25625 0.301563 0.261719 0.29375 0.28125 0.2375 0.282031 0.228906
1 0.42265600000000003 0.463281 0.419531 0.4625 0.417969 0.46406200000000003 0.408594 0.466406 0.378906 0.480469 0.364844 0.48515600000000003 0.345313 0.49375 0.342969 0.49375 0.325781 0.501563 0.317969 0.507812 0.305469 0.523438 0.302344 0.528906 0.3 0.544531 0.298438 0.546094 0.294531 0.546875 0.284375 0.554688 0.279687 0.55625 0.269531 0.564063 0.264062 0.564844 0.260937 0.560156 0.257812 0.551562 0.251563 0.546875 0.24531200000000003 0.544531 0.23671899999999998 0.546875 0.21640600000000002 0.570312 0.203906 0.591406 0.198437 0.602344 0.197656 0.607812 0.20078100000000002 0.610156 0.20781299999999997 0.610156 0.217969 0.607812 0.23671899999999998 0.607031 0.24765600000000002 0.604688 0.260156 0.603906 0.275 0.598437 0.278125 0.596094 0.279687 0.590625 0.277344 0.580469 0.271875 0.575781 0.271875 0.571094 0.309375 0.558594 0.31875 0.560156 0.330469 0.557813 0.35 0.549219 0.36875 0.530469 0.382031 0.510938 0.4 0.489844 0.42265600000000003 0.46796899999999997
2 0.05 0.539062 0.044531 0.539062 0.039844 0.54375 0.028905999999999998 0.560156 0.022656 0.574219 0.021875 0.5875 0.025 0.595313 0.028125 0.610156 0.03125 0.613281 0.035156 0.613281 0.036719 0.611719 0.038281 0.600781 0.042188 0.595313 0.046094 0.585938 0.050781 0.547656
1 0.8367190000000001 0.398438 0.833594 0.403906 0.8289060000000001 0.43125 0.8273439999999999 0.459375 0.824219 0.477344 0.824219 0.496094 0.8257809999999999 0.500781 0.833594 0.500781 0.834375 0.503125 0.8375 0.504687 0.839844 0.508594 0.849219 0.510938 0.8523440000000001 0.513281 0.857812 0.514062 0.859375 0.515625 0.867188 0.517969 0.884375 0.532031 0.8882809999999999 0.532813 0.890625 0.536719 0.9 0.545312 0.907813 0.55 0.9125 0.549219 0.9148440000000001 0.546875 0.9148440000000001 0.536719 0.909375 0.522656 0.9085940000000001 0.517188 0.903125 0.508594 0.896094 0.501563 0.8914060000000001 0.49921899999999997 0.878906 0.488281 0.873437 0.48515600000000003 0.86875 0.48515600000000003 0.848437 0.496875 0.8429689999999999 0.497656 0.839844 0.500781 0.833594 0.500781 0.835938 0.490625 0.8429689999999999 0.482812 0.8445310000000001 0.472656 0.8523440000000001 0.46093799999999996 0.854688 0.451562 0.854688 0.44218799999999997 0.851562 0.43125 0.8445310000000001 0.417969 0.842187 0.403906 0.839844 0.399219
1 0.492969 0.138281 0.48515600000000003 0.138281 0.455469 0.153906 0.43671899999999997 0.165625 0.407813 0.192188 0.404687 0.20078100000000002 0.400781 0.204687 0.397656 0.20078100000000002 0.398438 0.177344 0.396875 0.172656 0.391406 0.165625 0.385156 0.160156 0.36875 0.155469 0.347656 0.154688 0.342187 0.157812 0.342187 0.1625 0.371094 0.185156 0.384375 0.197656 0.388281 0.20546899999999998 0.388281 0.22109399999999998 0.392969 0.225781 0.402344 0.21484399999999998 0.404687 0.21484399999999998 0.4125 0.210156 0.420312 0.202344 0.423438 0.196875 0.4375 0.183594 0.482031 0.150781 0.49218799999999996 0.140625
2 0.723437 0.544531 0.720313 0.542969 0.707812 0.55 0.682813 0.574219 0.649219 0.601562 0.640625 0.605469 0.633594 0.611719 0.639062 0.613281 0.650781 0.613281 0.653906 0.614844 0.658594 0.614844 0.667969 0.609375 0.700781 0.578125 0.709375 0.564844 0.71875 0.555469
1 0.179688 0.554688 0.175 0.550781 0.171094 0.550781 0.169531 0.552344 0.169531 0.560937 0.165625 0.571875 0.158594 0.567187 0.151562 0.567187 0.145313 0.56875 0.125781 0.579688 0.113281 0.592187 0.1125 0.596094 0.115625 0.598437 0.12265600000000002 0.6 0.140625 0.6 0.148438 0.597656 0.157812 0.597656 0.174219 0.579688 0.180469 0.564844
1 0.549219 0.8101559999999999 0.53125 0.817969 0.520312 0.8273439999999999 0.514062 0.8304690000000001 0.503906 0.839063 0.484375 0.8523440000000001 0.47343799999999997 0.863281 0.4625 0.871094 0.45 0.873437 0.44843700000000003 0.878125 0.446875 0.896094 0.439063 0.9195309999999999 0.439063 0.9304690000000001 0.441406 0.934375 0.447656 0.934375 0.455469 0.929688 0.47343799999999997 0.90625 0.475781 0.9 0.475781 0.890625 0.471094 0.88125 0.474219 0.878125 0.482031 0.875 0.500781 0.863281 0.511719 0.8523440000000001 0.540625 0.8289060000000001 0.546875 0.822656 0.546875 0.8117189999999999
0 0.1625 0.86875 0.161719 0.873437 0.170313 0.8914060000000001 0.173437 0.904687 0.182031 0.920312 0.184375 0.927344 0.188281 0.932031 0.189062 0.9351559999999999 0.186719 0.941406 0.186719 0.9507809999999999 0.192969 0.974219 0.204687 1 0.265625 1 0.265625 0.998437 0.271875 0.9929690000000001 0.276562 0.9929690000000001 0.280469 0.996094 0.285938 0.9976559999999999 0.286719 1 0.310156 1 0.308594 0.995313 0.302344 0.989062 0.286719 0.9773440000000001 0.279687 0.975 0.269531 0.974219 0.266406 0.9710940000000001 0.278906 0.9523439999999999 0.28125 0.945312 0.28125 0.9351559999999999 0.277344 0.921875 0.272656 0.9125 0.2625 0.901563 0.242969 0.886719 0.234375 0.8820309999999999 0.228906 0.88125 0.22109399999999998 0.876563 0.211719 0.876563 0.185156 0.8726559999999999 0.16875 0.8679690000000001
0 0.565625 0.645312 0.565625 0.650781 0.571875 0.65625 0.586719 0.660156 0.605469 0.661719 0.620313 0.664844 0.629687 0.670312 0.638281 0.678125 0.645312 0.68125 0.646875 0.684375 0.653906 0.683594 0.661719 0.678125 0.700781 0.673438 0.717187 0.674219 0.723437 0.676562 0.730469 0.684375 0.738281 0.689063 0.751563 0.692187 0.776563 0.695312 0.8148440000000001 0.696094 0.832031 0.69375 0.8375 0.691406 0.8726559999999999 0.683594 0.8992190000000001 0.675 0.9226560000000001 0.671094 0.9367189999999999 0.666406 0.9367189999999999 0.661719 0.90625 0.652344 0.880469 0.639844 0.85625 0.632812 0.835938 0.628906 0.8039059999999999 0.629687 0.767969 0.635938 0.747656 0.644531 0.740625 0.633594 0.736719 0.621875 0.732812 0.61875 0.727344 0.63125 0.725781 0.65 0.724219 0.654687 0.7125 0.664062 0.688281 0.665625 0.685156 0.667188 0.660937 0.664844 0.657031 0.663281 0.653125 0.658594 0.652344 0.650781 0.657031 0.632031 0.657031 0.617969 0.654687 0.613281 0.647656 0.611719 0.636719 0.6125 0.607031 0.625 0.591406 0.628906 0.580469 0.633594 0.567187 0.642188
0 0.185938 0.61875 0.18125 0.619531 0.161719 0.6375 0.157812 0.639062 0.142187 0.650781 0.124219 0.669531 0.105469 0.697656 0.1 0.7125 0.089844 0.732812 0.085156 0.755469 0.086719 0.767188 0.085156 0.76875 0.067969 0.769531 0.061719 0.774219 0.059375 0.778125 0.059375 0.789062 0.066406 0.802344 0.067969 0.8101559999999999 0.070312 0.814063 0.075 0.834375 0.078125 0.84375 0.079687 0.845313 0.079687 0.8507809999999999 0.084375 0.8507809999999999 0.085938 0.8460940000000001 0.092188 0.8414059999999999 0.095312 0.832031 0.099219 0.828125 0.103125 0.820312 0.108594 0.814063 0.11171899999999998 0.8054690000000001 0.11953100000000001 0.792188 0.120313 0.7875 0.123438 0.785156 0.127344 0.785156 0.136719 0.780469 0.146875 0.771094 0.158594 0.753125 0.16875 0.733594 0.18125 0.702344 0.185938 0.685156 0.185938 0.639062 0.1875 0.633594 0.1875 0.622656
1 0.8914060000000001 0.860938 0.892188 0.865625 0.8992190000000001 0.8726559999999999 0.910156 0.8773440000000001 0.927344 0.88125 0.9523439999999999 0.8835940000000001 0.975 0.8882809999999999 0.989062 0.889062 0.996875 0.892188 1 0.892188 1 0.8773440000000001 0.9867190000000001 0.870313 0.967187 0.8625 0.935937 0.853125 0.935937 0.848437 0.942969 0.839844 0.9554690000000001 0.820312 0.957812 0.8148440000000001 0.95625 0.8125 0.951562 0.8132810000000001 0.9445309999999999 0.817969 0.934375 0.826562 0.917969 0.84375 0.910156 0.849219 0.8976559999999999 0.853125
1 0.35 0.692187 0.350781 0.696875 0.365625 0.710938 0.391406 0.719531 0.424219 0.71875 0.432031 0.714063 0.433594 0.710156 0.432031 0.707031 0.42265600000000003 0.709375 0.408594 0.704688 0.40546899999999997 0.704688 0.402344 0.702344 0.400781 0.696875 0.385937 0.689063 0.373437 0.686719 0.363281 0.686719 0.353906 0.688281
1 0.8460940000000001 0.764062 0.842187 0.764062 0.8375 0.769531 0.835938 0.775 0.828125 0.7875 0.824219 0.799219 0.821875 0.802344 0.8210940000000001 0.807813 0.814063 0.822656 0.810937 0.833594 0.8117189999999999 0.847656 0.814063 0.8507809999999999 0.822656 0.848437 0.829688 0.839063 0.838281 0.834375 0.8414059999999999 0.834375 0.853906 0.828125 0.863281 0.826562 0.8664059999999999 0.823438 0.8664059999999999 0.821875 0.8617190000000001 0.8210940000000001 0.853906 0.821875 0.8507809999999999 0.81875 0.857812 0.803125 0.8585939999999999 0.786719 0.853906 0.775 0.85 0.767969